-14.426571989097386
-12.534058370209044
-28.08211720749292
-9.730478408669997
-13.754758321422333
-37.51130540973958
-49.26679180052918
-20.50947639405846
-19.29611225092985
-11.93731750759834
-35.90020610533266
-28.37285383480036
-16.53257296521202
-41.8812663768721
-26.021827615987657
-7.749244804076818
-9.631958329384052
-30.05814961187894
-41.64842097857146
-41.71898716020267
-2.9850956952186447
-6.493494362693546
-20.53775105937854
-9.084742739335349
-23.51403878058061
-20.401779792366767
-8.1522577013637
-31.06929979150402
-35.391462983168246
-4.582967930802135
-37.106401446445666
-20.904851477745808
-29.858329123627495
-28.360675569088905
-3.557829875157743
-5.579972471634368
-10.644121642256815
-78.26113127731368
-1.4596357892722687
-23.482914719958533
-23.940314992693217
-39.200416361676155
-11.311355985804482
-44.805472555782146
-11.662096606572831
-17.578801708291834
-8.473843901412161
-17.54358679293321
-7.428525929642688
-7.435188235178918
-17.47929677507219
-15.648881841159824
-7.61735880303758
-18.66959403982178
-28.16260546361097
-4.615104438314262
-10.897691097329936
-9.11839476402054
-3.256769579607296
-38.49854925183218
