-24.116940572634515
-38.088789191752646
-27.05979905516971
-43.39691899643626
-11.20256162947285
-17.450438721618855
-32.25004899075693
-24.770503068601084
-12.15665161974705
-22.214653458221914
-7.518791881873629
-15.634653914454809
-20.37958674336238
-71.43856807463091
-10.369066052735771
-25.82492852748907
-3.6397999113764437
-12.065067239749656
-14.3229642529561
-37.86089180691989
-28.602372529680352
-68.9314734913978
3.092216499047272
-35.22945324120382
-20.98514174865622
-7.441959190920331
-35.74918484316807
-5.496650812044111
-74.15371994029324
-14.081406914036073
-7.511247837259177
-12.943580893327532
-12.616163069720175
-28.83941336978768
-10.546830142967323
-27.157068573425597
-39.54659880323589
-41.73187930068474
-19.23376703833312
-6.407326322151837
-6.790582698540764
-32.17722045398829
-13.04436498879746
-126.24773158506024
-22.342878230566182
-19.11624295862579
-14.576649884727264
-60.943353817663606
-12.26438852791374
-17.700637066954393
-81.67343640185211
-53.75227052296998
-9.730856822393111
-14.493896507458784
-51.92564251327468
-6.488731160593424
-32.00892815356454
-86.74686535704133
-25.70280040882474
-55.53380138819149
-20.330493613629283
-6.73712335629265
-31.898150601486726
-17.169731906911974
-6.212061183066412
-9.92455834757584
-132.00611670603598
-9.179646710480283
-60.329694540263745
-8.270363739959299
-5.279841200795025
-147.8376280917352
-3.441781905641396
-5.072073691701283
-15.213436003733827
-24.39767958750052
-58.22230165816848
-22.96948537364521
-75.13998425255892
-27.55800624821057
-22.335184951374742
-33.16203568633331
-22.648587283513436
-31.322523830000893
-10.588723726489798
-5.1102896862497
-38.71800668378194
-5.011149233501245
-50.80035318345006
-40.663842326818155
-21.056358213689588
-41.74563300895953
-50.03098536734477
-37.965661714996976
-22.491608500693197
-1.5258456956766628
-18.16371182521748
-35.17842969171678
-4.960088611503388
-28.804874316883364
-21.488248183429665
-45.35325298812728
-10.509606597980332
-16.04604117736475
-30.802315544873526
-25.565024324381742
-16.911148338609678
-2.603880141720555
-23.601328322591876
-8.249149995017216
-3.9825056016477145
-19.646284180787752
-60.228765283261694
-59.1705583841385
-22.42864732639879
-40.91304045978788
-41.8648105793716
-5.296221623214412
-42.32003237621934
-6.230999143290695
-15.564564808787036
-6.86808169120554
-25.855934467584625
-57.68222171060715
-12.663726966806827
-3.3267742352184957
-11.807100145169613
-15.666238550381394
-12.248136137411343
-4.405711237758767
-7.977177860305165
-14.820978230719154
-8.084471059279812
-36.79399422492936
-4.6534396550927175
-14.427491240167184
-71.38647295438466
-22.068407029513306
-21.995945362190465
-8.255573656260948
-5.572605633342773
-21.633317140139823
-5.962706328710173
-17.864573498237533
-25.485418257515253
-22.022802488554873
-19.923162428693487
-24.616979925914972
-9.488149643279955
-8.501882839920283
-12.438172892486422
-20.19997895563931
-24.08018893922117
-35.91863248962383
-31.506546684283883
-22.212983182082606
-13.249439771090278
-9.318075708668472
-100.10593135375962
-5.906574893821658
-5.544589652490434
-18.069623305566704
-28.42851852573878
-17.607138733600593
-5.331996059867118
-12.511357795136416
-47.28504052353045
-60.98704573928185
-36.80079622994659
-6.24252146160096
-3.8461389676592033
-24.49465040530745
-15.314133798262356
-6.167889930881888
-13.233254207526798
-6.963131615831533
-5.958783352618014
-17.122572013908236
-20.00708097083222
-43.596073113813276
-6.872769354461851
-76.0714558286093
-10.519943619026963
-33.33822232495168
-4.133145450995189
-18.66758451144186
-39.61608782242968
-5.913529143444043
-7.220177416205871
-20.748213864167827
-42.55625863701135
-13.9192312765309
-22.69842218477942
-6.70490141597594
-39.51696709786748
-2.236332298426336
-2.119720533864252
-12.819850214599482
-16.645561757408583
-99.4428611456996
-21.83445894606149
-81.34258504137726
-5.605935216085992
-80.24888730202196
-4.01995240072155
-12.402692155139905
-13.169510596810511
-3.1808477370538686
-20.391787591752724
-47.549485394481906
-95.74209078486804
-29.680902430494534
-20.84161697387743
-4.6556321091615365
-20.52597916801893
-9.157123973173025
-5.869245409400555
-8.493453954411905
-33.64694434456565
-13.445979341679477
-15.467779121790363
-2.647164412497507
-33.91354942443726
-4.863368507503292
-6.922676813779281
-12.265069020142
-11.146266710396004
-25.543764405766293
-49.44776186440002
-21.440932782126694
-68.57704779857393
-21.76710523489417
-56.16532317531084
-24.58558715266067
-28.86027101564797
-6.052015776042356
-24.5771788059076
-17.81574607249021
-75.40342641967814
-12.838682147051145
-25.757033640905313
-58.379347414470644
-6.816823476620232
-14.125255352662476
-61.39295432186743
-37.320426142627234
-4.94252194352479
-42.188988841621295
-26.496216364973524
-13.987498065892085
-11.80260781572833
-11.191453595300676
-39.08478256774804
-33.70550557876382
-27.00520331530474
-8.696973391686669
-46.76280856407589
-8.132772939672153
-164.88636611088668
-16.981611830818203
-11.936204244289211
-39.47567450966445
-1.97381488709288
-49.07547210810397
-21.66908806822235
-18.798564815107238
-5.9679722199774865
-5.972536290975522
-29.4359193934638
-4.011904883731228
-8.270944074523314
-7.142284032240801
-19.376428954633585
-34.52666661348966
-22.407242241278603
-5.655556468933649
-0.6025935849393862
-13.079041566766772
-94.41643425509243
-113.87224184573418
-69.1743302622449
-3.791999106865791
-9.099460091853622
-6.306206662944528
-11.700987101125301
-13.066151274797583
1.2564576320349765
-10.325530161951747
-7.2587914695297036
