-26.330985049406227
-158.6820957490317
-9.170051483764581
-25.583418342834978
-18.328996438448527
-72.09682012873142
-51.43973873842621
-23.66707012173466
-51.22908993620138
-17.58376515835814
-52.414607782983495
-21.76680649371976
-13.729339804797721
-38.90976269842386
-23.359859573455584
-63.349497687169155
-16.274863878428135
-78.68072764933386
-7.915017275378578
-26.10836626616471
-65.47310437654592
-23.105572298629717
-28.93983569201043
-65.68427281789931
-10.641633318245685
-31.91886176123597
-62.09729667084558
-54.93829850426923
-33.95914487811457
-32.879351175820176
-81.4631819978937
-18.142335981196524
-16.49904008004037
-34.75077231908148
-66.8131209312201
-42.631787354735586
-24.12556630510142
-4.0486447922768525
-9.126469937311837
-15.884142897191406
-18.432413880602773
-35.71664950629749
-58.69391647476811
-34.47246168688494
-10.073710622617705
-18.908977052936837
-67.02169416039109
-18.15577305069354
-11.563916765097348
-54.907203314016314
-33.64121218983383
-74.15500580922517
-120.90344676330649
-39.46452689212353
-42.65333610059103
-40.62006667943372
-43.54618842598692
-20.79084040507922
-50.074213884732366
-32.36993405075907
-41.91420692021652
-32.317615026220636
-35.40227171847701
-52.72359705942941
-28.857220007717366
-52.646926112704215
-95.97698234252603
-16.245698134265055
-47.83372251776514
-19.234551746911805
-32.61945175048043
-28.55544033986597
-37.898637946302806
-37.285947824518274
-35.29974729786764
-37.71755825522787
-11.76438169161368
-29.93910330470483
-43.4056938729822
-6.349204198712143
-59.75070274781476
-8.708880200396178
-13.793453829770064
-9.281652992584348
-36.738662705187735
-63.8549255964095
-15.951490772392452
-66.2766304491997
-32.71039970497908
-49.27877650686257
-45.43742504205777
-28.179319267468337
-32.198709039098304
-28.96717944548909
-7.851058541308041
-21.609755325490028
-10.260948390427357
-15.87224651545129
-35.71621384548146
-29.3113961073507
-49.748999811835816
-51.920416422616846
-28.532757241543848
-74.69309594312902
-7.186918177134659
-19.67743797481993
-57.18660077815547
-38.491221221951
-24.103263517708967
-89.53810699045779
-21.195206568723485
-14.604488043482405
-15.133746899430278
-67.12085614918927
-55.53974401110597
-174.15968445586952
-95.46635440713199
-56.33752216331489
-40.918673576252615
-26.216515903474555
-22.74346391981472
-24.34559964185485
-10.256614727269834
-25.541494377521857
-18.40633980984486
-41.23347781520793
-42.31571086955007
-25.193772215451236
-25.488389758023757
-22.654101540905756
-53.088265064207036
-27.39509142809987
-28.1943411140669
-50.378462368134514
-37.169011788428996
-21.08225858058171
-28.284375138993056
-26.325658983295654
-56.350134890550535
-61.1540386673194
-68.70415581405085
-33.41306242916219
-36.42835848282644
-23.56090967122977
-36.66492221236011
-25.235123976573696
-29.097925216794717
-16.36040873093751
-22.090900044181094
-23.590625215650743
-20.474172356834963
-60.512592105992994
-6.950892221103646
-45.9271782473743
-32.51159051645986
-45.25659211925878
-41.5980709531821
-33.5491417276576
-33.35411658195105
-9.137403382662338
-12.312028568244163
-60.23256406870907
-43.82295642384729
-32.639712330844006
-6.770110536212412
-23.8926734392104
-15.253723310769166
-20.750628692573155
-42.570517131028296
-24.555799157812928
-17.98040228254989
-44.923717512482696
-21.457703907663618
-28.509121489588885
-93.37836852915349
-18.23587723455393
-23.418393553208055
-31.555622752131516
-28.98181656950977
-28.848247804728185
-36.496220832018885
-74.36598020203706
-9.4219589150449
-35.928065727450225
-61.9470934906216
-17.076133782463316
-21.96942412009425
-75.88085728985476
-72.66856679211448
-39.68028124535949
-12.206634138184683
-20.28296352513458
-14.90933782997684
-19.763908640270635
-35.8874591254201
-60.95561562547054
-17.85319004029925
-31.616733277176394
-11.34484311199752
-14.848489356546835
-29.105090854524175
-8.872595622503491
-16.68460461491347
-18.886276348583735
-22.893962417954196
-28.930772170569576
-8.954438923088984
-70.5523474921594
-25.72892586826215
-21.98073266550262
-35.81716666712114
-10.470646652482216
-24.29616172834783
-30.80246988259289
-12.894512549914943
-20.456837976197146
-24.226868710365117
-86.47771823422454
-85.31779216727061
-56.31758484122692
-8.60659604857999
-33.534637483660674
-26.213307962158332
-23.301558036295635
-41.38551319626683
-24.188416166609898
-7.207611579258057
-14.456017244369749
-61.414449071794394
-15.23713816894772
-12.517162973314438
-22.24513401612501
-44.56608928202669
-64.49155155382796
-11.294244155684865
-100.32910818274863
-10.03893660366617
-92.53846308807597
-40.81584411690274
-16.076761625462254
-70.8668104699261
-39.38718948339258
-111.63183813497281
-16.71549171833189
-14.411550504218527
-14.680841729642152
-16.991898698482927
-15.387642603107084
-6.0137163775245615
-24.894104906635086
-58.9646382119783
-19.18391272723424
-25.627848297326192
-9.301348648855761
-101.66920086155588
