-20.67064528021116
-58.279078499442456
-28.485979344165187
-13.860789933156463
-16.690702633124207
-64.00132306238322
-15.510531532461645
-17.703154330146138
-12.357065271345801
-4.652569079025569
-12.10873831598559
-6.370460138283216
-8.983469299311633
-14.586227663528343
-13.446795621651207
-9.107041844078756
-5.563274158911779
-39.64670361716942
-28.515356629919182
-11.626167353623371
-21.546178557541893
-31.613564578362197
-14.297683669552363
-52.19852643011705
-21.230575921109267
-6.545868076901765
-2.459317445202032
-15.385061605152723
-15.856188677592225
-36.16125847137844
-17.764704708642096
-31.129892430184288
-26.60620527869659
-6.585902836958795
-7.406161096560205
-32.776023960921364
-32.26166480827374
-17.291852766303194
-36.370420972855186
-4.210065047795982
-4.233934892033299
-52.748042263986044
-58.0600361748157
-4.6894784793914965
-16.522036945406686
-18.349707887774922
-62.59108200797731
-24.89505894832595
-10.396390053520117
-6.8282525025266505
-34.21427801530995
-15.847374592252665
-70.43490177898607
-50.172659411637056
-15.199142125829955
-5.487417076719486
-80.19695188515878
-8.54529880591728
-13.210777590542378
-4.876737759316127
-7.763952768980335
-14.677819379786452
-9.45752212166793
-54.78062130192264
-30.65170892058247
-2.5405090340125045
-20.861157354706588
-11.8860182233745
-12.348574499218154
-13.082717734029046
-32.170393634451635
-48.05453810245742
-29.02781022234583
-24.462766564498942
-34.41509325590383
-28.716338983476735
-19.827477870101337
-43.60409334554192
-34.432283953889396
-29.19206630351669
-31.552513841599197
-6.152065313023859
