-9.205425901529033
-11.278588304940229
-17.946298402150347
-15.079270791235903
-5.950512341933081
-23.506723013643573
-93.96174443552677
-117.4247331827192
-4.439462463420036
-7.867984644751623
-29.002641692167366
-25.92197314573019
-16.158940250407003
-6.231770339840096
-5.798402876509722
-6.808252387107614
-18.84347056110665
-18.811188675015288
-29.20167945058796
-78.92356612453634
-30.49485903871845
-17.009049507149218
-19.335034827761866
-8.73565957580141
-4.883674180281377
-16.40581683364106
-5.845958068542313
-27.46443128133994
-27.90955821726742
-17.703271336847223
-7.343708265637089
-57.06100628655089
-6.353118021221371
-10.946284709129491
-10.142035515555884
-18.838050478786222
-10.241815333425278
-11.286798832025509
-13.410166833847272
-12.978888189267627
-8.536412061597982
-8.585748479514177
-44.229670652418505
-5.1292301340683375
-6.927963860854837
-5.18155730279784
-1.8623043707872282
-22.113348506101214
-11.538871605328161
-66.99671805186243
-13.94000260025225
-38.37037888077692
-21.494895739220876
-11.098015526901872
-26.10053004353505
-13.97386592088554
-8.63067238591248
-13.023544514694848
-6.414331933206004
-65.8014097765545
-46.265596623813046
-5.535897535078441
-19.709589003507542
-25.127802799852798
-4.695288605151434
-22.259112442902435
-33.481382091314146
-39.83478165097832
-18.19887067718733
-32.78449843186729
-37.689484771042096
-11.236833518778715
-16.719302067724147
-67.0914854166742
-19.42497727666856
-6.482835188101855
-21.063239387778076
-92.63789221330008
-61.91086184781727
-54.26834803134762
-31.824632991150306
-15.98117876541667
-22.20260655850519
-5.885157228063601
-15.229017404435986
-11.210422488574237
-17.417301874192738
-5.984394195015611
-23.71351196983266
-13.331638626047248
-13.700610301122568
9.329109347579575
-8.194584534422031
-9.928618023503219
-17.15592038613665
-24.84290761809586
-59.75070274781476
-20.139553569089824
-40.06404108012107
-42.225263762688535
-16.504835563426496
-4.954427197871175
-35.63660602304187
-5.420419263776358
-12.928389338085912
-27.49920242615236
-72.61591132322482
-37.86799396306815
-27.10806380528294
-3.09729780304121
-13.562296237565448
-16.89951420359835
-19.300907819956464
-6.061589439279532
-16.779989236937233
-20.123974633717285
-11.957765356718637
-27.155183718869505
-24.48164079526568
-11.323830797407664
-17.12941741003171
-52.42455809549906
-103.89047025079861
-13.5523379135598
-25.916950238395547
-14.090537744647973
-30.520017687128952
-20.243450443242935
-11.478873713082349
-15.335208835166544
-17.044910792757577
-29.67654646180523
-33.219668532461
-19.420734474211333
-17.578517944607768
-53.847611509571685
-21.489787501496174
-3.9034291506190733
-17.90542113157895
-10.934444281590666
-35.1750488822544
-37.64390192344631
-16.64931783611512
-58.50752806889474
-25.876531002124082
-26.946439317766206
-4.1531287398908425
-8.370234827040461
-15.717076537334513
-52.724543059690745
0.4793415541282124
-2.879642109945854
-13.216865081621252
-29.866474360903787
-24.466359966057116
-8.940533271201861
-21.735066388335657
-27.088513596634552
-33.12274854377325
-4.238215276569775
-24.16542891028317
-11.784751426080623
-7.07594497858489
-14.865097837305125
-10.539008952691779
-12.36947407126224
-12.60938059355371
-17.44155059580794
-17.23387417009619
-25.468328346802526
-24.915003408788145
-28.612143733136975
-13.818627650285906
-8.117907507736314
-22.606681027352032
-12.741861523693473
-60.80157420284677
-19.821148271407907
-6.897879041467748
-65.46948805977529
-23.0952344917958
-19.346152367115213
-14.064576249736472
-61.684635950925035
-30.137438321996118
-47.351012702033614
-19.360363665564577
-10.976654946422062
-48.79166737829754
-32.263918942174456
-23.92835653208413
-41.132337829103854
-20.073121907237432
-28.967073988815535
-63.712964627424284
-32.49073571097768
-6.47295551921589
-25.552403150150035
-52.291318252877204
-11.161639192580685
-33.62362710693609
-17.512862710250367
-221.58505031144455
-42.68035837265923
-14.93124008815356
-34.698388046519824
-9.414057870751213
-8.074685814643072
-4.151770129214995
-28.918446207301947
-23.63114630895218
-31.09884555162374
-7.600089552919508
-23.285236514962328
-13.716664581314362
-13.861613769951035
-5.6296259794400525
-29.661933218718552
-27.821495487696197
-27.36926796221778
-30.70058095282606
-6.7916449107307555
-7.239267158249253
-9.393481159100805
-41.751018822261756
-25.16537377409511
-17.34401569350136
-8.95874756075062
-55.40818781899452
-23.477085958165848
-10.601339084485183
-66.87489288257842
-7.279104254339879
-9.485301489478593
-6.826564616371368
-11.011113680176402
-7.653002558890286
-25.31231359943094
-15.620402065570794
-9.482026766477203
-36.63051343798648
-10.356064175829692
-18.518946785247717
-20.57861837449029
-19.42320612429866
-32.35034306862937
-6.656008378004308
-14.39368832816618
-32.05565197639045
-14.467728935378496
-5.251374847637336
-53.17005636542984
-27.047053748661856
-31.127950542904053
-10.249290170874964
-17.111363903422106
-27.40317384918407
-6.605501007779293
-19.374778827690132
-48.317412156741895
-1.1118687643652947
-3.258064248847568
-26.99402299524133
-29.470527753708506
-45.5950298401018
-13.887283471689837
-4.853871973328473
-5.537065019244858
-5.223829368525486
-9.32689401324659
-42.11813302554245
-5.504614002597445
-14.204912723785823
-11.34085655120477
-28.8623603770971
-36.747895301710045
-37.109737659906756
-38.78272391087299
-24.777823233718085
-34.80811101196431
-23.3553533929924
-19.717060456662878
-10.10881534584048
-0.5613839271755932
-68.68598239320924
-18.123237112661243
-18.70782575159234
-14.09653138676753
-119.53465777395157
-5.70907597901006
-55.56503662351566
-14.738110847559529
-41.56666671584807
-21.209849241889486
-10.042064390965447
-31.692820764499718
-16.163434384102082
-95.58870499954837
-27.07782968760672
-39.33708372262396
-7.0710838124295
-8.19718934325238
-48.83168398439071
-20.012558063300034
-7.222528583219655
-21.147327244521858
-31.119009821611602
-23.357567572443394
-36.0914057868967
-7.083387556634458
-11.342002340927914
-14.018014338900006
-22.438733105969057
-282.6911467878983
-16.337626985063395
-6.889375800185736
-30.533386067171747
-23.02810139257887
-60.01215251128859
-80.53702770241517
-8.305127703556463
-13.525413297638481
-38.48141041005683
-8.092282615563905
-37.37243613125431
-9.199531334500513
-41.441469724978596
-17.74492681295849
-16.269592886475227
-12.04760300498234
-44.651209481912296
-8.191629429223138
-17.230179977827373
-12.440457620580736
-10.11166265716128
-32.18373709190928
-6.420921630146078
-23.874238141407922
-9.107249666099031
-29.12861099375196
