-14.166441452779331
-4.970338097653142
-15.013435220292727
-123.54852300359994
-6.421404812416094
-5.373486840172869
-5.1606514797632
-29.968839836218727
-5.972725074416289
-11.813639510305189
-8.92832477372998
-13.228330123256594
-34.01370908007543
-7.328925936171098
-8.036760970738962
-13.588811759301162
-22.36336236191755
-6.55461435481602
-69.3465379003417
-26.81940353754688
-26.908753634870383
-7.479863712827155
-9.272593442994502
-39.079642721514475
-6.772901004801553
-30.634918704082736
-18.408158706537684
-9.55144202228606
-6.687412755891395
-31.871720875389542
-12.223295720459413
-9.485877032916713
-7.650856265672336
-30.51668572009366
-5.242105432211532
-34.29756059621352
-7.753463469985057
-4.266670959504536
-5.032318296571414
-14.845500187554979
-28.866665507548777
-8.001705180763274
-98.33664314857816
-7.276890975912927
-9.173033854499016
-4.944222305448728
-17.56618278251895
-32.9751599657497
-22.26557334944551
-37.679236544074485
-15.533058859671437
-35.13011577998101
-14.720416333500518
-42.96382223021165
-26.725871194913527
-7.025760617973016
-1.8849171509389901
-2.2527115512541576
-10.870300137651057
-7.302849159180079
-13.781913045730832
-19.774482346911952
-22.376410184309588
-34.28393512039239
-8.377367796477184
-6.223263339544326
-70.98041023930128
-9.685139101397594
-24.302363992539465
-21.944033989879376
-14.249010865388062
-39.40844070315199
-30.80313406116419
-7.732270824480006
-19.420734474211333
-19.108915751981957
-46.47082344759473
-11.884141027711703
-1.4362337849785591
-20.676963283437143
-2.32292091230543
-10.663249544940399
-23.240556461728197
-4.145703010447417
-2.5379784802378005
-13.306181310995266
-5.156787419521368
-28.018438099019416
-38.10557067616376
-8.098641936992939
-15.916740449712515
-33.37560332724433
-3.99921144311223
-12.491117318294153
-29.45494508741755
-25.092468655041557
-5.84583245501245
-22.41585275600372
-13.768858711193529
-6.359644112742024
-9.030378168494412
-3.0081618388287463
-6.164407843320474
-12.431461713364545
-15.57615571000014
-7.615825540118174
-5.097465055019068
-6.154971524435065
-19.593227370356466
-10.180037673100552
-28.22373629755903
-71.78072922549242
-29.08580722809953
-46.532748805608286
-59.52487217950412
-15.558354404492214
-29.754665372866942
-7.916221140984517
-17.838162554295792
-23.623978859492585
-35.58648673302746
-3.1683947989679395
-1.9559823834291472
-21.972642672908577
-14.514925920560694
-9.101856855417328
-39.44914181755615
-16.535568153138467
-52.583927945733016
-121.04814764316555
-7.323955428347886
-4.369292971140284
-3.383392222321146
-12.290025556048246
-5.2386870702845245
-35.31333029702185
-47.50007374776369
-5.163501016819761
-14.85228036629065
-46.289080975990146
-33.66721503300332
-5.2262666408918985
-6.9079280858140155
-69.43127592717978
-20.47827673302581
-20.685984645371235
-27.627015138661182
-36.954223562557736
-20.526851609164723
-4.690371731327918
-6.211130266882867
-9.581672233816738
-82.66992654597341
-2.4106258452403573
-10.245801647469646
-81.72189489952558
-12.77103786625749
-10.018455102011552
-23.153538144853346
-43.58558956343711
-3.460074346758588
-20.103831471588826
-5.1593688236442325
-16.22613332616127
-11.317074489882122
-13.86044600129041
-21.816675111930838
-21.003820305472388
-69.86403569808697
-51.98453325090202
-11.081047186539182
-15.08779258762625
-14.73455544901332
-20.726100568613422
-1.8770225729697974
-16.78368236929598
-3.3448769862531837
-5.1415859712325025
-20.675820434187422
-4.723751302493334
-28.03754789143686
-36.53325405685247
-25.033086917688152
-7.66603426710492
-13.492984796795053
-8.322193655621069
-17.483670344857043
-27.539319418305517
-11.554223553408105
-5.032800713044907
-12.868701555852693
-4.489426463945892
-20.676469466185523
-39.02941835623349
-68.53718283101416
-4.6997048218077495
-16.86909949796047
-25.332042663640635
-6.460364665774878
-23.146536888886104
-11.90384570235161
-27.99089494722594
-33.29258064558165
-14.718574489091134
-39.15701753488415
