-9.558656760306166
-31.20553204001283
-61.49855650163907
-31.098789230513837
-42.475239366486505
-122.99624296356997
-7.926916223245038
-98.70461290631529
-26.504858692056015
-13.971843436770136
-15.986442268792326
-41.48024828037455
-14.474989621102997
-10.922368149042818
-86.41471438142398
-14.7803210247421
-12.95411618513761
-26.486595941457768
-21.74980339693538
-15.89068070595758
-31.806463521493473
-44.255698153117685
-81.42228220188116
-15.873916021054944
-57.66557267674392
-12.961825922964133
-21.522824598495674
-25.548837071465428
-24.414122602597878
-13.802537326816488
-16.423519240211153
-15.648598158342173
-34.378187233586786
-11.012727320722506
-46.39947282040609
-33.566905472209946
-36.38691076884209
-12.13441491365527
-118.52695313665156
-13.119835594817728
-18.283212102048008
-41.91171703039637
-4.740807486259509
-30.265738537303168
-31.229142283236186
-24.496490332082274
-13.518721087502346
-23.853042684412664
-16.99820741235118
-12.141089728790147
-22.848611816235
-31.694597002658792
-48.28132224345823
-15.729908626863207
-13.235807342818996
-40.65433748165893
-11.490397361918234
-12.212728109377194
-18.652525564755404
-73.68519590018681
-67.09901903543513
-69.97445101461912
-46.26699364981148
-39.880494900346285
-24.382799568160543
-47.109940913885495
-65.00150764487495
-37.78728035858679
-25.89901300511669
-7.926732087571297
-51.968029427558974
-11.001450024407845
-20.744912340057116
-13.20527252060714
-11.30679251273816
-12.13705853103625
-11.471040142279268
-6.232066597929848
-33.01438070598833
-61.59758025354868
-18.624495374676272
-22.217478634968163
-21.71178342185598
-10.809021942820511
-8.32429909486977
-12.866348485739461
-24.943777928433363
-50.60331136983667
-26.780296735522683
-7.6595850697408165
-122.62911852438829
-82.01255894710764
-33.05472171402806
-27.734123770271133
-30.43478783667146
-9.699957854029243
-18.921039238894476
-21.58827457390738
-18.957404067890753
-21.01833793329948
-52.89284336240732
-9.819616614902602
-12.613830252860929
-16.85085721142506
-57.379031589908585
-13.764043389254274
-60.52953658683915
-41.87819793681543
-15.265722262587035
-36.72567116227013
-40.025935742974525
-23.785088400371144
-11.32900393971362
-18.219497771225395
-8.776715816291327
-28.544004852502074
-10.861304156955203
-7.931221232578683
-7.695628930962072
-26.43431581153515
-29.316703300604342
-45.39250431098
-40.2337001089834
-23.540552498336613
-29.527156702224925
-65.22857393007159
-28.569068163163468
-31.62252904009429
-15.467355878747375
-31.8613897903034
-12.593337471898645
-36.766407798466005
-30.783051287153285
-51.96447174841076
-16.981469412776686
-36.45907597317284
-59.10335232808044
-16.43605820335473
-68.01944949506577
-19.643305941057307
-9.664236866570649
-47.18632647934591
-70.13466048538204
-41.14849423596325
-9.651327610252265
-35.0364823793441
-12.858187352008887
-54.638510335837196
-4.561017275244226
-29.19583294640686
-12.045100784797539
-9.99438136281912
-70.36355611269015
-37.02361563932504
-188.96933812212643
-25.85410159849655
-26.9864535709614
-52.97439634203437
-103.34581647492024
-56.21643435085614
-12.45577789340795
-100.32910818274863
-24.367900511141496
-25.605706244630625
-20.40580752785312
-74.14723635848227
-59.991810548153566
-12.89536742019525
-69.79651836861072
-17.473636014085248
-38.38069983025653
-3.96512513899332
-65.6251778192326
-20.832297561615132
-37.35819039510853
-22.392715839800324
-30.782481784384444
-21.441916260733752
-6.574014214654716
-32.36822017444307
-37.85083925402981
-7.378451797657257
-26.455004428370295
-95.97698234252603
-7.706064662167803
-35.73954018074832
-46.38258521515122
-7.6398178245303825
-23.27249758731675
-69.3561901184578
-21.07954882159778
-42.90665393706737
-40.51971153451612
-13.345049136686923
-24.423136496511855
-38.485472127758634
-23.661002944281204
-49.44531942401584
-13.424272793115657
-38.592597821492554
-9.301300645573328
-40.134059224619264
