-24.188711720505587
-28.764035352951403
-8.671425582177253
-56.89225307872003
-15.223567848377142
-5.950614729360573
-27.635217755991672
-76.91821612870119
-64.1665487926961
-50.08373039424762
-49.9895188758653
-41.878527060757584
-8.740395867611493
-8.07945801436119
-20.514180052846935
-80.3984578300273
-23.07390906256531
-51.053083817579285
-15.48481313356946
-49.16334537570449
-14.696632140042416
-15.368387392473434
-124.55847705201724
-16.133433687645876
-25.81918256652476
-97.24192494695808
-54.994965552465345
-35.34280584838518
-21.313281603138194
-13.563539688849986
-10.90266867553704
-18.685035568769027
-15.886699939393848
-9.930539358345662
-9.59466215773699
-8.073144270473302
-58.16705830217306
-12.502765785247318
-37.45502910464975
-56.96053244370091
-8.01951512503232
-14.919284780787814
-57.69633304685666
-46.95999708751914
-17.286911211891326
-10.379890439853046
-25.036963660243043
-21.78240676147632
-51.446382434680594
-8.302887582465733
-10.491598236565787
-63.38434958902404
-12.818730993670448
-9.25159505193542
-29.31724475956227
-6.678288725793315
-9.314324256989643
-10.188628786393327
-8.323027938096297
-27.33526104254092
-13.190964339604415
-23.96687714022494
-11.452956005889334
-76.74184686159252
-34.399929871941616
-7.642137114282388
-7.7929291125040905
-27.705077941710254
-41.773765677982254
-47.05790350202742
-17.978268800105084
-14.100888653684455
-7.779928482918084
-9.350440997072846
-23.57119588195356
-10.171523129022177
-27.95946488699024
-27.534830096505004
-22.419387959963196
-37.895815070271865
-24.190227199823717
-59.3761814838451
-48.519333889916894
-37.79303824607275
-16.463318428873848
-47.89089090817348
-59.814674444596356
-12.033649068384147
-14.886899224377181
-9.664516032852035
-46.44348316375917
-25.728514322466623
-9.220235808101238
-18.360514983085125
-44.64669904482402
-8.556595327487843
-31.615600915861858
-22.158662083969777
-92.27860545919648
-15.749343706749587
-10.03331622065079
-31.45494408105813
-18.103867710471366
-15.992257697793695
-13.531811541900234
-10.18410656078633
-5.779576001733227
-21.829580541873224
-58.62085179034884
-6.419308059453604
-5.084114681972357
-15.383495595462966
-12.578965257459862
-9.508468503285343
-28.953099816704075
-28.379490897225008
-16.522048632738205
-9.482035832090514
-5.323697663340769
-21.774679277470536
-14.496291466903054
-9.72222117602538
-36.69219005361521
-35.36885250262911
-24.411809049174884
-8.102179195367862
-20.499293100754265
-64.6506056480638
-20.130824348305985
-43.92291081728591
-8.012071299876768
-51.77849500390919
-13.594462937594976
-20.86872776817661
-79.2222842443059
-57.96104387951475
-18.68470952476958
-23.116252113410898
-21.7796398380311
-34.88669724812396
-8.217925033750864
-8.960600009178913
-24.96166332821051
-13.054947593741897
-34.94582618176517
-28.40159424390556
-8.304996974963
-21.806603138964245
-19.84762496339872
-15.755657246128356
-14.916627257164008
-6.231957249424266
-16.267247805515428
-8.03589196570014
-21.927843721571755
-21.988341784901138
-51.62818599452608
-33.92138248304119
-11.299149030380908
-6.8995794276239595
-13.180701540706846
-8.16597815365163
-26.82681824168257
-12.916196539113127
-16.418069916873822
-22.374864060953954
-17.791822914632615
-42.965270190861084
-13.924691168609602
-9.53767816616923
-13.315207721043022
-10.97636642830382
-23.12712922252726
-93.046339090071
-10.262393238132343
-6.350513408000027
-14.483141307164898
-10.58753813503407
-24.999797859937342
-33.1864894218741
-37.83566085971727
-23.316525911729133
-12.008415899775093
-5.63075646307811
-15.858062368337071
-14.300175524160677
-7.809601473311416
-13.836984445201553
-7.521734051545951
-95.21106716768242
-30.51219280445029
-7.09038145723966
-56.19490798456082
-16.33195630730326
-31.244465007009982
-28.239738936778668
-17.74766589102473
-35.53040962439298
-69.53733994185828
-9.228197251927776
-136.50474522729914
-21.465653845183606
-6.810303873071491
-20.886397109904237
-15.109412154080813
-9.585465809072256
-109.59322544794246
-36.339101620513674
-18.572793012626274
-17.598355033330943
-10.033397105076014
-8.565874168907664
-54.58234525330399
-28.997131779580283
-34.0054147175052
-11.810503058774948
-24.653580712296325
-46.219065296209045
-18.04116837479309
-6.536010166282998
-50.80319862965902
-54.726684309336655
-7.864460351398744
-40.64560724301204
-6.231957249424266
-31.922170896171362
-30.10077977764836
-23.859439188176736
-14.141797241220011
-46.257755855453354
-8.580993454673262
-8.073175684304186
-9.770235763260487
-36.46477551236771
-16.991157943649213
-20.130837228278253
-62.32697357747031
-48.30606050255324
-17.546154016972505
-54.95141068906474
-17.92809537500946
-18.661851542267076
-8.759015834778982
-48.403735691179925
-16.77375644158432
-31.15971342974773
-7.491263659744854
-32.44192792353615
-68.88679550498134
-49.0021873158556
-9.82378992269307
-11.520965262449952
-44.644840252816046
-16.720356230193527
-90.19595215341295
-18.62789825911559
-19.885318970336957
-34.98077089293752
-20.30961383467598
-16.84984412114615
-19.14380917761066
-9.92090714485206
-8.5882647044887
-13.542298704987422
-7.916549701810635
-9.844552102959039
-40.89922554268035
-27.70261151902547
-41.20133782579643
-7.432602176581088
-38.318449100701784
-17.193464255572067
-10.329587346100576
-7.014866271318542
-10.845242396509514
-18.715652283255974
-14.191454487411045
-48.53363829503945
-21.896935250020178
-55.40818781899452
-14.39894734320976
-51.78299699634238
-10.871408521842742
-24.50660275832445
-9.251478963201683
-7.3516596916888775
-113.37000215726641
-38.354589948237006
-38.91144166301367
-25.107585322828704
-20.252246947977067
-8.755418089888442
-12.101422772009
-25.362675452260465
-14.724246106804843
-16.213699659145266
-32.5439670116937
-74.43814962060478
-15.342527254213543
-10.294666084366822
-15.542206772482107
-15.634819293327112
-20.739316107021068
-10.420845351165884
-6.032190269328061
-14.096135768886098
-31.185603730430657
-73.10234653848502
-8.711015412916053
-7.481804509575593
-24.9299858625838
-7.001261749962287
-87.66660374287176
-21.023686144586264
-30.979511964451056
-8.863596742979698
-13.866070200652668
-60.5501967666721
-29.501489964480818
-77.81616939877561
-41.07357014658164
-10.761265083935873
-22.62715077055901
-13.91817732287911
-23.798485435224762
-16.201790839884673
-30.493841021953262
-9.417331019367278
-79.59094518419076
-17.297230360670778
-52.30138588560859
-48.28132224345823
-25.061222895075808
-6.820766091442989
-33.77990647474361
-9.319856366906206
-10.93457370591314
-12.292292365247116
-93.35190219680555
-84.22612990564505
-16.71227772536481
-9.321137800106431
-9.363005726337763
-13.075067288062845
-5.682344331409498
-19.40556534636377
-49.59651185184878
-83.46224591872893
-11.274087756732841
-26.926328712060915
-103.7807485863543
-7.837182236702065
-9.208535636755599
-24.334334476588076
-67.83377112332059
-7.091060142027153
-25.191665646712895
-15.887927366110723
-96.21384812459827
-11.839332353262414
-22.97695590905591
-25.999906146198377
-68.10584958756753
-12.342426903237689
-33.23306710545524
-11.875552178395415
-44.42947849559493
-12.491038591867769
-61.86936630303161
-8.498198541233824
-14.901397996854628
-22.33466013068046
-59.19077524635908
-27.41726116826563
-17.821723059194614
-10.083782229019675
-49.54864295727945
-47.3994051468666
-45.087835056142225
-20.034225863532114
-35.55902634935308
-55.15724265514039
-14.649729627928666
-39.48790570733893
-51.7241157383129
-16.038042117644675
-6.3187495551151835
-17.201690613266198
-9.734912805283656
-26.689953419572053
-8.847291674209064
-55.646146824046724
-34.742679940675515
-30.85453650912699
-17.895208909100916
-9.497137740490828
-26.795537137394856
-75.66381474309661
-35.52371240368283
-9.623341386831505
-40.774083663883665
-15.25798809913937
-11.246371733807662
-54.48875923773972
-68.80570495037595
-65.19222516102595
-83.15597583154454
-29.746247976357573
-177.03902331651992
-9.099024123265893
-17.064307822512266
-14.471108075579183
-38.233190589489354
-21.90271287821733
-21.15283589698482
-11.92859362529124
-9.47710669785845
-19.0712975205571
-55.15601939240412
-8.46926387527036
-19.426305679600315
-18.5002515099256
-9.992749827811123
-38.84390317311733
-15.522653167715669
-14.494249444733262
-55.39876895856714
-14.067943977638393
-11.221527617481998
-12.550738506240467
-13.526088948619718
-9.632377765885682
-44.13315414554279
-31.689054751162757
-16.343099823227604
-55.30099501100372
-9.449873778561429
-37.29761878493169
-67.46006231975038
-21.973983139696575
-23.937923534035164
-20.107221365381417
-22.388763280898644
-23.394659853653053
-13.83813386473234
-16.546388296759414
-15.438895617802963
-35.7631736931249
-13.516242797764509
-94.76345032664838
-15.429692495860014
-7.926712043557263
-14.788855009476906
-13.828089202441674
-32.85792048595179
-17.085712663512332
-13.141607937669718
-23.394676402659158
-6.747758604283542
-9.918453207666472
-29.0789236158968
-35.49025745278539
-65.1116710512309
-5.215637102950811
-11.252911662942191
-10.63859488908249
-11.808008686550467
-22.858423320573475
-46.32007478068805
-39.252074392991474
-9.434960291849135
-21.143848259634044
-34.036930538745644
-17.569064053916666
-20.14085161170751
-12.129117701796174
-22.101435060602203
-14.533160873306057
-12.683847401225698
-34.08822318271234
-16.69003624164861
-16.084434881359396
-6.742852342570582
-15.883723256595058
-66.89084032159427
-70.05526207232955
-29.105508447521107
-27.341954429603035
-37.51127544092588
-64.06726958147877
-29.727566641822285
-14.57896291439588
-49.51299613681821
-35.34440670942033
-36.58598268398287
-13.516333908919774
-11.57330040349806
-6.431455892892242
-21.655379834652933
-26.104189571767677
-20.993912044399675
-10.320139304548235
-10.294504443768558
-8.934176793059407
-8.883594317765045
-17.688474247990317
-18.744174828035465
-28.280002374783198
-7.7318518667952345
-34.48700857678966
-8.066185262544591
-29.479317244993005
-43.6750281628585
-31.75153624210715
-19.51872235583624
-26.097430808805967
-19.422940862036587
-10.527951041177854
-21.499107188460915
-104.78539751631494
-17.11617118527668
-53.48461058313908
-34.27411654954466
-29.68878195656679
-117.06679990303384
-11.737875184440991
-24.528652985419896
-25.074687424669047
-16.471761988164456
-11.289647392090025
-14.093349268134915
-9.941274035328272
-21.919115633384333
-19.604067971944772
-37.70957725318994
-16.06169841064457
-26.392722404667342
-12.855377595477083
-28.873852271016624
-17.19891893475746
-15.015428595996422
-47.11823487646114
-23.357662698470097
-74.50799370444165
-21.66632970733762
-44.15278232989863
-24.340602933798337
-14.539814239750035
-39.16341120888406
-48.55036507858353
-35.48063943739105
-42.06099728224259
-71.96404096334385
-7.158351875014771
-6.370614946369864
-7.498355975451941
-60.79439984766145
-22.26318033254234
-68.3707818026459
-10.674038938188623
-8.192987591023845
-107.16095173226648
-37.430546070001625
-37.18061732332998
-11.423792577276112
-16.363081811565817
-24.91345753926813
-15.495168986762861
-4.575210411645382
-19.30589876555672
-16.604087507471668
-23.993690242241254
-37.00133596780414
-48.65238378990402
-15.329623341918644
-29.42387087933538
-8.455878054198445
-38.85578376001491
-21.993153838827087
-90.32211396424913
-9.818841699540894
-57.081196934268924
-12.795280588779285
-10.155958422869
-14.94938216436326
-25.28141486543377
-21.72317450556486
-17.267296285141608
-38.33366034594964
-12.008198843229177
-9.725905928949388
-8.415285331334946
-19.960222694351117
-161.055060732462
-10.54257134694848
-19.93554819605538
-34.614487851097
-6.92744919029283
-17.731515445857355
-43.052425213413564
-8.649697690496096
-6.220323503541721
-43.394839707767986
-10.903098019156351
-4.742770616027485
-8.324675155073013
-24.286585155575835
-6.346086381890127
-26.24954928468579
-9.521827391561212
-13.032737798576008
-31.395388407877885
-21.18161069488181
-5.798249703504519
-22.068893631201693
-54.659620733773295
-25.962601446296542
-12.734370133496009
-20.179417615654813
-7.982903969828159
-14.85740253033859
-89.02805642036867
-57.65172251302725
-10.239117862048051
-32.706827563630675
-9.51469370006252
-15.777688813309599
-64.40501134344659
-10.190132766533349
-30.13318700887876
-31.737706205080332
-8.677283675574136
-12.923331261382751
-14.142771516670122
-34.010372554793136
-18.540366692998287
-60.43248717394565
-28.88860618465945
-15.37683149488189
-23.49007325675429
-13.721270085205155
-33.263712613326405
-16.934775829306282
-49.0408863359082
-34.185215118825525
-9.072068766666913
-44.03668256916282
-30.71286973827331
-8.37858720459246
-19.05396361362517
-10.760050373639803
-24.743093521471696
-29.21608960465711
-8.673690277055652
-13.397229855139631
-21.78323671546609
-45.0811851559233
-9.206897577502687
-21.820680654301995
-54.76706592359429
-25.95826541256548
-10.70031932573178
-10.49457673156809
-35.03463872946004
-89.83747340573782
-20.808670538615047
-8.44812996533647
-9.218895119276544
-110.85454933904899
-35.179297228403556
-18.63190646278235
-8.763866696065145
-22.460392227401925
-31.498005119319238
-14.012281626191266
-25.017658393521582
-19.999969340606047
-50.67139624191846
-21.556718847793352
-12.62123528554388
-15.042449714870422
-22.386737846267614
-43.61570097950649
-25.138772389625693
-13.99858792796849
-46.590095415234906
-46.764622291605974
-19.773241083220462
-16.584425314245802
-13.856608965655427
-27.41202585545441
-26.804745249752347
-30.992077838154994
-9.58177584460874
-25.11829912484595
-19.642175694814753
-6.040452874536164
-12.904984033275797
-19.81713335697863
-11.43902245176166
-12.20850352504306
-19.18990893514563
-18.526401013381385
-117.25004096376902
-14.998381523307632
-38.15188323298048
-9.55812745569654
-13.747496317143991
-20.16177739226015
-17.03222955528798
-40.50289643867303
-9.03549514042283
-8.507322219596483
-24.083372938184677
-17.23252895992907
-17.174863054658772
-19.646321689065687
-11.340817093518444
-46.89878525184996
-63.71952264111861
-65.35044008660446
-17.0347082379651
-16.12758531137144
-27.409518945782658
-23.59550976137963
-23.6807927884974
-7.070051284376315
-37.5245101089326
-20.683599305841916
-23.95389210942948
-10.12619196602754
-28.17804678369559
-67.97404806176492
-12.837255935333452
-12.2022361184891
-6.335465790454732
-40.192497660216375
-15.49684758532611
-10.97488434933938
-61.66651638091838
-8.692509479559106
-35.62046430801595
-13.160867883823382
-85.42906803733904
-35.97939606346173
-15.029336675982414
-29.331592017856227
-35.95455982519783
-33.71344785057404
-49.23497141753314
-64.68973324003059
-34.344532839688405
-21.760534200478297
-7.26273470401138
-18.208454380476603
-25.268847433151745
-54.28738536695156
-6.486351213871786
-5.776568468282355
-40.41453726095886
-8.139662172445565
-71.83033624625106
-40.277049104011375
-36.261470285068775
-60.72932168840541
-26.865718129567895
-6.009169342055159
-37.12188557107241
-56.7532140240812
-52.744917037447756
-9.046327208945765
-48.37337436118441
-8.576393792866542
-20.140193801569716
-54.769982045330366
-14.695980546029022
-20.768502229592606
-83.20681467389774
-24.552505870946263
-16.57377061892302
-40.11835857372243
-82.55411027201131
-16.753354144764806
-9.926427490917227
-19.94910382630612
-79.53210075438255
-23.661739651891935
-22.74119227612108
-23.408818670334117
-23.18991089155989
-50.890377891241954
-62.5814125556833
-21.857408283954364
-9.593746243589816
-6.203400264687609
-25.323434685901493
-37.16914833095581
-37.10425344519442
-35.676790910965146
-67.36675082796732
-27.678973563260598
-22.608242384978197
-22.502596985792657
-18.999382526969654
-7.5213154237054844
-13.081723349486392
-14.056658375420463
-14.955437961321602
-28.710899021324874
-26.60414864219418
-26.15034366488264
-18.262259923336035
-53.90964327824839
-18.38389725173733
-12.167016531357959
-14.195845102919417
-12.27602170707625
-35.364292696299806
-10.639295519650256
-11.745502499910751
-17.35502717706263
-39.90410403218611
-9.942215876974421
-20.2577002123843
-21.960939338402678
-41.81555442460033
-19.041017712986957
-18.464829476492717
-7.583365553097928
-27.689006661769774
-6.093182560010941
-19.194803651399276
-7.873871597396299
-16.458337179993165
-31.949346878256755
-11.150855869771927
-18.55649272338783
-12.55356479779355
-23.197694743075
-13.780907609186494
-21.320361634172034
-18.79196926015265
-44.21858271028915
-71.74022922555596
-35.10597992240792
-30.755055898865805
-16.260894286652327
-8.021670248388581
-39.61579965504032
-18.66314103104293
-20.324217296900503
-72.00235655494508
-10.559472165878715
-20.948708687391868
-13.2579054251446
-14.581759945290678
-11.187297404368625
-57.805353953693555
-13.53847144695523
-10.23623966374317
-22.399297253078412
-19.168497977102753
-35.29961250367091
-37.002105328800376
-24.63658373742512
-29.473967846824653
-15.722520038610151
-105.14024407125284
-17.690376454182545
-6.642358862010919
-10.794816295769898
-39.738335722288916
-16.42112950883716
-12.737152246820965
-26.40645756999516
-10.030680408992774
-16.431274212125683
-42.06671259262976
-15.717638986079738
-26.58249610929163
-25.50129374091989
-5.959342754089707
-8.427870722080586
-9.948670721479456
-8.97037228812119
-10.301987642433
-28.218939549227326
-10.022796997709513
-52.94029191959259
-7.9617985259000985
-16.588508924844998
-12.55562437645842
-13.456157242795642
-48.02769090994497
-10.587536526134103
-7.473262360865381
-32.20099744607426
-7.630707591709158
-21.356055728684158
-37.689484771042096
-26.973149686728878
-9.57879030033558
-16.966954821752385
-5.478543343151139
-9.8417706693599
-7.737296919046265
-9.14372497992393
-24.330491925694805
-43.16918979888233
-21.193444741345157
-19.10408079534657
-11.409107134091045
-27.02982172405353
-11.371255682414306
-21.04779215309545
-17.89937853307894
-21.027711263100855
-28.154339118249634
-87.79134237526817
-89.24116066800163
-18.244094128020834
-59.40616730356526
-7.222708716636614
-7.592271935011264
-69.02726148617164
-31.50501076441427
-14.21935102118091
-8.789478250374215
-50.558347818761156
-43.07580586749001
-17.44610779315241
-25.546393960020016
-28.14924040312024
-19.287602439856702
-37.70120430643338
-46.46545123856501
-33.828796827878435
-13.086272430164684
-24.182194609766466
-32.083085607922214
-8.188714292167214
-17.254474112535593
-23.18110213733959
-129.8906820163292
-27.144484775250547
-8.948591640411701
-21.970141812674772
-39.742984312801376
-11.41562171466646
-25.166947793303272
-19.7060800310322
-22.8264280981594
-30.988018783749702
-14.87020605051974
-76.68398457523688
-20.013728741956346
-7.453774408646748
-10.682478154619742
-6.69539979987242
-46.97814074085133
-25.795186935426194
-8.41265892732263
-24.381103453735065
-87.17815840750913
-55.86832767767127
-16.29038380926252
-28.898126738104036
-16.181452091922505
-26.010640077412877
-6.370614946369864
-14.466683521281455
-17.327930175670016
-41.9617058040542
-25.46939622901043
-25.010064136812694
-10.735773864583752
-8.782891864967201
-12.218254140254563
-7.546821870153365
-21.941420366240457
-11.818997804847388
-45.72170473514432
-50.55489779898648
-52.957961662123914
-8.892994428600588
-13.911075093725104
-42.03304202713621
-83.50069244198677
-9.180835156586706
-50.64556662447284
-31.52053943495801
-23.81420409034009
-66.9999551013982
-26.487526311139074
-24.67196093667519
-45.35522846681163
-31.570615127204054
-35.98524548432385
-14.7621307676658
-85.34119449850841
-21.610553378797917
-37.613359382305724
-50.91743558309799
-24.921978931204944
-25.429769493937712
-25.871320042207692
-45.261710715223714
-32.37009607907929
-26.938595136678526
-14.166176846682864
-23.685832072309978
-21.361800955474525
-26.63367066910431
-18.01071624543383
-27.767726440510984
-49.80775047240465
-13.04276355112591
-9.412546310932653
-38.727695589865434
-10.194266770380775
-17.674207951955516
-89.55438795819322
-34.96458049512739
-10.611454297881524
-9.165573787136141
-7.809565030419204
-42.75879059088551
-31.998154977906154
-24.72559879395506
-7.650909381903026
-10.660856883017523
-96.32113368551556
-10.744285197776165
-55.5541464137261
-29.02543987206312
-12.335049913864559
-14.500253427105685
-36.67809433567652
-31.4725204440847
-11.6046893778839
-30.904537705187447
-20.854039117859784
-15.117671263623805
-48.99946485425548
-56.494475484442205
-62.117386875069144
-83.92864301629086
-29.37790026379073
-76.00841387565069
-47.01695285128064
-36.45058672161951
-25.505902867429285
-20.34219347707827
-15.530529593229407
-12.777264958624635
-30.17833600962184
-15.23957495384835
-11.816098588996296
-33.957036637640215
-38.923273507101115
-21.841680046021793
-15.048224359236945
-18.619341487522668
-54.37583242318306
-45.50163987131074
-24.52082339272394
-7.8013042487386866
-6.3159973896014225
-6.507439195312318
-49.55410790812239
-11.818915041483825
-30.915075643991152
-36.93335118333261
-9.561966721623598
-23.58724865634857
-6.868295895142946
-43.468754287900744
-9.02953412530391
-12.476499061264343
-45.36886603738879
-66.07265409793655
-16.437813930050684
-23.094309886773395
-7.843067660128544
-9.48554123205497
-15.025000836145747
-19.048545180018902
-7.065897946007684
-53.9208078354829
-83.24478400699583
-15.728688630998189
-10.907535682347678
-31.772881104111036
-30.309869070476967
-62.51181259534941
-39.8047642858973
-6.0901118269473695
-33.35057264838193
-168.75960296947056
-17.505666685893093
-8.852208611468894
-25.51549778756293
-39.19612951509766
-11.896329127708148
-45.97829850981982
-30.201427974346792
-20.844057381206213
-59.48496958134339
-10.322493285670912
-12.773155647279415
-24.106005234748597
-15.270764797121936
-16.35300517983948
-17.85275370633372
-8.258074924454068
-9.344527311710422
-14.946670143671236
-9.589410988177557
-10.181356549758505
-107.5580701879726
-38.11888034745552
-60.223229810528075
-15.836317128316097
-8.929012282076828
-13.697784188861164
-35.66919830411615
-12.21997395226754
-49.469472449264984
-8.505386087667098
-27.726351863881423
-102.01608487124967
-91.31327098561378
-53.438602048568114
-30.353803410255587
-13.631804747923548
-5.306776581499925
-44.31792973783591
-18.38778728166743
-9.395947092178426
-9.561730162220451
-32.31814818283837
-13.968420306894457
-6.584965329369473
-6.240453760742536
-62.700688228644225
-8.438425013431942
-17.480802047625684
-30.66897676465463
-18.28328618622024
-44.92718349863035
-30.083837929150516
-15.328620833876496
-5.629766931784152
-13.842540654927506
-7.637013672397541
-35.11562429986634
-57.00580234395494
-12.814619405821404
-29.64842655881754
-11.935633068297669
-13.613993883962937
-9.684481050640182
-14.810024205907252
-18.142171036759265
-41.72057913459138
-34.40709760508032
-47.93424505963402
-7.290582445980046
-8.56254196967816
-14.54199623358788
-20.5732636975353
-34.995745312561375
-6.061270388643256
-8.998250592822902
-21.889552571742414
-15.701746138855986
-13.934422407832306
-15.325970623870662
-17.756649306750994
-20.863215746586114
-38.54328852190598
-17.434514806958262
-7.0516360409387335
-32.19017050423474
-55.10902896874682
-64.79753231762814
-51.0978809284306
-11.105135384548987
-24.13652745985789
-8.169343944453024
-14.981999858926763
-25.93527384928999
-9.40606089847325
-80.53702770241517
-15.151687215776938
-33.47980853410523
-17.140657085770517
-78.82697376069976
-42.31772557366753
-54.249930090968185
-9.759604450562227
-23.922444150284054
-91.05411358649941
-33.09452019739114
-55.072237463951616
-10.748434558118193
-22.05436632817554
-105.46873300124935
-10.092981362458891
-64.48806179372053
-19.718356756434122
-19.7508500873324
-22.125567235993675
-10.491095335258754
-27.935316384173134
-10.396755986197087
-42.53799684828423
-105.23840757190305
-23.576793836986116
-16.536660931920228
-41.50324044101381
-10.118607337496577
-24.93709973421075
-39.091602115349524
-11.495798885074622
-27.68655600640794
-10.206633247946767
-136.88467161996465
-18.276167584559545
-15.935507473778276
-39.61242765643329
-8.766782311867189
-179.91007604636724
-6.194813519531045
-34.04763283362355
-22.046753526742147
-14.805618580639011
-21.656087498662842
-38.922069194813716
-18.723780329492353
-27.8338151426694
-19.985967314033513
-66.85244718530846
-9.583570294687206
-11.241452735016123
-18.63575405029952
-28.928340505040044
-24.644353605430968
-21.458967045247245
-57.284216734064934
-8.215637106062841
-7.630827536640915
-77.36104780231466
-9.645034505877415
-11.281367936428442
-18.7670120786898
-22.392164638803482
-68.77511571193783
-77.0924357075209
-48.74046418665369
-25.378517316488335
-27.826821297300285
-14.277514848195631
-13.15937000578321
-40.41837239959785
-7.2755680680828405
-29.61855667702813
-14.801840286206714
-43.13195348770146
-10.867064353786326
-47.2301420089095
-15.625544798215737
-14.910914437151456
-12.45062448677973
-42.31028244441948
-16.517796543496047
-21.744428160066974
-26.501123373683765
-59.41347161716874
-30.38962078204629
-46.04925526955587
-49.35509692821516
-6.009169342055159
-22.633465280133485
-6.604180328566546
-28.167162242713264
-22.978601790676006
-54.60995552150895
-17.219552366332405
-16.883104029724738
-51.26908503050411
-36.283727489952824
-38.68327632812196
-14.907357877817114
-27.165938322833426
-99.45606326557193
-32.14322434013015
-46.64416798415294
-17.492924304593842
-26.548976154190548
-9.061803206002674
-12.457945665109696
-25.94333960360921
-53.29002287567561
-9.427756441713571
-28.183740621401274
-19.527344518123915
-11.744418677794588
-19.18032136008474
-26.216498985743215
-13.17990593031226
-47.83608010943707
-17.677211921298447
-8.766782311867189
-45.055993294330015
-32.74907843639329
-12.741229892739728
-19.954656110508676
-10.698775605706974
-7.014866271318542
-17.928183991698425
-23.046233986963617
-15.888233426195184
-10.634808959341797
-21.254119036317558
-10.396402770911594
-52.918759712901874
-11.628559456403483
-46.42403386623433
-64.66284501657569
-29.221155779494783
-36.15158035248338
-11.06534465190651
-9.589410988177557
-53.4392966089951
-24.649622050465293
-7.688350130657622
-32.081096455233485
-14.039298460903769
-7.721847305417409
-19.51360011991579
-54.11074301510426
-17.582146506738546
-11.899830761004477
-9.403787083223346
-33.05243844205283
-20.046758374646494
-38.62983488170545
-9.108147253311914
-42.54607080760963
-10.88257584448393
-7.1894793281707745
-34.27759611557891
-29.83588626425675
-19.075608728201594
-71.38336071984972
-11.94852819828296
-7.43993777368788
-12.434987406859781
-88.33873098907891
-36.94181589273525
-22.96565990477298
-42.059832710877345
-35.529282128321235
-15.949967205727205
-47.36959755708058
-18.240923720032445
-12.967611557929148
-17.244688630742235
-28.87019088724126
-34.12559128266412
-10.43486728706907
-39.42467954281562
-19.421241607518223
-13.19727037476022
-43.328990866039135
-22.930378976290296
-20.745706824593608
-21.398594845068487
-25.36366763818892
-15.564524948492396
-22.06732873984324
-50.51561491666997
-19.22290372647342
-9.193976887256673
-10.723934883538519
-7.641554134756109
-9.38926884905685
-35.690211352756435
-28.975776175238963
-26.12838271987146
-13.604784186558014
-28.569068163163468
-20.780857079362107
-50.92402146960059
-34.496541766974154
-43.21020142445428
-11.084287890808612
-6.5151999842012
-12.489161661103202
-29.550051208252345
-36.004110739521984
-19.708588218240976
-10.665722831076298
-12.50962266868668
-17.184191028694208
-17.44949757217285
-56.33752216331489
-7.340012418817545
-19.512339887575806
-20.058905941471078
-12.620371860132703
-101.00703313059945
-5.184040036842695
-73.43573744311799
-12.018338684110319
-57.211475897804014
-8.285151561797745
-78.48706377959782
-22.66331144962849
-46.33978333849079
-97.87706292958433
-7.778797103812118
-13.378750170195698
-36.765934901275905
-71.87331982760558
-9.442003551120566
-13.246257896922932
-12.198202773546369
-26.251208186918877
-126.04354913607263
-13.02121119783406
-38.56447835702242
-30.349587262339906
-12.70477280950222
-68.83619219192067
-6.513529756890405
-34.21373879546382
-6.460483920492993
-19.127269871907373
-13.260786991770436
-10.073233299049313
-26.309527067357287
-39.607552747965876
-58.00579144505459
-139.954629071492
-20.631761558089
-15.77769603516685
-9.56192486738352
-23.29343808103505
-10.219773390818343
-37.859314472853974
-28.909883131260997
-55.44158893498131
-16.99835280328788
-23.1956702663867
-31.414938387043495
-15.341424832459131
-24.400741210030876
-10.873342178183616
-13.944711625554307
-19.757904489172383
-12.11230061001608
-18.38024150763758
-14.631560273209065
-39.59262527555465
-24.185791156130282
-122.88418420782953
-13.605653423931741
-7.817060075102636
-14.946460489204943
-49.50429688969667
-39.79293581020276
-59.26472898144371
-31.898349790906085
-15.504370072249648
-22.525635732189272
-47.369902002922665
-15.928598866872418
-86.42908050812524
-18.48996086697052
-52.46314387943643
-43.928712988464575
-10.504112483707946
-32.687751093598
-24.8591645817849
-44.02184422092462
-29.220007779651564
-11.385336784492864
-22.158432207263118
-8.216527196339767
-40.14062514505135
-36.69341253781778
-38.85251002883782
-14.476536709391306
-40.91324955977164
-18.249991995264352
-19.52469576303688
-10.587242240208278
-8.20221503375516
-24.786076233023753
-59.67024690246593
-39.985269586135416
-18.738602253446153
-30.020198588204185
-12.399936202667671
-37.85318112249141
-19.257309863589654
-42.60273083598365
-8.735766521944932
-11.228446906151309
-12.965096928012649
-72.05492142004509
-13.66513190416325
-16.153399756385646
-41.47059034530529
-9.425071069960515
-32.54996723017024
-14.582752384942692
-12.206424629845344
-21.664933418757634
-34.06919071715326
-29.71487817710523
-26.410449650939416
-34.877210128577964
-31.21759311106518
-8.9018675638801
-22.49505718482213
-17.263206208884856
-6.568967931982916
-10.751939958082655
-8.630484772604843
-43.49909828109032
-16.914747314707373
-11.141148033705493
-11.672922192715065
-58.106060046102876
-6.085260965661206
-9.737768484918885
-25.79845030106857
-44.10354898522628
-32.72698364309509
-30.060597729772976
-24.8845016018135
-6.79178282881524
-29.673122902700317
-45.0411846877651
-49.182758181919176
-8.35150369410099
-72.50978194362733
-14.911711348415883
-16.829916636478046
-9.070932813444532
-15.231876099659333
-26.540504571007904
-17.004502965582578
-15.9889171429581
-33.25643706472111
-9.863228632330225
-37.38098819897589
-27.448468862890678
-32.03457137895957
-25.75723734585346
-7.696101231127601
-12.942160250575409
-102.03394155283904
-7.573207696826367
-112.54272044620546
-47.8201514233415
-10.973250075874848
-18.169042123769263
-16.23433050968743
-6.958118204686721
-19.284633016315567
-18.943106299158494
-14.31796571957735
-6.541570963953439
-5.27128567347424
-74.34924407030638
-48.18317795738156
-17.410524324563035
-21.35924364265612
-17.00294118065901
-23.440125721946956
-49.497398636113004
-34.841026964408584
-31.367230907607702
-30.824600070063337
-6.486351213871786
-57.5301691073167
-11.15456528336914
-35.30084244005093
-27.497168529455454
-26.923887615476648
-18.674106241384568
-13.550255454100366
-41.30159598131516
-40.81304793861969
-18.710336856548054
-17.274275548957842
-6.87272531370744
-48.53963818446751
-11.708784632201535
-14.309039236507743
-10.814800307810806
-68.19691092697983
-23.486038252488562
-15.040124083582342
-22.282248487158046
-20.5127831687879
-54.22312562607189
-33.23859130035129
-22.179426644999538
-21.675315665188947
-14.82996758304683
-13.529153940215739
-11.358268545446398
-13.692909147803162
-39.20398708316248
-20.43755526044132
-11.427694143918258
-41.57977929225649
-20.644563120185715
-51.47884549047769
-10.26347832905838
-29.9521363068161
-10.209027030747277
-28.625319990415953
-43.396428840071366
-73.08060161390614
-94.41643425509243
-82.98263416469305
-18.592376297646524
-8.883310860055376
-69.1743302622449
-10.948947950250293
-25.152619846991318
