-38.08661255823287
-17.96906078579287
-6.975753421690506
-9.227542278927235
-15.34945684657026
-19.349342816721357
-93.96174443552677
-15.969834206616952
-32.97075034146086
-16.47263815368556
-7.90258726367087
-9.453949496588285
-4.496326056635303
-16.60675138217327
-2.8190526979307164
-8.384456749900973
-5.516616033315144
-56.53511610121162
-4.333921711265718
-15.340288469613927
-6.34298114929121
-38.66594243607418
-33.5836320624906
-19.51247196013888
-4.46560096043272
-7.789770664409605
-82.00570084265931
-31.46570848026057
-3.1390447802044887
-25.548333841637422
-10.36464313259831
-14.121246983967097
-21.76612539437349
-11.292488418849345
-26.034976014809057
-21.75295961918645
-15.16975934354802
-9.09825348863369
-15.007094922453492
-6.554874081672203
-51.446382434680594
-21.413955974493373
-51.83384529155749
-18.276709694297924
-26.97804341461939
-6.9760686658986835
-13.581939574760309
-48.6469463301966
-27.92727288579496
-1.5293740697802514
-13.564851743196533
-7.561162863083082
-15.342182629041034
-16.131320460082737
-18.040197261690643
-13.773122393414603
-16.678520627710654
-6.071957983474266
-19.875218786233585
-4.7484673892243245
-2.83800386991183
-7.406392101818037
-15.180853447705157
-20.049548543577746
-10.811016228783652
-13.16171796393768
-6.076196934100938
-16.49785128628947
-20.714513201847705
-29.190805934585818
-8.19885185946749
-32.45460677601466
-4.796262423144418
-54.5379250581957
-11.852515362457776
-8.10325492563702
-8.328437348928931
-12.948034053045435
-37.54193947632857
-13.62872473129629
-9.827621954896836
-6.135707850220923
-6.813972487025087
-9.73510372542624
-10.132637259642406
-6.667262416729744
-17.343822260553615
-20.213099612383065
-68.23775868885963
-19.903017278248416
-18.013089566617072
-1.128644190014534
-24.450078926947317
-79.28782036211118
-7.974299863584781
-20.74300613548734
-2.8496361759939175
-9.282809399998358
-16.660138561610605
-41.045149339695215
-14.126438509655989
-52.03300719575614
-26.210554146271633
-17.588489636045033
-67.40375066224321
-13.56963507932634
-22.586476587935024
-7.152844966367837
-10.97190101609373
-9.762483346663922
-19.929836118963546
-35.67992254708017
-18.942644959406014
-12.392210318122828
-26.973362597171562
-31.63035148590151
-8.527718457632071
-9.730842261420158
-31.946555207932334
-15.646023512270919
-15.61642901573135
-14.09029399516547
-33.87013223178736
-50.256950727634646
-8.693585683890516
-6.417182667769268
-11.915185040962212
-6.133693581592215
-17.107858673758663
-19.772256776442337
-11.19424992420776
-6.999412203007932
-28.411528902496485
-65.4194504074692
-1.9626398602372508
-2.8398261832747766
-40.717460702305694
-19.326456952314953
-28.40159424390556
-10.23105293010248
-11.431126075137408
-24.86935303908892
-51.792605111218265
-35.17434126973051
-9.615143900738897
-5.402897524161614
-22.94397290458913
-10.634320158875184
-9.640189945114175
-7.0226261574220485
-14.62261684814757
-19.8899265949875
-7.000311786982033
-14.482063232919261
-14.792538126696886
-15.1784440909783
-47.8422989633957
-12.091970731608617
-47.3515909985373
-31.14355088748349
-4.602812468379641
-7.946311680981998
-14.82799751395534
-19.85676974764387
-8.265781035822675
-9.0951243580361
-6.702237326063312
1.2451300514369676
-8.621164736879035
-1.9773577834438238
-30.289666836156247
-4.090231995144871
-41.42391924468908
-6.249390675718241
-12.674773564974405
-95.21106716768242
-35.30914382716446
-37.04740046779308
-20.020079566757865
-13.201352435411707
-39.96105590351831
-4.281966525362631
-3.1945481211812377
-18.53782427263609
-7.6320631075443135
-9.289876847552339
-27.34371081109923
-45.94744209918969
-4.558526299781821
-19.76330500144082
-21.379486787963454
-27.592155429643107
-24.121352486588705
-26.889029916978085
-5.381469448407992
-25.40460798685116
-20.43986987901295
-21.875221266392142
-26.439991846260266
-11.278963508871511
-21.74056825493891
-6.25427029145763
-13.373867867867716
-51.50820797227895
-10.771631390372098
-6.544979153960505
-37.59152057407423
-25.380643895184537
-1.7500154802784254
-7.911574816783935
-17.627999798406773
-9.459952652708855
-6.062854701188369
-22.052384682611407
-111.77213608872611
-23.80740091490705
-21.961515465418934
-10.445919462519115
-2.3869915800308044
-24.529228679296736
-6.534430320640723
-21.313877939526613
-12.396696003750982
-20.0319208476594
-6.66999121177295
-29.35703018684231
-40.99781553595734
-42.76473807117283
-11.639796970631721
-42.36040168646338
-11.971406712604145
-20.864375695346954
1.7716075318917772
-5.669340530409069
-12.6561594604551
-13.09570481807322
-39.043246660282556
-6.729135519617692
-18.838880274963383
-9.33106422903521
-3.7454824281453583
-9.377096039111285
-6.0715625172344385
-3.839592872397735
-25.193694501092203
-72.36586495208856
-8.840406980997013
-5.906926102123343
-12.498255991231336
-47.59102970728948
-11.883771228252794
-11.635669375494714
-10.773608761998602
-35.623321721701394
-15.778253482783951
-15.570725529452695
-26.958628552926214
-11.249158197049914
-11.23607837209422
-7.707358323029873
-16.166808281656984
-15.704604387901167
-6.915918253940203
-13.2724870649529
-37.695697264723876
-13.289165323610536
-2.4406059013218657
-5.6657359916740955
-11.181107487979016
-13.271333585827636
-11.601282559110045
-11.1721279377878
-6.209256277854806
-11.883231667739123
-39.95454711266005
-8.727299751409438
-19.920647017334822
-6.764208736572529
-9.602619842575889
-8.13127394722823
-40.603720031686095
-28.514587639986264
-13.495832384813667
-5.108735086542157
-29.620482704235407
-8.388842811993886
-12.55182768409469
-8.516072289140912
-15.653278560279615
-10.74272061440095
-33.94033079173716
-4.729332676271149
-6.88554537030111
-14.408194849985723
-6.058835561796749
-2.787769165449719
-5.977687414679076
-4.747633883554337
-21.362515899413445
-12.021229893845133
-39.07962990510718
-17.59159418119468
-12.72276196518017
-13.531163373248736
-7.88581508582783
-28.71230764401818
-6.899608976239095
-22.693850314158805
-64.75715249075019
-15.66737551623072
-8.834992184570792
-65.8573618729701
-32.77574705238691
-89.62144325093044
-26.791485648573186
-5.845059091579147
-11.017114517553724
-2.2098925952306328
-22.978698948604347
-14.133837319625766
-41.48024828037455
-11.579286502117215
-23.884219752718685
-2.715004425039255
-30.071093183060835
-14.273010163964583
-33.898603933927305
-62.06035529091298
-5.811799453507668
-26.893242910288308
-6.993952454477943
-29.73333400481456
-7.1194841216136115
-12.982322547518095
-10.325152762526592
-7.461720123671658
-19.63995991449049
-7.569921706530567
-25.466571556871113
-51.594347994479875
-34.54280414870202
-17.867114217122715
-8.454126201601232
-7.1182778440259975
-17.436374166763464
-76.37492959015138
-5.1896775714343635
-4.903038555031088
-5.769899725592485
-31.85665253505779
-37.3943277679215
-12.63885644742714
-21.647193854126982
-36.38156016764099
-75.4960191341634
-4.776716102070828
-68.27562904580248
-8.65128769751433
-3.749586827920743
-15.685996662646426
-56.11193287070467
-5.5437120681550605
-13.991358187540952
-25.511516955076193
-23.65314559706936
-17.680213983074438
-22.231229639533517
-33.23306710545524
-77.99266174249517
-29.047451087162198
-11.245157294113636
-30.399393486885252
-11.354246123792839
-27.67323518436875
-20.967147311992537
-5.643849072807427
-27.766784385838093
-18.916647695248912
-26.908168002040505
-4.510318692928985
-38.54191021783227
-13.143773491166506
-12.09036418616081
-26.669078894457616
-89.84396199218176
-1.5322826934721885
-21.781224312150734
-21.54376974876269
-60.014921842094836
-6.963045036705315
-11.530289235533518
-5.301518366969775
-12.062283632518414
-21.98391463542039
-16.383457206243254
-33.59945496173956
-12.719788193930983
-2.41438092377292
-42.82496037482817
-35.00510513664257
-8.265115087158975
-28.21797336153767
-28.036904701912043
-18.673682960260535
-23.099256031031267
-8.179409496563041
-8.312923550491986
-22.608550062776395
-10.819195000890137
-13.41703135714153
-3.8377074419940502
-2.8687116503419285
-6.559982746137727
-30.194884960156564
-30.199423454512477
-13.796879877139414
-2.7242860255926966
-9.245370794475148
-20.547383502765733
-9.553556411881509
-25.623855285282442
-12.507012746217672
-29.14001730554204
-22.601607996704605
-6.440421634042043
-2.8820420433273717
-2.6396921087652143
-12.362967575503362
-22.84617749543106
-6.723645726831167
-18.991542412655896
-24.891440165116087
-2.164395249470597
-7.959874604441807
-6.969524435534024
-17.00045102545935
-21.39045714405943
-24.378506504445195
-4.0614654228519225
-16.896354127845072
-24.590469995994365
-66.38215712831642
-28.10302549942315
-4.716849486321839
-26.475958890250407
-33.70389098876972
-8.045844442401217
-2.9742812357447495
-25.118953308327377
-19.891040722072447
-3.5173441368302614
-5.143084388590587
-13.816286659086082
-11.562099948393628
-41.23215720703464
-11.451116219499479
-37.40814667887119
-50.98240558963786
-22.63571352249401
-16.506399341704864
-2.762346606440297
-10.708487016474747
-19.28251229302688
-24.880246725682422
-28.31325192839418
-2.8687116503419285
-17.309137293919648
-12.669125551811302
-5.847995909515411
-18.77956076942135
-39.83952768171367
-29.362880035166533
-17.694590145508
-16.14719036126998
-15.678995685533451
-30.724348877287742
-16.350993666142916
-6.181401950801993
-12.952620765264175
-29.76888449504501
-6.553545746763679
-8.900918432979037
-46.06997742467882
-5.743544595028073
-11.211909944111133
-45.36001463218959
-15.724688674625513
-2.465042514360211
-28.428483436076952
-13.471027390775877
-7.199863057282499
-15.433064014781985
-29.073147396943053
-29.141959540283377
-18.09755833521149
-23.677452234584855
-12.867480817170202
-15.328731781619343
-12.116415213762114
-6.491698590195038
-13.324359033057394
-38.37874069169287
-46.03830003368383
-7.882192815028421
-3.980321936827173
-29.687182994295952
-17.456744271799685
-15.242931632141447
-21.026831675693995
-42.27878798411945
-60.1744172594429
-48.812156746782236
-18.132763537419574
-59.05939847842578
-16.85904858874805
-47.2934430041285
-33.7270448604286
-35.14473992214538
-10.032056278645559
-28.18339443634738
-22.000193969416785
-6.064646108862556
-14.712873010847494
-14.259247570055516
-36.682718381482736
-71.17947079368982
-15.281771316274499
-9.619639470439468
-3.5659904920505325
-59.74949625621672
-9.934237897176638
-24.104795332083462
-13.166807692449272
-8.798121738359953
-9.324248694887721
-12.828409186102958
-53.885517375456885
-11.554459496468539
-27.447915131798172
-6.691061714156308
-8.48753924246156
-26.590171756475897
-10.029632274159288
-26.933497988145188
-17.733450746468616
-13.473960475080784
-35.89654351288769
-66.47041975190766
-2.7377472959131666
-6.1786911945049665
-6.763807068023689
-33.84282142252318
-6.352062350043204
-11.22181647434669
-5.065156965012321
-6.096007715354303
-8.605997029475839
-14.57307083909802
-36.91057441486235
-21.680510271810938
-14.000456707896383
-10.57529250152302
-20.50505185721066
-8.097394928500744
-4.71418888442573
-20.165235216643268
-13.481082099144686
-14.165465840677259
-13.757694858434784
-2.8254506046436916
-5.690060587765732
-12.874387948641514
-12.813289808309564
-4.413856184672707
-13.934936400550201
-9.544052386041251
-10.148835224121385
-32.509387098268945
-16.055875789141393
-19.778264049655956
-15.83932200873915
-13.798798959469483
-4.516850395143688
-40.747854333133624
-86.82214445461436
-39.88361455947836
-35.80507502270868
-26.239727546305883
-25.41559077339467
-4.2076204740284355
-14.858521765239576
-7.529669072949044
-10.59996083090223
-19.7511759967593
4.456803648387878
-16.291316667948003
-33.16773177023866
-19.817749321241354
-13.011440907651952
-6.731740782193652
-9.805014438690769
-7.67765755323004
-4.158274893506687
-20.752988795842224
-5.358927593472016
-7.867047689417716
-55.487267183875915
-4.799067822932437
-32.91366056493032
-14.17852406536563
-3.4054252008271653
-9.34562749114019
-33.94062572859645
-9.260950330254458
-23.211538789016146
-55.75621760258871
-23.1566383765556
-52.24449023167033
-20.526525032999555
-15.024780050774257
-2.9535344715713743
-30.747182006974278
-31.395388407877885
-6.0831709555649205
-5.156675673100441
-12.71420635688017
-42.32297971022298
-38.42303053954117
-6.410064915570013
-11.082437271317302
-1.2772274893197584
-51.95930649892946
-40.840894638357646
-18.763278467990897
-11.618967757837238
-27.130821402993586
-17.143111204708003
-8.18487806877347
-23.576182351073065
-18.71070344548501
-10.181010784339701
-11.774844877955415
-10.59526464237929
-7.347656707604654
-19.73673345204785
-12.554536515907147
-33.60152243681147
-8.55874584616122
-7.281588711634126
-6.163884455170298
-13.836431683303827
-8.906322003735518
-62.91270197849159
-8.589051350445303
-15.803722602336288
-5.9123286670090325
-25.08318292589032
-8.77599705872628
-16.502079195225626
-12.822388660673408
-145.36485609438265
-22.213966723949966
-17.71554988943475
-13.299636266351046
-11.520650488238317
-82.66792486720011
-72.5589667695556
-93.77590876391368
-92.17238805731176
-10.256349942540218
-20.878088092735744
-4.52083369732519
-6.353941416231803
-27.80131534200749
-10.232711775725457
-18.786080088660658
-23.80235487731536
-9.804124196238215
-14.988959577884843
-21.65139272231875
-44.736368903757786
-6.9307358265097365
-21.709749740385984
-22.1193180836507
-9.180168298708033
-16.272631869246165
-30.290758294215543
-20.162466858546257
-17.903843711692463
-6.437250412907285
-17.309567897945943
-4.7932585949437225
-6.808904593086486
-8.90288806305016
-14.750602183456076
-17.718295833919232
-7.312526019366257
-8.578641912331713
-36.26988926663203
-8.40818289345332
-12.239447364024715
-6.507455208322513
-10.082907831165501
-8.04309520001023
-31.65365676236815
-82.24218045240445
-8.344176203072019
-39.17856268165275
-5.478570121395533
-18.050622091788636
-3.0589485254934226
-4.585342134375384
-9.164314785699684
-34.66999391174326
-11.260913626234707
-9.998066452290706
-30.704815084882558
-44.39139262423379
-16.444248660374285
-18.78600191382486
-10.963961019701278
-13.075143126798528
-12.12242174239222
-110.66769570511488
-14.245622876212595
-3.6157113579365463
-10.447471041734019
-4.19253099645344
-5.43968643050935
-28.031790744409896
-78.6090684749778
-28.132430521340854
-12.816862319298453
-30.052296386493527
-7.044321725589772
-14.586405750152814
-32.03308355521288
-8.62050461531912
-8.244193935552016
-29.470527753708506
-8.355012051598859
-15.67563329881203
-14.529943297800674
-44.23773040940784
-26.612941742517236
-30.9938808328249
-31.099998661786394
-6.863090363210828
-45.58364480850929
-34.081110890268434
-24.272654286835607
-6.2869942054564705
-6.5467729476104335
-9.755771410032928
-5.4633393542077675
-11.399219905696615
-7.424660448904311
-8.833633233986264
-18.971437152402753
-13.682571405673539
-4.999639387121704
-17.949502267919012
-5.497889661176941
-7.769899948413392
-4.964175261689585
-2.320937650095633
-6.308473381174572
-4.411474892126458
-1.9988636182704245
-7.99556398118926
-37.15499084421719
-38.21161759474697
-1.5239436623640386
-17.90131697235296
-12.837001265783403
-38.96995079338247
-10.218594564328344
-13.799240393935483
-48.67388840001772
-9.27170767522548
-5.525711773011718
-7.575878158812091
-10.451245217934018
-77.90509992391917
-35.845793568135825
-5.839016546484552
-20.476461190224775
-6.123005641794226
-1.5230226888879776
-25.782762650882287
-13.086045038857591
-23.16724956029879
-4.5060961837926765
-18.91593160906629
-7.835237139891752
-14.39513117076023
-2.549416244667003
-46.42353995663373
-32.18340512744552
-8.884230583745675
-4.812270333591842
-4.035605474602132
-2.192432697805223
-5.316142081469429
-16.914064715503713
-18.323249509417575
-16.29339946569709
-10.379468369591736
-8.15896410779358
-3.2603221187459215
-19.327344945322412
-5.625378351808528
-17.384960524820666
-27.772210786970838
-86.5073673587609
-55.083439570582634
-13.138593845545783
-17.154287832028494
0.03501079763334247
-14.65573289559374
-3.7345243677595925
-6.859452374048158
-32.29913650131876
-8.801118373058362
-6.169042829345926
-13.804635546922965
-23.594376128050605
-6.355075135780422
-2.169087207551299
-2.8687116503419285
-7.238028022073784
-50.165478118841634
-5.421707978346413
-10.262731590819415
-9.602495207648072
-8.023272433024825
-18.84038589015195
-20.918246268256894
-50.62847609444154
-43.29930598289759
-7.33524672621581
-2.7987014372493566
-11.639584216848212
-22.443760645962225
-11.34827243870206
-15.901935422553677
-12.513492077841402
-6.406640998513555
-10.507510773765947
-7.001319775667979
-34.0955501911066
-6.371259807238121
-13.360873906137988
-17.61452798461027
-19.521894158813794
-7.013890641926888
-5.1896775714343635
-27.578833167238063
-25.183048742785992
-19.305883851379274
-13.929133992154584
-100.0438419718245
-7.501766545124249
-15.654657227335031
-60.735095324351555
-4.350151501132677
-13.896131899509069
-6.22480933527482
-4.405809083908235
-105.14024407125284
-10.231202814930812
-7.5082087294201925
-10.209629710382142
-36.430544372651674
-8.572223497563277
-32.79632592958389
-23.325895686329144
-56.99434921603394
-5.986619542507438
-22.91373686357156
-37.04835633611645
-8.139297222394623
-6.653025811330788
-22.204471794218072
-10.851918871092774
-37.28530787297674
-6.59616071355754
-11.412849185964136
-10.65975875535832
-13.314747323959988
-32.556610373789866
-5.896776713613355
-18.431414580990616
-78.23144169939891
-6.009441014692298
-20.646192313438565
-15.36945296290366
-16.85981644698784
-27.60938038093499
-5.188298353872553
-72.53790337911943
-7.677581719265043
-33.960179998480335
-10.99749121641841
-7.797302156340862
-8.43564510912485
-11.359021139042994
-11.342115955145283
-10.18884584622269
-4.615983935883503
-69.47213687144064
-5.124047562896433
-24.157081935743655
-7.39963125068503
-16.171589948561554
-8.287048818947602
-12.357983647258997
-32.001133666282186
-9.551648266834345
-11.230723158955499
-34.97094728437536
-14.99591138390359
-31.904297217658343
-82.59102329666344
-32.276667144475105
-8.273574203774412
-29.954664154375223
-12.018841397512492
-10.920697914196015
-3.2405330440541396
-4.829962182760201
-12.919416571979774
-36.959226782041505
-66.19654190548728
-22.14341139759076
-5.520702605871004
-64.7692779298981
-4.784851261425737
-8.28376798888146
-14.96537419700992
-5.2384500579688105
-10.276678954120278
-16.967387656739547
-15.450555146717223
-8.725395960407413
-9.960728344954003
-24.736575027169632
-4.236014471350456
-25.761369920906272
-6.7038095247572596
-15.416806394259908
-14.892441923421906
-19.15773958613165
-22.290244450756138
-9.256620798763045
-10.510628273926956
-8.758605948331198
-5.758337531807423
-4.241925765751611
-10.199075600392549
-22.986945570456633
-19.787077311413032
-2.1732317336695206
-6.934351800842068
-37.45038512911193
-6.681110175553915
-3.068337990305072
-9.748870396670158
-17.374822549054052
-12.51103531080145
-32.03324022106707
-12.029216420440097
-30.69854197612181
-7.484530349130391
-20.884606868777674
-16.11556897824681
-20.071228277620484
-46.37522868071002
-22.358350231864268
-14.36515052026977
-15.191615814886418
-4.6146430301107
-9.57088532412566
-5.724977559426321
-9.885583382485516
-23.907419981317123
-13.034855730580816
-13.854158796719132
-34.015953724252874
-8.115895754601349
-46.05671925579975
-50.06102970586168
-10.644091123869435
-80.08939910142189
-47.92815639753676
-14.84868738140367
-3.208964646282298
-21.404780642614018
-11.077260957818426
-6.776257334705904
-44.01969450248587
-37.13745743711222
-26.792955489039148
-6.7062611415773015
-18.06412771049887
-13.93192346356108
-3.0703907709890927
-40.98472133113427
-15.08135761488934
-58.90126317755252
-24.688323909484698
-13.487142271923219
-22.467520306381324
-15.129301678476832
-9.992203213253566
-21.704805798812913
-22.652506037263723
-19.11780079503685
-46.38077273576973
-22.253116426532742
-27.53021973851275
-80.5113257311345
-29.377635136677586
-20.803242219529082
-66.50934117999347
-10.98979285320433
-7.992027991773183
-9.671234199370554
-5.096988987205032
-31.243350037548577
-48.099629745549386
-13.692903943661682
-4.665422768901742
-14.91419904616052
-24.50838194407198
-3.3099810711571287
-3.3586741842408707
-27.887404809158333
-8.900563675141685
-28.683138763143706
-13.633070009025143
-40.310062915465195
-4.4417482933835055
-24.472344889405193
-9.744812386237248
-9.460105744775912
-7.560688476234099
-24.963066406064026
-28.98655343922882
-4.570668759986838
-35.877833118259204
-46.499931875143815
-4.811575052127229
-8.999681868624528
-10.397624768733309
-29.768825369005178
-5.119703540689134
-5.349385869976803
-5.2784066038531705
-53.10147539242123
-27.891797512788507
-4.9937463265989175
-33.142230117372776
-39.507697746636815
-3.3099810711571287
-5.822517455042442
-40.19930514986896
-30.875659909324927
-5.062499444535644
-23.02292210183391
-53.9972336471179
-12.088882280381142
-23.293212100971235
-5.149139217669971
-24.383028619206172
-30.81730420788602
-8.290472043522989
-222.1669298101832
-26.65303686174198
-4.862722055735993
-11.770346806903918
-8.186703175939867
-19.31268616593088
-8.604272275896527
-32.11194471287378
-22.196790765074685
-6.071957983474266
-17.514365413095916
-3.7826439858174847
-7.11372520619361
-15.527579993453157
-25.970124609766476
-16.761592518286744
-16.21716036169444
-6.429696953453023
-5.541978791534325
-12.884759360546695
-12.610161684697228
-18.554152219342534
-11.51862604110948
-10.76043998972659
-5.832728372286639
-6.130515546772036
-18.698978111417475
-12.274701405077746
-20.300371410025797
-10.537823031234815
-5.012637253802738
-26.264680012065767
-14.605243887857627
-6.1092153036842625
-18.669898853329656
-20.599282773644916
-4.874201079835929
-49.23417684669726
-13.052544720007061
-15.053194821646713
-26.740287686118577
-6.161902633060792
-22.90363304251351
-57.392333326121125
-71.98519281307232
-33.71201059481507
-15.221929323115523
-9.423593254541547
-24.006533065134445
-21.562012605562327
-19.174947419323416
-58.50850920293885
-19.43951037775995
-14.901225981965169
-8.752468050076327
-13.384875111441257
-11.734400458293214
-25.2976675583636
-8.492387981211836
-18.08694011654616
-10.570411449328466
-4.4260291283716855
-26.26858259245053
-5.423014895592277
-47.550729125121954
-18.114916732429386
-19.23225980438358
-7.302102065028969
-40.09333516715814
-7.762655890860166
-8.461631961221823
-15.651772172862664
-7.455422030977726
-17.77501472899253
-19.231862457081462
-2.983156060511466
-10.683680544781133
-13.46483729508062
-14.046087611441683
-12.845848688505916
-25.45148199340476
-10.394564717822707
-6.516629367648897
-7.677719949574669
-12.51666455912905
-4.351989174128518
-6.1790754199236515
-5.801579990415338
-22.481201353448423
-6.752482898470771
-16.03586808330662
-25.96442495968341
-12.088869306689874
-17.08352873133818
-42.53969382342166
-11.692017483729721
-15.274211503424738
-8.5244305089194
-20.96732027181435
-28.232967553363945
-9.857997413581707
-32.012250519404866
-6.0642385749499415
-12.116040828782436
-21.54764189673435
-19.975385542963252
-4.351725209380983
-14.989602255094947
-10.074795319883565
-19.291720337400026
-14.86800672857968
-8.153176396889522
-14.006931332955372
-34.17808000827434
-18.49862445898339
-9.465947427268725
-18.935068268782512
-8.26124816110561
-34.20429619734658
-26.493206010391667
-42.20328565808912
-11.678007881735994
-11.7458908695637
-78.49656159393263
-17.09415503461908
-7.894643535850478
-96.57611304809778
-16.626944972041354
-20.335435170171714
-16.585427994923005
-71.60215546176906
-11.896426941069443
-9.504049681355301
-0.7306477993230246
-12.953169173924625
-30.879553738871365
-25.015303314908987
-26.42567327552409
-7.481760585744961
-25.94182716361425
-97.57423193183078
-9.91463542710321
-24.709722287088418
-23.97201462050769
-4.564294362839301
-37.975170306843886
-9.117965903025082
-11.78239805713053
-11.517132236481388
-19.888994639670095
-101.25834987793688
-16.710659235525416
-18.664304413447326
-7.823395660700901
-9.793777343267445
-27.27765264131284
-27.799609734366143
-5.444365135399552
-7.739219276505211
-83.62163231772091
-23.824880169322054
-22.506516382903797
-195.94603243259272
-2.422813311006298
-20.14763504470149
-11.772662273128626
-5.84666106771366
-26.294935121581798
-7.9938820612837596
-6.027868158752857
-5.804092691457172
-2.6230377560319575
-10.33326206311435
-18.41567130713725
-13.727197422224119
-16.14506904749086
-17.437517194908466
-19.512540212879944
-17.637512933567468
-10.8681181485184
-5.6037000660209735
-14.383646352276605
-22.378238368795774
-20.90614088401416
-12.865297709341153
-59.23988655487682
-10.570102754539983
-6.352038638657107
-51.20506230056044
-19.036737080260398
-6.84310638594761
-38.1834993457405
-4.865832329778476
-19.34191346364407
-13.365606838957106
-26.574052769285007
-21.76031335695983
-15.265734053849904
-6.358227356904376
-9.443328835389774
-4.558436128605922
-8.699017535309515
-42.85247749331382
-2.2659186451039552
-9.379348280360432
-12.700984623431308
-20.91635007128651
-13.934937885244981
-0.23382665932848593
-34.95196746524184
-11.634778248406322
-53.55352032852802
-49.03401437657196
-77.01983238905179
-11.389073788563348
-10.831098050804279
-6.385082755883253
-8.507321402672952
-44.390652695291976
-35.73954018074832
-67.22036264807933
-2.787769165449719
-105.05388442368012
-2.246341329312093
-2.782366427608056
-21.849175294752712
-48.382231567184974
-64.64628596969237
-27.145600389801775
-11.191887206891773
-4.581375305018479
-4.691968109103057
-16.190492496084527
-13.417857362071944
-87.61148730539816
-14.844038978761008
-14.66437318063134
-7.268703759943828
-3.5595751394255477
-46.73244792065414
-48.24916066671098
-30.034652115300304
-4.819974461543787
-6.941310486392324
-21.943242345326645
-46.42403386623433
-49.66511146137096
-50.5771156983496
-10.691269245023099
-85.56698492316723
-11.729089129978533
-8.738636708443162
-110.99007024717281
-2.514715450906615
-4.0777396364971015
-18.016493893138904
-12.633677242163836
-3.3671001102516036
-4.7475799461565105
-5.503219136531257
-4.3951716126255995
-26.62273040262041
-6.925901600112113
-30.87147248938143
-9.792613024821957
-9.401395190443926
-9.58695994571521
-5.843186536372608
-8.848518319517845
-8.362530960396143
-37.57596463332645
-13.495463019758143
-16.18958351632393
-1.8203607961114219
-24.51240124632087
-1.5167415209016148
-3.665974626345937
-45.15611532693312
-20.792753675791168
-30.970375754644202
-12.30291753895439
-36.98764945805003
-6.477050157953801
-12.181805963342963
-7.449219103946588
-45.629090879655024
-7.860195082297397
-8.740259460734396
-18.049220904630776
-9.415880053167806
-21.359778198124413
-7.738033413973226
-13.723838108694833
-31.3417756180442
-8.450314985832964
-11.82438688831947
-26.091566210001954
-9.496922931188424
-12.780193283055338
-27.435822160306188
-57.18660077815547
-32.39071087519036
-37.78610174168462
-97.40755352341027
-8.259910612593725
-14.487621762430848
-6.161723003227972
-13.85139445011963
-12.835839772022215
-13.306181310995266
-7.871224166126369
-11.950191720388174
1.8501983432146725
-35.95881108142837
-3.0876093074450144
-18.957646407482528
-82.54179267617
-24.840545730745976
-15.872015620867991
-7.489316771765643
-2.0927027379138994
-27.996274839721945
2.2108798601286783
-39.32878562976229
-12.205819271215503
-13.137902048024745
-17.880295287169698
-46.71571313268004
-8.59702625149132
-18.66959403982178
-45.9387514744809
-19.75741182642943
-15.2396604049568
-19.94638124019481
-12.816862319298453
-12.317619523907405
-19.9289417464987
-33.25089105973575
-12.734518582596356
-6.213109903522432
-8.4738399007024
-23.953480224998366
-2.5905244776844776
-20.631761558089
-58.45957628662469
-11.655027233277043
-12.09208675519922
-4.663803042141797
-4.0443702582029175
-44.214334988751524
-15.091267487955978
-24.77303308655118
-6.69919979847292
-12.431690953375076
-6.790816570299211
-7.015605374919787
-6.214208758074847
-15.783526954574043
-36.74510686463944
-13.009411544242216
-7.475624725280151
-6.161995810391499
-27.86036199762725
-5.258936055201625
-6.1003446650756326
-19.072382595314792
-41.15124750475523
-48.568752704279326
-21.52168650253567
-8.709204716378661
-14.942900460886314
-17.792905427950462
-5.009142726808896
-21.251034501160714
-9.462880458585074
-22.951352045826454
-20.908342755961723
-14.028568377474175
-15.448191965065687
-53.888837357190994
-15.136793536140237
-30.633455047577346
-2.4060793243545704
-15.885735792529275
-8.005929052347147
-18.486840464665875
-11.094764563818455
-13.78588703052834
-9.809129880064598
-11.77972628963337
-35.434826462249646
-5.282600589928098
-11.52094825652937
-10.436414830539041
-20.42472770558804
-7.836699898135012
-11.675249063508856
-9.592049305899472
-9.655084293246981
-27.908968472040442
-21.795298703125667
-10.164812699174151
-29.269599298553462
-32.21873242947934
-11.285893152915879
-10.765931054972576
-12.37460423930586
-7.639569712647123
-10.101926128814757
-25.97398613444597
-31.07613347428459
-18.15962352916449
-10.564393110929029
-21.43531225381119
-12.544273552614595
-10.649766681959793
-69.39578245359377
-15.050277261036067
-19.881212836741298
-13.420597440081327
-19.922304459152993
-12.112302531287146
-10.051714735768712
-14.216657371646187
-61.82004046723231
-3.244965203886479
-19.227922573555
-3.8587023857390266
-6.883554732862087
-7.037504776342853
-14.24373354027931
-24.21329126449161
-31.513588476551536
-24.229052550916457
-32.197057426250154
-12.514318188917102
-29.29995499056058
-12.161050946900225
-4.546398213555685
-3.617247790976954
-6.86900726869764
-12.292386877735723
-19.97704846895056
-4.819200782461587
-9.253358060503627
-17.52027424478464
-116.7804142111516
-15.685595212373668
-10.79021884404534
-8.060696728050043
-16.433234091015727
-18.056052195189896
-14.883714866823512
-7.018678156920614
-13.080903779077516
-16.824498541316117
-26.551413089690246
-19.390589380033507
-11.202953837164028
-33.90876277435418
-4.499391100120441
-6.9326128343152265
-10.16142568418242
-9.40131424382263
-22.85144866808561
-19.08355268369759
-5.643340106189462
-6.6268245849148855
-14.454164745712546
-1.0754721000864096
-19.777000961989383
-8.499870541646892
-11.971765038778365
-14.389384103731361
-7.773693746795408
-22.728351997306
-41.21325528655839
-9.820473740681434
-20.335613784035807
-43.274788204544244
-29.102494740933164
-10.433092547023174
-12.164451655657457
-4.761297179623076
-6.323747086233767
-18.35194388060926
-12.823551914470531
-13.299408634031304
-11.081047186539182
-17.652574439741688
-13.347287900259763
-17.496865405475795
-14.69698970021558
-4.108699024463556
-53.37495766081024
-4.997084011733508
-6.1206464619291525
-19.628348589137996
-14.462437870348204
-5.201964990551849
-15.165405672060784
-6.513227404289478
-2.4685234215364567
-13.428408401494499
-9.66464931423614
-8.232112651412958
-11.6473495802035
-9.915734003220548
-29.709727033397026
-49.66077185874063
-14.440423884935838
-8.914077879475217
-37.711435238409216
-6.057311652202992
-3.2290385862649247
-1.7523036676123047
-5.86633767554436
-58.93063977083252
-25.959557513866095
-21.792122522334008
-91.03741867716603
-4.7887370017025015
-18.73984747214313
-9.593531413423651
-7.530966872628144
-43.32554848895072
-33.09785568553695
-31.336392574339083
-6.773105531032625
-5.4673252527335805
-33.25091223369757
-7.339519957736848
-12.695996138704423
-8.33629303667943
-12.072608062139054
-25.339603275717653
-4.411642432868463
-13.619041034401869
-3.3712997329942564
-20.307534807796376
-15.93560648453027
-20.1397260752093
-6.6224105962006625
-11.108722056460392
-39.04165194161356
-13.257722737445484
-71.34185621830734
-12.030453726689602
-5.253455526288279
-19.78884010224322
-22.133277450194687
-10.36023667819855
-44.97048568193064
-24.43252206954223
-21.89348930890677
-11.455948593929394
-32.09566862541717
-59.01950083794952
-24.759038565041717
-16.569025015418063
-72.8817534544928
-4.46458421242715
-5.645567543441511
-5.143151066649794
