-6.778879874296443
-26.219418478405075
-19.303099205806678
-38.118578949521805
-29.301728425952515
-13.176619928822042
-29.673317139262014
-29.969267190943274
-20.186534798084548
-53.768191756633215
-8.688895745840492
-5.66100182750096
-18.358981798394808
-30.5414271214578
-17.391980021108445
-50.67789719783246
-31.157064073913514
-5.483199701656846
-4.679009856424349
-15.040803678094424
-40.91096686137769
-12.83139013171011
-34.785351327714984
-7.069303016500107
-6.096808704536288
-23.3865860930082
-7.556752340795004
-27.46501231593476
-24.53423379788346
-49.139601142637915
-13.20781229956657
-13.410879570974796
-15.137092746600993
-54.11074301510426
-13.19993790591528
-6.094275861402996
-17.496975965847124
0.4027810486004636
-39.05707386346716
-28.330164961346128
-14.323730575597468
-8.034065488944997
-15.73001962314618
-35.92083045191961
-2.6865736503452884
-24.740601971038526
-58.424476542730226
-4.768322504113677
-32.30414508493133
-8.672149361552814
-6.881024591800752
-44.564196123412046
-22.460825856580048
-21.67684413992674
-7.548478826709689
-30.25466608378376
-13.85807054181695
-62.59108200797731
-7.493576662411949
-5.939021945063396
-33.379993043778704
-2.1454941465229025
-46.50698277259666
-27.000743834964275
-10.899793524470535
-45.742875595970716
-37.47770092621917
-15.174683304695
-47.8531586216929
-45.49101532903713
-10.587853017800244
-21.264764322862934
-3.8015359389840486
-9.911023813066267
-33.253770859193594
-24.549744072803854
-21.07098537317632
-3.1725043138393088
-20.214074736922864
-10.35136740351385
-32.621626073310054
-20.503334997919097
-48.06222934152544
-27.53860016061624
-39.973915931544155
-23.98388134569437
-5.0857896740811
-22.585577873589642
-41.50499725730054
-11.531128964371785
-36.21385713929239
-26.48290995418567
-13.771351829608035
-2.161495755929936
-12.855673207144312
-60.3747186380572
-7.488349986131439
-13.858937128745335
-50.60523782294777
-8.020280306944711
-30.984050650254773
-6.7583512914693165
-8.347360512728907
-44.56714891287469
-12.255297748063374
-21.264620426761457
-11.1643696947316
-6.278285492809385
-11.751716528637905
-26.956767793373256
-9.771896688772514
-25.117608771672963
-12.476478788698385
-32.96287139522123
-39.54747262514356
-40.196219545201195
-26.42335442545671
-4.866578943980321
-14.947535822145799
-40.192112738213694
-12.299389963582032
-10.086719923766594
-17.603369513984937
-84.27691923420046
-16.891777019258864
-4.866848429535506
-12.769807531677168
-51.79225563141651
-32.430398053217736
-2.928361363737025
