-90.79017052170089
-18.62345817322024
-13.90954077503772
-23.786307155760035
-16.320582037439177
-9.391537041042136
-12.455422113166893
-6.490502281279938
-5.105730288049542
-16.58548733355758
-16.279587172452896
-36.69492145517981
-37.636622207744686
-3.4176398989024275
-13.903062386952064
-10.623486452305738
-18.00823342427865
-7.3435219944764905
-13.247416150392699
-12.286940933863225
-21.415036044451572
-9.539494184176144
-52.937791156703504
-42.8023031195079
-9.646732033888151
-21.848814249298886
-51.48068099713459
-45.23985303844798
-12.521184803583049
-87.97827794429566
-34.85184214822854
-12.404498993385424
-11.094340698949608
-34.01979078349812
-47.16202055571585
-40.991009660583266
-53.86424591890276
-18.71654056697178
-8.683950549764171
-50.99589959007306
-4.16040699528533
-22.69991657282366
-22.552198424546297
-5.105154369595134
-8.156866244649466
-20.678289399226898
-42.026420851999845
-30.625477618810876
-26.65295580200036
-11.609572961917525
-24.02140607896819
-11.776951107936185
-5.02591193002268
-21.761100206945628
-3.4064045709884456
-5.794151496124095
-60.51462532542812
-6.9530568054759
-20.72259325267866
-8.289782647150961
-11.287719283929448
-21.38952687900774
-6.553851340270719
-18.09186413651616
-10.931102293218757
-17.523031722767993
-9.917845897447211
-22.435965400602353
-14.008165369411273
-6.1884057097034155
-21.739210055590267
-13.45984419877813
-24.254371779244952
-7.936035535153842
-12.05160454067564
-11.669070755533093
-15.905813123416621
-15.44676702489725
-68.80570495037595
-4.684731747411454
