-18.90581863080332
-27.24946915809525
-64.15757820163873
-36.94784097440195
-11.798084278799672
-35.18209703694852
-5.3114180569374385
-6.440524086549975
-12.630033435970116
-55.271389626607544
-22.716337439994753
-29.533366761618755
-24.86346394329478
-2.8301885895073906
-21.632801777013412
-34.16831305274973
-31.490859082432486
-26.675111290116668
-14.251235914155302
-7.479314703790545
-59.233015143123936
-27.482733082052857
-24.94596787465534
-47.47215602857236
-6.659651849681923
-24.413889382274558
-41.913917819423745
-25.756042341123987
-28.588237700919606
-13.52492325031385
-20.358925162128006
-11.908845020631507
-21.810459669134385
-32.928077278579956
-60.742405993832634
-8.295043835606768
-4.329626237249408
-20.677328403168133
-7.019458004815722
-20.62184124826941
-116.52129576385944
-42.70955748641672
-24.336918388555006
-46.981921747724165
-15.905398299705682
-21.208185860786656
-9.54606006285647
-60.20261160500022
-18.573628594561516
-13.458698211042424
-26.109673269602805
-74.4190550552904
-37.742027761103124
-23.907095982722314
-13.10654789544055
-59.482205042692115
-34.104814126521944
-32.446555761893215
-22.09515967335237
-40.07827587299006
-9.898150314190772
-25.562723192164896
-13.043855523218564
-24.40524974201953
-50.646589852018806
-22.76109024090719
-24.991012833613762
7.686961724767741
-30.445574031745224
-13.733645559711691
-89.9614524278481
-36.39438258249426
-7.843659590118602
-18.71308687477338
-27.133351825815257
-39.07885503790737
-6.6607294488911934
-16.42737264924331
-19.504609726467866
-25.929950070784272
-24.567352290919562
-8.632688360730969
-13.694282989942776
-17.28933340610703
-11.927686534569482
-32.50588406606103
-57.85587688020227
-40.787564330831465
-13.18539018739754
-21.776903983460997
-23.645963738185053
-39.378703555360815
-57.05020672462828
-27.886098719939593
-11.919732028724928
-47.2941524104759
-52.29820656888915
-118.78378656818478
-9.387679240683717
-29.73539038321153
-24.457074326702394
-28.940535309045696
-15.28795655949357
-28.75256115156156
-24.875102875989494
-69.85384827751078
-33.226699918507954
-24.98256566838176
-3.835589983636571
-16.10565185841098
-16.583138683109695
-57.11316372926333
-29.977017680976058
-24.044918723804415
-81.02813370559726
-6.095557197299558
-13.934508116874738
