-22.531827187348387
-10.557800006723213
-5.427293510847966
-12.83747146473601
-77.53549695759688
-22.434972199044214
-32.521923417334584
-15.34832535923524
-33.25079904467419
-34.25105156731461
-24.850372451310427
-50.9783897829086
-9.110892718803266
-22.48240821225651
-8.75924912256233
-93.96174443552677
-9.834378700734955
-16.58893370104831
-17.368097178523595
-33.36862690229796
-10.921900667688721
-4.675434946545259
-10.7540998359364
-38.00958955600143
-14.7928583010297
-7.833627538009034
-28.59305000130438
-23.082798562686293
-39.10389386671559
-37.81461182436564
-76.67865175468125
-10.170903323011121
-39.40837319417372
-51.12342877346612
-16.564671737957408
-48.009769525686096
-14.370082733163498
-9.572568490511877
-11.312592394543591
-35.88230142395027
-47.77553460749026
-38.11213161669759
-6.050156177758263
-63.06813678950166
-27.636761097230945
-58.964691346884464
-45.28431638055615
-11.748228843293465
-10.666030382764106
-37.62509534544094
-38.0296545376163
-73.68519590018681
-13.349908531588905
-9.424950900210835
-21.956727909043853
-31.29686549120926
-13.364492889111236
-77.57338526347013
-14.188481508632568
-38.31462621956142
-21.286676407237934
-18.89058501651844
-10.17478294166628
-11.971422914009434
-33.40685840572595
-42.150566751204494
-77.00571363714882
-13.560257557259495
-5.533714410476544
-13.405719729570308
-15.22809967315155
-81.58041159464393
-14.786702397105087
-22.42365564548479
-74.38833911619555
-28.537645878312503
-25.386161814385428
-10.880166571401892
-14.316929393784273
-10.741876946923911
-28.978067746136762
-100.42619686006515
-11.079417138719126
-18.526300774000948
-8.557273611758426
-16.699015574386546
-82.88159278438398
-21.258248279944567
-45.16945930457098
-19.12935384716175
-76.68606937524501
-73.09277876975167
-6.605543052032866
-27.96159836739412
-14.294815196129388
-22.32700597792282
-25.29625296928644
-34.845070770360614
-27.348838467871325
-14.332558148952431
-6.048625891085632
-7.824589842317643
-12.211337802040951
-25.96320750538459
-30.328510378921838
-19.490957185710172
-16.663133219224775
-6.272779168898392
-15.614390811042341
-21.377919051704783
-34.08861402606082
-22.060864391637985
-51.2702253418692
-109.50109506041663
-6.46438575949177
-45.56193860731151
-11.550974656379811
-19.298064095429773
-8.693837453080384
-17.515832466081182
-11.959295155385744
-24.258982476413568
-15.112215517034896
-18.62837231223044
-6.059565063812874
-13.865673711738449
-21.27652906468055
-8.376113963278465
-29.83227536540695
-29.154377726394134
-27.127767801327966
-63.87650789454035
-21.91764880136642
-27.514711932498876
-7.259591353249751
-8.259565100225178
-6.650528753273781
-10.008231026254311
-6.132211864223103
-11.989539486467482
-21.255904740024125
-28.890571158127702
-17.173025446163127
-7.822560282986634
-73.2568412799382
-18.425557249523894
-11.776400911706698
-34.16578203832354
-18.622804600729943
-53.38853379848127
-8.1087361608657
-16.24785252265249
-32.292421336158114
-9.202973687976508
-29.0671198770455
-7.144989518298392
-57.702178246716365
-11.572206283252918
-15.439329548677465
-28.672187782096163
-6.845546400639378
-36.595852536271046
-8.898617677703301
-11.516781132055874
-37.67576830099103
-15.6616290554263
-35.20550427641113
-20.928729857670692
-29.173273875233818
-13.49981979545776
-37.93898270186952
-84.58674325340628
-15.0831560380544
-17.20632781198221
-8.06338888802985
-48.4780047320902
-6.7446759931516915
-20.33820427569907
-17.011204299236134
-51.893503383591906
-3.5112866063082198
-30.50568001208007
-81.45100595257982
-18.83743553924547
-20.902983436345703
-28.564495621907994
-12.390070255748853
-37.21434508228013
-33.09209981725061
-34.7489045255989
-30.565405204491814
-23.356534370549387
-18.3763022124032
-66.48411945842291
-7.772901330575425
-7.811838388313294
-13.268040782040128
-22.95562287905673
-15.881783740385941
-51.27695639249517
-40.80291675821586
-51.999175389806986
-19.520425468558194
-69.26384607293053
-24.66615867044632
-73.7594172028634
-30.13861622063736
-80.44577812744093
-64.32835444360151
-20.023347450699777
-11.4950020193739
-24.17628639664818
-9.830812630551646
-20.59317195710342
-13.995028655872252
-15.361078697415676
-4.847814975270724
-7.221506124529395
-18.37947667622625
-13.000970595053557
-26.852652431767165
-21.422390144327903
-12.990152219552108
-55.16511121867763
-7.107442417079332
-45.141404687651445
-5.837279399182169
-28.163066722791662
-29.11750273315171
-12.894837448465093
-25.345641514555865
-20.792753675791168
-47.19162521187311
-16.2550851277774
-21.895246752429657
-7.106890805839304
-12.658511042010108
-8.913648859410694
-65.40610394310399
-44.36887004254828
-13.485121554852626
-106.13849039595263
-35.4276365081227
-36.75024859880564
-20.587796907359497
-10.331891058589703
-18.74083443464251
-43.89214025647585
-7.331631909760223
-10.20964739494069
-13.545575764951655
-28.771235427724587
-9.984896383709003
-19.964376929369347
-18.26476418437376
-8.588519086697088
-20.474796700446696
-16.978983462390115
-23.257578411951187
-46.642073330097126
-22.458429305713928
-45.11711301426779
-8.583459681262068
-4.162120677823649
-5.898095890529321
-48.41743725312849
-19.091980967580124
-24.996709885069944
-16.390338575612542
-20.034060255443887
-14.654221685984634
-14.02775440783266
-90.19975437662312
-15.450992088598257
-15.498336025881455
-10.07196487049873
-54.007465461223745
-15.354356721522697
-42.24915791594995
-24.612721522327025
-20.43410310165732
-36.57937488983539
-16.265990454411902
-13.422873463894183
-7.651907889869677
-23.4360986816061
-50.30622155209647
-26.724354037975015
-31.17574013207798
-57.18728115117313
-10.290593132906437
-13.266672928020359
-29.642949353744584
-18.614025080378237
-106.14063282359139
-7.9257538906208955
-106.00491095521568
-6.7339396568928365
-9.648625072979108
-46.87662569061437
-16.796328772574135
-14.986605863312931
-29.11591625062125
-41.34602182921544
-29.327616911531575
-47.99561803721259
-10.290364385813156
-99.94706587239219
-29.902625391765003
-11.572915296865498
-12.61685977732933
-27.38681580877924
-32.82090236290184
-18.45124724862801
-26.40316031789297
-28.436164195044803
-16.197946307659397
-33.25089105973575
-37.945614315862336
-86.23944025085258
-14.982278870125967
-10.24595888862316
-15.501937957062466
-29.48550044083584
-35.62630985797526
-7.821296225309744
-29.396307184321167
-9.509006661322875
-14.249908486677267
-11.980066699706928
-8.571022346084563
-61.6857409530677
-7.362808119991981
-11.518025734570532
-22.652506037263723
-6.758939847564836
-11.292129617931021
-69.56885934933193
-18.15472377533272
-36.94450845600943
-13.682651522768671
-9.762159225117335
-13.56547558695297
-49.74724247404773
-26.919583684125847
-25.234316407269212
-9.97585115387663
-12.346007145316111
-58.13134984415209
-25.45153826543605
-4.880438755408718
-23.739896052707852
-13.65592401095022
-66.32707082718996
-58.815195133607745
-20.106120933642913
-12.06434731006408
-30.283996351154354
-6.359212587689125
-27.01783337960369
-29.76426412394322
-8.712628607207847
-3.6624008263660564
-19.75614767543427
-12.042861479864966
-41.638810632717984
-27.522338058910893
-3.073197528439455
-21.655136884553222
-5.549050124893373
-40.21277267320363
-45.13899025769131
-20.32791703604309
-27.947767854677856
-13.263587900672523
-43.34110995197795
-75.21327064712614
-7.988389600662191
-12.82233274070073
-40.48087090620267
-10.462554581661566
-14.540573101760792
-15.709557248114892
-13.387180666265369
-28.379599892080833
-51.73892013629951
-10.726458610937089
-28.02654551794909
-15.263874814402714
-9.899719386620175
-5.90683166684773
-35.39674647807742
-26.426859829932315
-35.024065880123715
-11.65574331516737
-43.38915808399595
-44.477463771784514
-7.811686821545131
-9.864429361815557
-24.828920171162444
-1.9718678043200106
-43.04881993486114
-11.930499835718022
-21.771309327547208
-20.81878566630373
-24.59502439149709
-27.355450150114038
-30.90874839531569
-30.09813690691259
-61.765492051753526
-4.825627000528161
-25.12848552108185
-11.782404257571406
-11.26969808942373
-35.212381089428966
-30.25121058985621
-11.354186890572615
-123.88867079727434
-7.680084133312275
-51.67024080084098
-30.016266656836866
-12.861605066843202
-18.153107552542018
-8.688998204425664
-41.67373263341346
-6.9542624847292975
-20.25130738877061
-26.441096395795277
-12.64497441468044
-28.042845105003167
-22.681360275223298
-27.454929402262454
-21.72909336464244
-53.63641136867075
-23.09058434099544
-14.000693282665456
-35.37275775641725
-16.223646419597408
-20.43803975732098
-9.907464799229125
-103.92361852012111
-8.53772296421291
-20.39004330607691
-10.220343476061863
-10.119187027402749
-23.185457061163238
-37.68266997005004
-27.313138814769637
-15.454250926822944
-23.53234164351563
-20.21183536560424
-44.282677599253965
-26.732505007725212
-8.734706304002405
-25.704302196632145
-23.61709104882549
-28.916035975867832
-7.4533134708582764
-39.43101171885634
-52.588676138493135
-46.37688999512174
-8.659011022911182
-19.920647017334822
-29.481108827610683
-19.787064356899393
-14.858427806820952
-8.629314168268913
-13.29848817096567
-13.071011447714783
-13.257705113749845
-8.527404507487114
-19.738593622079964
-30.057354651894755
-16.741396128324798
-7.275272300541646
-11.134303947546695
-15.924360461037583
-43.783913331136496
-13.93707430079178
-34.83519535971293
-15.696873570831597
-61.98403961212529
-19.821406823539487
-37.97017957456513
-24.142481615687966
-25.483412609527278
-34.8166450489009
-15.96557779675165
-26.159876912044858
-8.557122044990262
-15.108830753708316
-16.015706398355483
-13.315234849799424
-7.849413490993913
-50.31902867880352
-56.995987484638576
-18.666470830908636
-40.91396826411313
-38.95439907494453
-52.00724232665811
-6.0338423290023275
-8.405255874096358
-13.837184572953246
-29.61088849930386
-32.68095986210925
-52.37863196465987
-11.619473809618125
-31.19017541405467
-9.386595697263294
-17.82336296806211
-14.005083039669012
-40.18540215331998
-4.582639603563393
-9.837323352849578
-21.307321944244144
-37.10550467907338
-22.32346253250274
-16.482696493023425
-72.65829597149147
-33.370506467764585
-19.527138792144722
-9.212567265360743
-14.650599392996394
-13.602852477404364
-9.572664442692812
-16.210462302112784
-20.63179839412484
-11.879648565170024
-7.301584065237126
-36.15295606549893
-38.80848344741157
-8.835743170720292
-7.174827125758127
-59.9569702028287
-80.48407035972248
-36.77926855467357
-9.290299244198614
-15.068676844622637
-49.21519801817889
-47.10478235448536
-22.615550231531344
-5.67351539307933
-34.09940294891791
-23.334629008336943
-10.15002327750583
-31.984297777068022
-8.974321607494305
-28.472778592963987
-22.234972192891977
-19.827964506615732
-26.38528556696041
-79.33565985283458
-20.853182677302275
-49.540840484194966
-22.364424390677215
-16.6487269275963
-12.528437866231451
-21.804602974402943
-110.81768488689059
-28.74936728947718
-31.985900552232298
-65.19712023501508
-33.33324539115331
-24.66286950198195
-62.18880399339139
-32.15711696710177
-9.279795856466322
-29.728598624319773
-95.900671523257
-8.46497668887322
-56.13005036980908
-11.841374824416945
-21.778703963722077
-10.845234573213789
-10.239771229106477
-10.773417505295464
-25.270290630997472
-15.335690930221045
-24.67561630607587
-13.60751906603893
-21.805017857014104
-26.657573302458392
-55.89630574121846
-18.93317021668727
-12.864848229632576
-49.23770954182623
-47.70853600231822
-25.77687445211811
-26.416587973249836
-25.370671661910293
-17.556583763887634
-98.1206064622669
-29.045466482384267
-10.033701084600017
-33.90429769098175
-49.84821933322118
-8.433048469184644
-27.34672209487086
-16.679578151601884
-14.193309095357094
-40.11767032658131
-15.381011799070686
-9.823672337786107
-16.48097827105974
-19.45874190736631
-73.38072993731402
-43.524714302061426
-25.345584155285362
-4.637417537118251
-50.67070365741497
-35.206468942550735
-49.33745328106219
-129.56863921695862
-39.16230683945731
-43.986550778813346
-9.002987716762926
-37.95963744293564
-25.596513022980403
-25.80346279116296
-43.40454885439198
-14.215368300938062
-25.174459536774226
-22.757064293269064
-44.19037379074687
-11.430318942348963
-13.85213690152898
-6.033949651251557
-13.761512581820227
-34.13429585785511
-22.11131305012022
-4.4795939428843115
-12.533546909416382
-13.324188788362466
-9.518413585176608
-44.92367598553753
-6.683624061683278
-9.91402210945342
-28.396591700646816
-4.339596254467132
-25.553279519788706
-6.404131689533259
-29.735567809524927
-17.286661580171003
-3.984830116214571
-15.616841668350684
-39.599048721014285
-39.592596619302526
-36.57246383505442
-14.985059919886824
-43.538480172557286
-29.88532755027417
-13.399203056766495
-36.596230978445625
-15.409120879208317
-10.251560194285142
-61.80021632668189
-53.994984091695414
-97.90938162149638
-80.77829721478798
-26.842385111401626
-7.331631909760223
-20.940591339136837
-11.767670011685462
-47.16259984960039
-18.266244877940746
-20.47728738707996
-10.787006410390475
-8.252629163995199
-48.60485740763587
-10.960155064396444
-8.022523937671389
-11.528304420944588
-79.33860950234013
-16.94759145602235
-56.504204412208075
-24.461750441340712
-9.828567280105219
-28.954137596004095
-15.14663987233405
-65.59845808771539
-40.49569736503259
-9.313629483183078
-13.345319471901155
-15.026986266599797
-6.342635656327705
-17.476255134849243
-5.2031522261194105
-19.19221036194624
-10.17303524217452
-9.757919737802343
-38.130220744789284
-24.934582339815538
-13.733466539305558
-7.556649913512423
-19.98681549636905
-5.2276819816087965
-55.137843651206424
-82.98263416469305
-41.711728637408775
-48.269055871633725
-8.91315374431283
-39.749594053994954
-19.47499235372559
-17.471475874538072
-48.27726451195384
-41.87847304184191
-10.136085124671633
-38.76022415775014
-18.894088090045155
-37.56226492694996
-9.928641760304897
-14.47963381254559
-68.42570194165535
-20.03055448625184
-29.231241113989807
-49.665009550195684
-84.57229132122998
-23.494215878562
