-43.7002084234084
-11.669127723681415
-26.03492012122143
-60.89211185681172
-2.1518774867835746
-46.27837113801451
-24.02341444164622
-6.228522441095295
-43.0881041068121
-17.54454522592502
-12.373399012758558
-65.17070129521507
-14.27220794389759
-36.60133216482115
-51.81367511131608
-23.00742521413133
-27.329377801479627
-10.262731590819415
-19.86227171051321
-62.1611346738248
-27.064381838752855
-68.49681136537079
-23.40374532232265
-9.99359604731248
-112.89837639423163
-20.854176129059766
-11.019069336299522
-10.793494657924242
-79.4043748937977
-7.379237293062194
-34.0955501911066
-62.49708100198963
-27.39685532745409
-28.4636449385937
-47.03008179582567
-14.234670998050937
-43.98095882976038
-22.163812150555863
-5.81228492867979
-26.060005648811956
-6.174606589235446
-23.69457903835292
-10.617396326085897
-9.362795864564344
-40.25385980248925
-6.424901209343462
-18.68178436974762
-47.33659694127983
-48.30096794187514
-19.78649684761143
-4.9531554670780675
-38.60325865789902
-25.59264457876074
-42.5235992910913
-1.07711672879896
0.4541838529815182
-20.660414264034998
-30.315389695094954
-8.936856040625159
-8.117714746756683
-44.391890368790776
-26.53387140717028
-21.926089979329223
-25.54632087465388
-21.747296005704268
-7.84396004089074
-26.78936283847338
-36.73698496966698
-48.39497768566632
-35.9102984367534
-14.183617764548188
-79.3280052006438
-42.16855205262904
-18.612127948255093
-31.33555927347558
-26.53441767593889
-22.338977467996823
-20.651319397250113
-37.98252204914026
-16.44444871874795
-6.960334393050238
-7.320007441841415
-19.48228348544685
-40.83075063738732
-20.66368924669471
-88.1464424115107
-6.984869382299071
-73.92685908669046
-46.99799682534505
-14.293314200201058
-48.692168739042074
-15.683152038500625
-20.81651705874044
-73.2791858615243
-51.30200291542287
-61.710442779026195
-23.56805902927929
-79.42525623429792
-12.073966272412841
-16.289407795674474
-17.311574206241595
-28.692776302988978
-51.2360378917812
-34.97435133657497
-15.173772949604057
-18.383493345076513
-9.939860468929192
-23.317817846366708
-19.806701788490685
-63.277606192870735
-43.39032686288297
-17.24496515291855
-25.198687919890077
-10.952790035386867
-11.977707819386273
-79.90967168745605
-8.469254103920607
-20.70901115630072
-21.808657837108132
-35.97792607175991
-10.359892390070986
-19.648567276357188
-15.481941726274037
-17.519499445053604
-12.541642714982085
-10.566142461574879
-73.39382061049514
-11.471902821065575
-17.395905137533727
-57.57192470237065
-36.67114406550163
-27.838981223823712
-2.8604618215630846
-14.480318232563166
-56.28253720995957
-39.753985141741325
-14.812130034299221
-14.450670734900859
-4.186884549978909
-35.97835034519331
-62.11308950045095
-7.559542881681157
-31.71752332967078
-39.49722885685513
-10.386018148547679
-75.57917526236231
-24.758783964745195
-50.623807740560885
-10.298965045634574
-46.799604160833944
-47.18598434595077
-12.31985255524381
-125.38432741109628
-16.15885550284747
-12.877358111893534
-69.51887564262641
-17.408781842268056
-29.634035921036713
-38.32768477827545
-11.522551656313583
-36.924771790227545
-43.231493156838866
-70.11292299545089
-21.447319066044603
-26.487384012827164
-9.117171483227258
-26.61517495975795
-95.46635440713199
-10.475419642884495
-17.488007269915713
-33.24727335321797
-97.6386246880828
-19.068061534637195
-6.604458334103374
-12.775307343457346
-16.699035653717182
-23.297015598016888
-142.93364648507486
-26.313625713941935
-14.912489222017388
-18.952960007892653
-21.50928301529983
-38.262135605674494
-25.216091950241417
-6.102941395177607
-17.91193299489125
-42.16850430678465
-6.381522813478555
-10.930818366007529
-18.953195295063782
-17.879139164507166
-18.40337192328701
-40.84205076369023
-24.89284212257031
-33.725516484869175
-64.3081240668052
-20.19670692616296
-51.2375736404326
-18.101676883605514
-28.269547918788952
-49.54837874229514
-90.4733875286863
-23.334320034812595
-6.045880910434634
-3.7786032095366435
-19.153627541979958
-47.17344237321515
-14.485504024180623
-9.016478365359978
-31.106165905272288
-9.764887760588644
-12.153897712878546
-22.07772622899229
-9.223007647721989
-9.378852466221941
-9.206553448206197
-42.68035837265923
-123.59916452670072
-16.226561375994713
-37.83723935468823
-34.57189415579337
-19.23898684298377
-54.32050928883752
-16.70604241377691
-12.856175964628564
-7.632377567943773
-19.90626907789957
-22.992708913748324
-26.24450794145649
-58.124292822963675
-34.56063111146902
-31.89984940585857
-18.991811846609487
-29.767965288763154
-4.799344851751789
-23.060718963073374
-20.660438480042533
-10.685691883725926
-60.17065532802854
-14.930881863090312
-11.960382774377758
-30.912346133364682
-26.609657678085398
-41.66262911623033
-42.468630739580306
-9.804739874017331
-18.24373745479369
-18.702838694142805
-51.506097358861055
-5.554003112927266
-11.773451301026803
-22.985075848265744
-37.11157026257156
-27.350390892346716
-32.71394588448555
-13.390406729893268
-20.42637472514819
-85.41485249652555
-19.21121353069946
-25.44946743235915
-5.752756354251926
-44.432220609310704
-21.135188581251786
-15.171419360241435
-41.433614840467364
-36.12517218841328
-97.63141543727747
-20.661602280051557
-26.96601905513242
-11.420513478649449
-23.186705794167136
-42.464414326925166
-16.974807711960135
-36.198222178157984
-33.27503204803133
-27.265664776404957
-60.33857157164846
-31.992114217166645
-24.56271070118889
-22.921184187848514
-9.065497262808323
-26.693846398375563
-7.9576699860263735
-25.3238274441966
-38.11264566035309
-51.489445257518156
-6.758340552002987
-28.71347655207587
-17.586036100574887
-13.265002019940283
-3.982264754307326
-9.58347339286444
-37.5627776386198
-8.670857883182707
-43.384875505561304
-152.63258547043628
-17.561212954293236
-23.088120139753478
-27.284047915045157
-67.07659817981313
-67.35807472698751
-37.277081166801764
-17.011522015901292
-5.988889886426749
-14.286163135496013
-24.022514466274327
-23.287753007642486
-17.32375530048584
-34.5838351211054
-29.852386722287363
-54.72577462510602
-11.781779791324048
-8.679286729691873
-28.77080754611032
-37.553911185246676
-14.474013904480746
-23.240846352437146
-37.4813214249639
-28.14794249592818
-4.776896489520059
-12.761164705040063
-17.780384293189137
-28.401202496445887
-8.308007135593117
-11.231984067346662
-13.17252504778979
-22.922069156061134
-21.161564248428867
-18.775886492010457
-38.712191093979435
-27.46595203771194
-11.943215458534443
-14.516920688965099
-26.118665382968146
-0.10341741598151473
-40.55317241645624
-58.81018607951282
-58.668569722219594
-37.09268393770443
-10.115691301859094
-59.01642109227286
-10.448151263207802
-6.890632694798055
-28.324542211370062
-50.34903681011951
-9.255181368678157
-39.378703555360815
-45.2847280370804
-45.97629384119531
-47.72373498174495
-64.64022674559682
-12.685507038594144
-10.650810733065624
-20.481144414311398
-10.6477994323886
-54.769982045330366
-88.28666853547543
-32.08384199648477
-43.94052779789659
-19.671156310724236
-25.060714051564517
-21.137378379285654
-70.22242591178798
-5.306858014916295
-11.754961068257536
-23.636402224123202
-12.88341706684276
-26.023848906737726
-7.516347140282357
