-5.560881430282546
-39.308325883901254
-13.47372261587975
-12.694526821604127
-13.913638018770252
-4.027503883450814
-26.046069762527992
-14.658500716795968
-24.751295571296094
-18.83340389012674
-47.73828082198748
-7.616967838598297
-25.232616556030536
-11.178019258873999
-25.47853818856023
-30.938079584781118
-24.4494333145831
-15.06505222604185
-12.045358435293718
-9.821026031595785
-18.045817758921746
-61.15506355932863
-40.430719745681635
-8.829262100158962
-19.0202862015037
-0.11783814011213964
-19.256285605173208
-52.414607782983495
-16.51091921625819
-36.018873897955395
-14.10215716609348
-33.725415513504416
-45.91660861969551
-20.468839886518094
-6.41499698048698
-18.171144229751352
-58.37938851958456
-33.317302727575225
-31.12153800018081
-22.13546086485238
-37.25258889491256
-4.640994646647079
-22.19001853939286
-1.3334580985431939
-2.1018022236101364
-6.484443869612865
-24.040448778618035
-4.106245503345842
-30.233635788351478
-39.849195076812016
-33.46276764790691
-5.805772671372458
-26.37351612384506
-24.649103666506182
-2.9963540206560766
-5.507704248136411
-22.8430569367217
-2.649704857263222
-23.44021101921227
-7.483073474207528
-9.767825837037204
-26.01162423886693
-32.112238314003726
-6.037347885378191
-14.539831229131357
-16.206341153644278
-53.344993665356505
-4.501007482135947
-3.904347839637318
-32.35801156141047
-32.1399397628589
-104.13967477440026
-10.904125389250892
-25.46099344450914
-59.266768077882716
-50.8206541719728
-11.47814498464942
-34.47783984887959
-4.246469711230191
-18.981280896390732
-49.84515605475732
-11.822845666354027
-36.61085734093491
-23.295904678687005
-6.770149811675017
-8.692699071109917
-22.983307812694225
-7.529017179028097
-35.733825781689184
-82.82875792746543
-47.01295311036951
-13.997729328795897
-29.78169943429395
-14.760523709840822
-62.45144775537088
-23.646574922040706
-25.497310983203004
-13.729264748688486
-24.740966875959444
-20.358771217179743
-11.948032141425847
-12.895197735849623
-22.3311635929362
-50.808595204772544
-41.549395838233536
-10.35318503056904
-17.296860477947632
-15.757474264035995
1.1278367654993124
-79.53455368200211
-9.88869060980762
-12.102407209496517
-11.903046536306087
-8.288462963204793
-10.820918188883244
-89.54009146029756
-6.9673696465076445
-27.288421975702413
-23.956769092388935
-7.543478243113523
-37.2317194698783
-26.622775796481985
-26.5168191637526
-75.42231244997045
-52.871929723476505
-15.370984381241863
-7.3616288939632994
-38.823390256911786
-22.938755889733965
-20.94135995119113
-17.423945280400922
-6.261655962243761
-20.1462567034473
-23.971548910750812
-30.25806052449132
-5.203769981272965
-9.6184644035947
-36.099778035125325
-14.700147013487605
-10.05972629202283
-30.415195678528452
-12.924400307949767
-4.729309608103508
-12.965446440137182
-19.95933233499675
-23.429703162237644
-18.895428411795848
-12.343864928752705
-67.25389679815935
0.6769654009225607
-46.18394937582515
-69.9555425489537
-10.619650578672344
-3.8300457873267817
-16.235177871061094
-24.750972780598225
-24.033471175070787
-20.11928788719729
-11.52537306101796
-28.609097944134255
-38.53599483934241
-46.86431896019525
-4.701312821315276
-36.61950769933299
-17.729276688183102
-10.804871228425828
-14.161808235431607
-21.84982156353359
-21.467252765834473
-17.498008714310103
-60.39961225218649
-17.20515363671136
-3.9571351916112745
-9.237588530205647
-10.77773466792484
-12.832266044518907
-13.594992515406544
-84.3077391361775
-36.05582576550049
-25.667002685746443
-33.31080850827199
-17.737604308322403
-37.45615269051658
-64.41178674852345
-24.241788570805003
-20.521734542507804
-30.782481784384444
-22.297518851018594
-7.915640269963253
-6.508137774825445
-4.865484471002196
0.9764274949244559
-10.63818390712755
-16.639815572039605
-15.12677447973098
-21.070277702106402
-33.57220570914805
-16.714246959493245
-10.810359304990191
-15.03478605480558
-19.65448225179144
-12.599169044878863
-65.96213959178374
-8.63508047162777
-11.532915502771916
-65.7994616098965
-24.296073048015902
-6.0533797999921095
-43.01650712006116
-16.77987828742505
-15.562495207618387
-33.465805899003264
-8.958817083992002
-26.064209272389263
-23.56337695532296
-67.81553202139575
-12.959404296547067
-12.963324725263991
-33.87305827786955
-62.24210435839712
-18.611810341961714
-48.532379293361984
-16.896182451020675
-5.346090902962367
-35.06763198368938
-40.91881480929156
-6.90336439886516
-44.509332939376975
-40.83645268862787
-18.81108383901106
-7.56498656656845
-8.293866982270595
-4.096925019581364
-71.7954417304564
-35.37124126225145
-36.52345036494971
-27.6335536310307
-15.478292710801208
-34.79444912549933
-25.45190675327163
-32.083085607922214
-21.616897408755662
-44.57986547112306
-11.793557731731209
-6.029754693454564
-196.49892980727068
-18.718796381826408
-33.3797260072141
-16.388049281811103
-23.984081617022262
-9.387720982877193
-42.54607080760963
-7.625481050313688
-4.501252836115396
-20.669286448551468
-4.160440750640164
-26.461585145395322
-6.5848870456131285
-22.878075250348754
-2.362233154150209
-30.871661039935603
-31.522674311044536
-13.519988682922348
-43.744051081001146
-39.53306264928534
-14.509546253442434
-14.98159095548292
-27.019448149068975
-15.53958436176416
-12.411165563417702
-15.81439992519101
-24.78621501289458
-5.770832679955538
-10.187689446566125
-33.76771310707481
-20.532541863721395
-7.357518972498024
-14.456610590367054
-8.969325919144968
-10.979471637393898
-5.264388263598424
-64.24569024190171
-36.47348452042384
-19.420734474211333
-107.59177728289103
-102.68139956393185
-39.504292865868166
-37.134717406624475
-19.663425304284203
-24.315976659037034
-7.57543508699665
-9.233649154871012
-5.941416446965238
-31.995745546709756
-63.220678414584604
-12.483867495972707
-8.662600857085335
-27.708898123277752
-6.40476823087679
-23.96117638113212
-6.802673064108101
-21.88682243977433
-49.42766706870355
-6.349423263998336
-25.27502081229106
-31.17767732234684
-14.090393640955147
-5.529570493469748
-16.92694164280764
-13.768606328848922
-22.608649177483215
-5.083992329618156
-23.486615659332276
-72.30105000789152
-6.762508383570052
-28.2110804519689
-43.77415866595871
-26.398200268186656
-13.622209419599002
-41.153116254551335
-16.039572361243973
-7.054886166364822
-111.9474680825563
-71.2984059248503
-51.2619395087541
-18.589398640366845
-27.761529947517285
-7.569497926960753
-131.57716594016958
-38.005000627953166
-8.093063126399192
-5.667523441893103
-6.398986492528593
-7.089534463779477
-38.82449641606089
-6.929523872993156
-2.0422977219138523
-2.630482134988879
-4.661119603906591
-51.33685554071224
-97.6386246880828
-6.218703977356955
-30.56217585495494
-9.886280466654174
-20.513579805143422
-19.04631508017452
-21.339110774081504
-18.059905869892027
-61.26619776622572
-26.860027933384607
-27.81245948253401
-9.405172093475306
-29.39072241068444
-45.10535375947238
-12.991926286220748
-20.118816377474076
-12.392964955463261
-68.0255255239074
-58.422369457106996
-28.575865598197677
-3.144846640910281
-24.43949099498997
-29.75234813782207
-22.504277441357008
-49.2526104677285
-23.321329635898433
-7.133118390704963
-4.163895595063427
-17.83852917110378
-9.990753248591151
-26.2181737660392
-7.480316471807147
-4.768350245577453
-11.15828196049112
-44.94058050783243
-4.172993324137216
-22.322080572247035
-11.791952020343583
-22.908033981592503
-17.846296812078386
-13.620084519296563
-17.377976206407233
-48.85221525079864
-32.51958173578737
-13.475757095944973
-19.374791749886185
-17.607863681953663
-34.869111493091815
-10.332991838061924
-7.620057540584415
-3.3929654760092576
-29.283042250038665
-10.31306740183744
-14.30265378116231
-6.474440499792811
-20.84904609815918
-35.144873050537804
-2.4826152610888994
-10.798361853248576
-16.9659585917335
-10.376370990865794
-21.04230973850215
-64.70550475687538
-32.953896950472256
-5.535185249507724
-17.58211930072154
-13.324610593968654
-5.919174065598447
-41.215724274218005
-34.86323447919453
-36.67809433567652
-9.104784297343832
-4.602854214541785
-6.364124311284172
-39.29267899953214
-63.423365902961756
-18.974709182664384
-8.785489286951451
-95.26358206377195
-10.875773314248123
-5.3094814167499695
-14.710303745292617
-10.693035484336413
-12.747734479279831
-16.44196968334409
-9.699205653938327
-36.155691576959214
-1.6548215201767107
-5.431498026080724
-24.49000130317264
-24.64357847530836
-5.829277931022101
-17.334025114924774
-28.756940294233775
2.44455616551285
-11.623731740572989
-14.01169928033405
-27.443783275907844
-7.993316821135844
-18.89963625995822
-17.027348002352785
-5.616572112808482
-30.061577410724453
-7.143886751904763
-8.566484923971881
-7.348956188195349
-8.121775349453396
-31.126626366516966
-36.713725399517195
-15.389918738493723
-31.251246250050148
-25.949286050712416
-82.12779040308243
-16.394879516287414
-2.904743237460282
-44.77311558318519
-9.184049530778871
-8.345631835717283
-1.6893293294502305
-5.405943464078697
-4.6637865192423815
-23.895575736958026
-22.72642900721223
-9.753835652764657
-28.158806453741704
-4.693347110847956
-17.324089924859273
-17.484692913304457
-35.47764161594173
-19.863313247913414
-58.45321688449862
-66.27821427036305
-10.820548735111313
-36.19186447702237
-6.884676665052142
-20.062809580257483
-17.122248841633
-43.55337365193089
-5.286924446223082
-11.29112961423784
-16.767887643148747
-8.34393962877642
-16.653562578605534
-66.81772781238865
-9.377515898295803
-7.583406716115726
-15.918876777630826
-6.831007642581796
-76.22547465750857
-36.47283289789079
-2.6672804465829425
-55.83402369409137
-4.155250516425066
-9.38564600450756
-1.9064559208787217
-7.195272299620051
-11.36070831746917
-33.77718550821984
-11.134880954608029
-15.213173381175263
-9.960837667002732
-1.477497465858459
-41.00154999291901
-27.422123891945393
-14.332947673603007
-82.37834777017578
-36.34917823072832
-2.411892106561421
-39.805837681423306
-8.794379046431654
-12.186811979019698
-52.82547964650115
-29.34993837926196
-11.720258517974424
-30.271433067355613
-11.782884602850539
-37.357552064500176
-10.02245386714268
-6.826564616371368
-18.398755098509337
-1.0645508956415375
-16.961921178651433
-53.97166518782581
-6.18558172921681
-8.944467089251004
-37.537233513959976
-88.05906219318028
-5.463890234699572
-7.681301526817316
-24.043571038102726
-50.62064697205811
-19.203153723546833
-7.60095929851895
-5.475743411453315
-24.814228243004358
-45.97829850981982
-3.6091512556438694
-13.704055741531684
-4.54946462777693
-2.453131772637415
-26.52377779630316
-5.143129353023762
-75.63228307190396
-22.676399542509174
-18.065955476250103
-12.917052176856323
1.6680012876670571
-33.020500108346894
-5.1219246113360315
-20.670152582440746
-8.111516099722936
-24.574011012610033
-42.014970067259924
-92.840779502631
-12.290429780942592
-22.063880805285198
-9.37901509191351
-29.043835475011594
-82.2257050466921
-41.744092408649344
-9.227538582703714
-74.28165973737431
-3.0136328425991508
-21.685023441277075
-25.493391534060457
-24.776920947352334
-8.371882268333572
-4.556146241166122
-53.11845253613977
-117.25004096376902
-2.191612612063868
-48.54461901605695
-19.607356791072476
-7.898611931324748
-8.09641472667106
-6.897176258298458
-26.8592762775082
-20.25810353618666
-16.38391998883263
-45.61866200476061
-35.62644456141203
-15.986802784249269
-32.71662443811811
-5.3577993693252335
-25.84332470017909
-6.516244636082346
-10.583010298234619
-8.901432069295838
-1.4525193311076716
-48.55809464410216
-2.0933834328801653
-41.305847858938705
-3.6808409340884927
-32.56800481707188
-25.653431497193683
-47.325890226008624
-38.73627577327644
-5.653449209387536
-3.942565223917368
-19.870720353101973
-19.740921241212398
-7.637946452398881
-24.637121717479108
-13.558559390932537
-2.745030242350986
-27.945705310746163
-18.82061817986129
-9.635555903909218
-25.467969167400607
-27.04899499436067
-5.735324893901741
-40.41335071402382
-5.634548578508522
-4.2723380145313214
-28.609913111927963
-26.846894023806545
-9.797730793551855
-87.51884258331906
-11.690495346523885
-1.8991483354227934
-15.620831709655494
-15.13952997576774
-37.875851230105106
-10.84131201565922
-12.272393943258669
-54.26212181943774
-33.089961468318734
-33.30890628821687
-38.816407083850315
-30.715420886324953
-4.489690325471332
-9.09649883298515
-12.578353714285656
-40.12377039832821
-9.576243417069351
0.7640137365888486
-27.556411033908034
-12.722377820496266
-5.557052943128454
-16.752383028370023
-65.3857718991233
-6.172581454484364
-7.40963968815256
-99.04492737826111
-51.052845949689235
-34.11691298585035
-56.65571991285099
-29.028054321512272
-30.758937681212153
-7.6558778891851125
-34.68848397693588
-18.503881377028236
-61.32193565883556
-2.5996393376817726
-22.314048629142427
-17.374053589299045
-94.29550013183895
-9.105958228130898
-13.559592178494507
-12.563471405748341
-11.464600014903292
-14.686738380739236
-11.999577311301385
-6.284592748478213
-5.622552319229859
-23.63058178753645
-34.37430607387207
-45.70192689495443
-4.850578637087406
-10.136350064157126
-29.859480963176267
-11.166079171230836
-56.11193287070467
-18.823269173317453
-2.787780232804481
-12.142450019760625
-18.60612426340605
-16.26868642978847
-9.0671863159305
0.2016833227439936
-30.00748098593383
-25.243525225045428
-40.14200732489741
-26.62542588167643
-12.984782000619997
-14.158418796561017
-37.93238930751731
-7.957667960670675
-20.722942086970384
-17.18921246336595
-27.632332125610237
-17.421925631584855
-20.702201090740576
-17.631278535968377
-28.278284747407167
-25.539519315117868
-61.64920706676524
-21.4443920063111
-14.298437342807045
-5.727212771891286
-14.886641741702952
-59.03433557205906
-10.017479547591556
-48.81300248075619
-12.684560493656171
-17.752615607191693
-9.227253697665152
-9.787990906801024
-90.58780856539973
-6.3481745294989995
-35.27360958426565
-33.11808838226603
-5.5830207119226305
-78.03843882161935
-11.70242097115703
-32.547498873940356
-31.874450669785187
-12.417990656081095
-23.91305204049721
-45.03617383603887
-6.566507982304799
-61.414449071794394
-13.496815873688458
-22.705239442345068
-21.820586763477124
-35.747069356679916
-20.15109048537745
-83.50945545907308
-4.39009556983864
-25.060714051564517
-45.768988459482635
-16.415713012108245
-53.007166321657515
-34.57335281045076
-12.81221943438805
-41.15047979287589
-61.100246639608386
-55.646146824046724
-26.07181510496279
-55.87695451528151
-9.129601550903953
-5.2066685389698515
-47.78002727539152
-33.34382460484666
-12.881662247687087
-14.443628943090607
-21.814518250260203
-35.319483022978915
-10.665473930892633
-42.22463931827598
-23.473229852912812
-31.51795035459271
-21.419490230561447
-6.269777338116446
-10.937133323022241
-9.26994225940229
-4.433128928059334
-3.3514965115510633
-1.6831595869702605
-39.470887128305456
