-23.421624217522172
-8.12699810769701
-8.83600056949964
-42.69921141289608
-20.98754776139349
-18.99218643478056
-49.43936601807841
-7.442321025198653
0.07799889165668575
-35.57795742850037
-15.630348266952476
-28.123483236371076
-11.571655987843556
-13.162293540095023
-42.78035237456914
-14.21935102118091
-13.28156677569405
-24.4494333145831
-16.139247850187214
-9.821026031595785
-17.565185592122198
0.5344034862309726
-57.58861067135036
-15.958266764493764
-11.628415896519602
-7.859548604027489
-9.82499933423709
-4.798743220402352
-80.53992849692595
-19.087442481254673
-38.83059149193356
-44.456471356877294
-18.689956091593533
-31.75965768486779
-33.151866200085664
-27.424379165729025
-24.281013785237842
-7.386442156203518
-7.446482077867517
-92.21931593327783
-16.879761335072732
-11.400651677856851
-19.90380640175807
-34.01370908007543
-11.148653038839674
-32.51224170578057
-14.180993182169347
-10.928323317083708
-12.244426019844425
-5.63393342651011
-24.792203108912663
-20.970405876255352
-25.362667668591506
-2.8223696809654637
-13.123091023272375
-7.2495516149347194
-20.707526473881522
-28.78907580494656
-22.954491947584685
-15.85961113819861
-15.370670115696747
-48.46062522037211
-21.762468454460652
-3.464443706522907
-15.475224008511248
-12.682454932059983
-18.538370852816353
-4.063163296653479
-25.45074161047412
-16.577483632971646
-23.169408780168414
-67.15174437277531
-28.084591116051737
-58.12384087788678
-44.661046900666605
-3.418642789591055
-10.079547911269346
-14.913647630386313
-26.616914021563442
-30.757196375141316
-19.516692759960826
-20.687946112540512
-8.009817158368513
-28.556415917698594
-7.812985855547401
-23.823106473520074
-55.31954077096824
-89.68190262421166
-60.23816287743024
-37.77974670402911
-51.510113383684086
-15.962435220704517
-5.561469710822379
-13.410065293108657
-21.14976047095222
-1.3847096963663241
-22.0408919890731
-7.9479050379469385
-6.35741609238052
-2.552997871977723
-19.669391499942154
-14.90738292077207
-5.499594338051934
-3.6214833508559527
-14.48962881558951
-25.171790682023946
-16.74853225065348
-19.592059572042984
-27.391712900693054
-10.322481628101462
-34.268423612715786
-29.123636754189484
-15.57709831917177
-36.76303140418512
-16.139045744771426
-22.95149344160965
-30.42643243051385
-8.77040025482439
-8.065941788848527
-13.773906298264354
-8.406748684186047
-18.636664132593296
-19.404930031173915
-24.391991709951757
-4.152204402577648
-12.310072818320025
-11.851332249394229
-32.948207714658096
-37.24054938404312
-31.057174738023612
-26.76204096063233
-16.132687467128406
-64.94562681222999
-18.418204971884958
-11.942789389941336
-23.891198651060062
-5.787233927298355
-7.199879422871443
-48.6846484624974
-39.83394314782691
-36.30760404332685
-40.691731317821606
-13.222372596911356
-64.59432069844212
-52.60782290291906
-8.554923209609257
-13.247601790933182
-43.31379426626141
-6.26370058805687
-56.80657704866313
-3.20461178460512
-31.794443371109594
-63.12718023698213
-20.43410310165732
-38.63812625742912
-15.439751520648302
-60.06579716118862
-16.55934444768298
-19.625607504202975
-29.991812687349814
-37.972090195560085
-27.295713859335624
-18.066960768172468
-57.53922403280005
-11.107456879007117
-38.75687980306145
-43.371788458615946
-20.354658975328555
-37.37854147727184
-7.0674261613303475
-21.6119136192614
-36.006080489154094
-3.271066130144946
-4.076842624838442
-7.267408463424028
-24.41981379295932
-47.682706187830014
-20.627614542175436
-7.802501560616698
-20.46035025735199
-38.305618301989796
-18.230276435840945
-81.52809349824547
-20.340011199375525
-36.878753905578456
-2.010838753430694
-8.886965160961388
-27.37014567401405
-11.104165871930586
-9.986289319687518
-10.325612652420558
-10.739131891871216
-4.935439545610782
-3.426111576861753
-35.57622174663815
-64.42439008226741
-21.176640965515816
-55.460669601883794
-15.971358979619264
-23.225541228585556
-4.4473617697847265
-6.1161800157411585
-8.623314369796624
-49.676498806496504
-26.97387142101038
