-7.450408246758568
-21.832962598586434
-8.897247901967399
-34.00177767389633
-12.361794211660406
-2.740820234554883
-5.470193878585023
-18.828189708082288
-20.728259416674238
-13.432587817448116
-57.7361985372866
-8.416845604608596
-16.797404789225567
-25.510201412065445
-11.904976312205699
-11.25228429708003
-8.659922201104662
-17.968939895123818
-23.305100415548488
-7.4666678856723125
-48.02338676879646
-10.82889764781533
-36.407198172233485
-8.160345057221557
-6.161741434206621
-8.162019608337927
-36.93745411985303
-1.6096809686959364
-11.8447314031623
-39.662136232950125
-13.107697166277468
-1.736637096528819
-37.947067483761984
-19.227150633786422
-37.975170306843886
-7.272888113809255
-5.191898929083946
-33.46070154627326
-7.8906781258295995
-8.26272785253811
-45.29756043389592
-6.547999449722533
-20.64688320299285
-51.794197580037284
-29.921980440052092
-50.37042765166616
-23.648833675298995
-5.948257564835439
-16.182809427954545
-68.77511571193783
-23.570001106712123
-7.67584980924597
-3.1937119392691926
2.9667801773043228
-6.894001295304223
-55.257576904975664
-24.264211092083496
-15.367760902265367
-29.107388372429778
-45.496118760189134
-16.12990559320816
-29.76888449504501
-7.7534111105530865
-6.236533015207921
-11.042203833087736
-13.97386592088554
-47.668146137464646
-40.64948828081027
-6.297414972001677
-13.218635427612005
-22.91908567084867
-41.41229911283419
-52.49593970052254
6.554128424355749
-9.040633127103467
-16.132169140457393
-63.501420341676656
-9.397291455491306
-40.42757567221715
-1.8656561975438635
-29.341226332691374
-11.544095284931458
-20.565081178492377
-47.707964031951015
-5.246455238964848
-10.172065705405439
-3.4411291611623174
-47.961731805607215
-52.59009179746603
-128.5337529612608
-43.5823236467283
-4.216905097676267
-8.843317324110682
-8.57714882374493
-3.2266211531972226
-34.27411654954466
-38.587373622228554
-10.374149037557775
-7.979116210979787
-9.996668406461115
-35.22273277241412
-33.607033430796015
-19.793931066344665
-57.055039884167755
-11.194394207738911
-47.231357616968424
-19.959970290543875
-17.968261521082628
-28.034893707216888
-3.1075900959472595
-12.96934676596603
-16.83657184566056
-39.48388094109767
-8.33005289646177
-13.34318511957126
-6.013041283866997
-19.882163329645046
-24.22452459882659
-19.291426142221646
-33.27305247827953
-24.467652991955166
-8.854203871720197
-2.6976042076130486
-16.775928290695877
-11.580147861264411
-12.959240473409945
-55.713415372928836
-23.51168147142333
-20.011684970038136
-9.377764272951064
-14.653859867580325
-50.64279295938737
-103.82938063789943
-5.2582141693737485
-20.792753675791168
-5.468320561437979
-36.76957209523281
-44.95447693728033
-37.014465155265825
-16.421090008538226
-13.676288750162156
-14.089552393586992
-4.688601274183345
-5.314416596145307
-4.767877448048528
-31.213802604951297
-15.266555696759006
-22.28623963783398
-56.450172148206676
-10.27887587917867
-26.250740553748763
-65.19107441831589
-13.443040198346413
-3.1621124742894153
-79.888444436642
-4.655679245140775
-6.0642934602748
-15.271173966354946
-7.206226112804011
-47.288956375153674
-10.241733404521106
-22.36275282871812
-44.01702251560485
-18.632643534435296
-23.412479859663176
-43.5108503777455
-14.044914667131478
-5.059534199244248
-21.8185167764315
-17.817387805565303
-76.65120945951028
-31.626020712544776
-4.878349236810179
-13.41989325070668
-26.206576241272515
-21.471093880709496
-49.093290388732214
-30.23558602255528
-19.636828253379846
-4.973521961239152
-1.3952930305839468
-38.881975206365105
-25.215569419341804
-8.976338769887269
-1.5062706448322791
-7.183253235813877
-6.542157315416807
-28.571451810930732
-7.014656471517032
-9.287870491638097
-7.929123189792661
-8.125963491615018
-19.020111418412228
-14.987032517833237
-14.175256562604503
-41.98956359326613
-61.92646228428436
-37.09987294366343
-10.09067183688456
-25.279151136039147
-36.20485586307703
-27.783173751633814
-40.91784106191257
-3.561405298808225
-20.042248413895855
-11.204887555012427
-27.179800109432094
-2.875531442728057
-36.83391714385468
-27.184601478104593
-7.537974867529356
-68.5832672008152
-7.991985589248573
-44.94446804024982
-1.9383924857621682
-2.1004213828529585
-135.7469145388604
-13.250366379569524
-25.20406848329148
-90.7689849566302
-5.320848668175076
-15.263766379228318
-20.41053197145963
-9.008743831085836
-17.37119514746101
-10.016501814000195
-10.646728283692578
-19.149549781545137
-11.697223844486654
-4.908824295460587
-10.222178752419929
-3.6181486435209558
-40.69079396643256
-14.336615719064742
-45.60183538511447
-18.04816476496559
-5.475146635888656
-6.3615912815443085
-24.577009288886362
-37.804785022194544
-22.865706747418113
-13.793425191052181
-7.038857516965748
-21.974781146046055
-71.1222611856692
-23.91867606542523
-9.082156072428194
-20.15263727918607
-8.219493103280026
-19.606982624818617
-3.6178454486354212
-2.332132747295711
-9.499676975932264
-6.008583282671038
-11.192699638933528
-88.05906219318028
-34.83519535971293
-8.692700268391473
-69.39855625728168
-7.203709605629909
-33.06305951483327
-12.256791365888803
-31.382144101905617
-9.653433924119168
-11.50179410671595
-11.636255801982072
-20.373877927752037
-25.351190068057157
-6.18425161621586
-14.003730637927395
-28.97187411902103
-9.555604578286928
-17.733841229473118
-5.467268821064
-16.215768447821027
-15.596088264573266
-18.415448964305252
-9.976049459770502
-16.15195065228368
-45.189479797491316
-10.124739957235676
-11.303372010781716
-26.10824105933785
-8.444447250366936
-47.42821232654239
-26.12211560047359
-38.198323983152676
-17.56623327925997
-33.54106139993459
-6.447327687846018
-22.838718844267174
-2.2517058682774143
-41.122658841195374
-5.734003413786948
-19.120635974757707
-48.81645042641231
-56.77352448561292
-53.41134103793158
-8.837839740469807
-39.25917592244523
-37.79322996208362
-9.67626612663754
-68.57704779857393
-112.34018193545586
-4.6693600769926284
-62.6909849277998
-5.634798476244162
-7.231244498017793
-24.40863992654827
-12.909637865500327
-6.772195379965251
-16.71427968348161
-7.735882764279971
-20.829847074292445
-18.75741789142583
-3.599449440314217
-25.955626132898974
-16.320789172571747
-6.412613618657654
-4.207219159121183
-28.394385665911518
-7.018007335449915
-3.0870498257147334
-7.712620337832357
-21.127886559767592
-37.22138152554659
-6.653582010367379
-22.384872148491553
-6.3513751882028995
-41.13113086328324
-7.615861626235881
-7.251109380844178
-19.44636360801483
-12.142695924582961
-8.852227112489775
-15.75930707199265
-8.22315107851993
-12.641446163798465
-27.168885435550905
-11.883098736019768
-39.18852719778781
-54.723419688570935
-11.570984936359185
-70.18977740574057
-12.188845149600352
-18.81218897769369
-28.995047291762795
-90.08511865943059
-16.090164941320015
-20.61690551411739
-46.56014598916195
-18.03338131001295
-18.32271004405268
-17.039559993561696
-6.886552658526865
-11.049740178475352
-32.88828502075001
-29.059566740839927
-27.61468564222773
-3.3098638701027467
-10.631483285374879
-0.6321874202711888
-49.88534407606129
-8.488781212910554
-8.547191601344746
-15.83302623469828
-30.82562322134519
-19.750031650207852
-55.677117884095985
