-7.490273868096222
-13.28320650891269
-14.806075313775137
-20.82596917314634
-71.17605008575877
-18.45870221274209
-42.468220619956675
-55.77741751096962
-17.82794193477121
-39.65167606535459
-38.71905589697521
-11.38782355903624
-15.843005803353895
-38.71971624124153
-6.938191153304556
-16.854195796186822
-6.879367296865393
-29.27917466220079
-21.480594111441633
-10.617166634396712
-6.879312129938778
-29.502246749364176
-28.757459069602127
-58.26695887283777
-26.057156448521543
-4.467872596384932
-15.900623480306376
-11.760610184120186
-19.06775356693268
-10.553607184929469
-20.667822878816246
-30.024149979433687
-11.03685756819323
-8.011226886657255
-35.668376158175754
-11.221069788070357
-55.600693642857735
-40.79103838616037
-4.502361650266369
-37.25537315772823
-49.73110095628704
-10.432486996682972
-43.51838637157925
-21.928241576811395
-30.086914325279302
-19.200200525733244
-3.9294134225271113
-25.683017520143455
-14.376611252798394
-19.395087391455377
-19.64011074951478
-16.423707548861735
-30.83234176654661
-37.24635457934579
-32.90017284807967
-65.10082034171597
-11.752025643315898
-42.2199021366674
-64.8289934319038
-23.970239773504954
-25.056535620920148
-10.639588590422367
-31.18035663548635
-67.11399623340537
-19.6594455288459
-12.625984473054737
-96.2906103709253
-72.01175440578722
-130.3359002284714
-4.482922941506218
-52.84330065708964
-17.10477924435401
-32.07206217186672
-26.653215323925096
-34.85711142669586
-28.679543755618468
-6.722600497935358
-95.89712736381844
-9.574180029813231
-18.173695989315206
-11.11170467842739
-17.2133514173032
-28.491583299344022
-24.356531737417754
-10.88057254890826
-13.862038979031203
-138.795410783934
-14.103314334942276
-9.795517008416477
-24.438638783444866
-29.532871872829013
-36.86385183875543
-30.445258608536147
-6.207918980919231
-2.7339912892965303
-38.468917027969844
-78.67979544073107
-57.94157664369088
-15.787267663610107
-36.238775358947095
-13.44803398848936
-11.639524355086321
-8.655306643649059
-42.6105638080249
-28.00938139820554
-6.7462323346638104
-6.522085226305941
-29.484698256169303
-15.064943171829057
-29.76159025609752
-12.166135433935215
-9.713489692863593
-37.70575878247479
-10.390126920848438
-37.03995101462851
-174.15968445586952
-27.31405077589024
-14.52328562614466
-79.0193158868157
-17.296466256273582
-10.3579278851647
-17.562442498529773
-6.144871127143046
-31.19600550312755
-25.920592959287283
-28.350846371582776
-25.61409658163199
-69.54137940600023
-25.534372106907476
-35.1902745157743
-68.70364727483864
-20.878568300423908
-8.921652711807274
-76.52757920839667
-3.7895092497760676
-38.52860802270346
-104.99789901419358
-33.57312378462547
-9.375092176057867
-13.44733983387787
-86.41471438142398
-11.86661871058076
-9.722433315830491
-6.412679353314054
-34.58029281337669
-3.3820045360104514
-10.161311981600402
-21.355470809699007
-14.047713152081261
-17.676174307871246
-118.28240240998672
-26.969665268432006
-7.534821023344462
-30.686820758055994
-23.65287098487816
-2.9532419146878173
-60.08469486206715
-28.96558402284966
-13.62829373382929
-4.665219998888679
-55.6463514324654
-19.770940463172646
-24.029472327210318
-14.157979501221869
-1.5881081134523585
-31.39863590512429
-78.94099067172779
-82.19314267823248
-53.918601835534155
-29.875919979063436
-9.923301185152146
-8.359723500734358
-2.7490761107429598
-26.23686582761571
-14.361949985890043
-21.345115177360054
-8.31411896578246
-14.096087185715952
-25.94657596683312
-9.770087817318013
-29.556565541550793
-53.55025122850678
-20.88233750532948
-19.99348305713913
-16.289781741462768
-50.398660399919045
-45.16717404016779
-12.434275297296786
-30.835075179699302
-11.306264454176612
-6.497716747605951
-25.29565882027711
-22.84269251282964
-17.756934276562927
-25.17774295256982
-39.96157903781311
-44.942315858186376
-67.13362736020699
-33.03613227245182
-26.773478710821696
-17.238479991392527
-11.633249290372213
-69.43096171806717
-5.545358158434304
-35.62644456141203
-5.7017282279272665
-34.3499354105948
-16.12494702937923
-10.796384445934155
-7.910114698183031
-19.6556775669585
-21.127745522447217
-24.354365980960804
-25.09819314665352
-70.4521894002094
-24.888175400929008
-39.519693383554326
-20.794810195421636
-9.435705043492492
-6.703456934672815
-5.395285615583244
-8.79964035779879
-6.381510269142191
-36.62224289776365
-5.306549103952566
-38.63967742116393
-8.834317661157492
-7.503056091144947
-16.006784468142627
-38.27092068386131
-25.132036782718657
-60.37149322245204
-74.43032904849001
-44.03230096140438
-51.94964221394606
-9.226025433648156
-14.219571423566123
-75.86971320534177
-26.114769874903093
-11.975363631158652
-3.7835465731940237
-23.110977227979774
-18.524129754284097
-26.726618326769387
-54.90864331543832
-5.307155161286526
-18.243669526639316
-6.236296107233074
-5.270320940850668
-36.65433156359144
5.986115144052459
-7.4774087444590265
-50.33203655163104
-22.64408704447149
-40.08453640609325
-19.870266539163953
-10.382316068001854
-9.291009538153318
-33.842943040632356
-8.093472978266762
-26.377697659007683
-23.309305675154615
-43.55181589090056
-9.80972025167628
-81.52809349824547
2.6193878452331893
-16.916055491316012
-11.96671881897855
-31.778065876941405
-10.846039972897454
-21.624441693154573
-17.441630566460315
-10.71573579405383
-35.41238605725096
-18.405918087099717
-22.34302307955659
-26.978475219605443
