-86.5483965800199
-31.193818622534454
-12.110626472247143
-17.44872674529639
-36.65410374041513
-6.463425081243646
-28.896675567989377
-49.181387095810884
-16.759276761126088
-42.59989417471923
-21.618126757433124
-39.233701149651594
-18.123300013138575
-19.155896443439104
-19.268859372824856
-43.449992116354686
-23.584599864045735
-68.49681136537079
-26.23263246773888
-36.5761108908245
-24.547572259415933
-17.6635943875945
-54.208566030576335
-55.70757463787154
-4.011734110390728
-25.987036171962146
-34.94474877175888
-15.543832874529697
-54.739737108241535
-43.104328818905806
-36.90431981846274
-24.50212780037859
-9.562934387527578
-10.117939499828116
-41.48190030081933
-16.19182028047018
-45.82367924306475
-93.78478142500843
-28.825670335556385
-29.75172939259622
-62.72222505800952
-54.98693545464196
-31.80288981613825
-24.5687968504052
-16.25128038476732
-39.096005148443695
-66.56421035647105
-77.00571363714882
-10.25273601610026
-6.12820115413307
-38.74210414173678
-35.23972250141042
-21.907890179281207
-12.733268744962073
-80.91176645995296
-44.271593686922415
-33.37120643898906
-39.26555882296537
-4.137480257433053
-9.908492341023074
-17.173448287621824
-3.7420324192150676
-17.9990232745216
-53.73824641412755
-65.38072429581058
-20.834601826136506
-31.169054033257975
-21.962156983532807
-27.290038748028305
-15.740543709539699
-6.370666241499203
-49.83350321929595
-45.421235182230404
-28.67134601748474
-151.59611196994726
-58.20333742938145
-7.765363165603525
-65.57298771072865
-21.21164901835146
-13.013798883282563
-10.757646597668222
-61.0842946190882
-21.973732365162032
-68.87813529641893
-33.54820287783422
-53.002966866391176
-59.32730321290177
-7.4137556540180425
-47.02229758830074
-63.006142001563326
-45.491148719271344
-7.673712939854746
-54.20213725247571
-7.163723640820092
-8.578101784045048
-44.56608928202669
-28.230069191788488
-32.405124832303024
-17.17752277079992
-25.467982401873737
-16.882757078871602
-27.682469723830277
-6.347895109273287
-7.134182807065301
-13.431234046953557
-80.94712123199024
-32.2310154632752
-56.28966876954515
-46.91403592339843
-62.926568789745254
-13.345274169496234
-70.70373260587164
-7.5810885976604805
-53.425044610106205
-26.622814398886565
-33.11407270812954
-25.826383164917345
-3.3648139180983767
-55.00967063546119
-36.87543518897857
-29.400254896798337
-47.92624076699935
