-22.62006255718421
-11.302578405188912
-152.07450923089752
-11.300467795836857
-64.39409006429912
-21.708600244000866
-80.61689077757359
-14.674165678028615
-9.217341868781116
-6.25285630619117
-64.74317154201512
-11.39683485153843
-4.710484064396949
-67.95537591298275
-16.913739877554942
-19.825121255345234
-53.248240382710314
-16.89715711004077
-24.198103000651173
-109.99598236924056
-84.05970097979781
-88.41189796482591
-21.43553017629582
-79.4043748937977
-38.85656511343756
-28.97985415056292
-23.197694743075
-22.263694783648155
-33.3731012892861
-42.60810847182668
-17.58088366375558
-113.2352567674512
-70.76241890978801
-18.241220384979222
-81.47766482517306
-45.8977455157822
-12.569603236992627
-48.47888525343111
-17.01125572713582
-32.143325013323526
-24.15997376026801
-43.75770571694435
-20.635061447619613
-16.894135368294734
-31.240893607112277
-39.0956828300482
-71.86946364714595
-33.791929977293385
-40.568194053183795
-59.631285373530446
-25.624846912999118
-76.22547465750857
-21.414322059664705
-53.34780551038712
-28.4418466530183
-38.89127470283776
-29.988922349981763
-99.75627130095782
-22.142699726051095
-55.27873776131611
-29.819135304393722
-58.373082116728256
-49.07547210810397
-78.91317310012356
-24.168800593723137
-47.34664746253468
-66.30205287242228
-9.9053195726813
-28.414955937550342
-25.99221078531874
-19.051499579257772
-18.871884084024853
-18.399806292849327
-72.78680389859726
-13.875032567563188
-38.822613948090954
-22.995446347587695
-13.642894331642356
-38.0522514170197
-53.492778710613386
