-17.408636369192106
-13.162026589573165
-32.75613828842693
-51.674246652460894
-118.56841482796435
-23.812483622731317
-27.090733648752398
-16.182299893664386
-5.096176272873276
-95.64346284813068
-21.652325954623922
-8.940670024258257
-82.16372577884958
-6.309353012389664
-30.912205318764656
-14.429231148997387
-3.270688525361415
-6.262457682311279
-17.034861351155133
-25.507212282518747
-10.64177858060493
-35.46636965430151
-6.774778944831618
-30.82949693017984
-94.73702649493588
-31.927707409096357
-169.52867552496684
-23.35181118774988
1.337111298801192
-74.14177028294026
-16.70602369702268
-19.08036985830453
-9.163584214987482
-8.158473249072822
-34.409662759513374
-6.1061807611987104
-19.783765457945922
-25.86270840471169
-60.54873193271662
-7.364198616632644
-79.11646356166433
-18.804470469479828
-20.029354663584567
-26.95638937753051
-5.5556816326229335
-27.705077941710254
-22.022018251894202
-10.309636385314047
-17.35623022899819
-7.545064521111088
-81.33697133356709
-14.331898900063349
-3.9882307973921485
-10.916076346730474
-5.090872549871369
-12.932135401389505
-24.77408653743347
-8.361581478810978
-23.862607296512586
-57.345168873004084
-38.409667960969635
-70.2551216605799
-38.25245863507848
-27.695839791109236
-68.87813529641893
-1.6948442328879978
-27.425450310305553
-14.48913652267567
-31.839457106989705
-17.008617526192083
-3.8133661406619903
-9.455354139426204
-18.047683039620065
-13.267718911879987
-44.54108637540768
-79.93942001859352
-15.142461596741658
-1.9674675652688076
-13.819695123953865
-15.8231594014559
-20.65692776604866
-46.05671925579975
-20.998139968026376
-21.868674375881202
-44.5519066647658
-12.588864461287015
-63.37645378513654
-20.087983532716155
-17.936952115916874
-44.97048568193064
-14.978763872763091
-42.32075107466078
-43.8056178213982
-98.65400552966021
-4.742478306776497
-9.049599323260603
-19.98332845629845
-10.552808530508141
-24.00317131727963
-23.592438046133015
-13.209291726108503
-7.182977351523602
