-20.982828144651087
-12.323936468925758
-3.5162137051590276
-26.450288745091555
-11.65067591259336
-9.527175772235296
-52.13804789199968
-47.748769320485465
-18.446074213614583
-12.820888021973735
-10.862582964400056
-44.14911375112522
-22.111914152576155
-50.15479584198194
-20.047256651952935
-27.519478067865812
-16.67152157362615
-5.942677959662177
-13.200284742018125
-19.97463227173392
-6.039714434428677
-19.011724866993966
-11.041521491264195
-8.604241114427156
-10.022039924513823
-6.921916752962702
-10.600248474697404
-26.81508696082135
-36.1574841457471
-8.31216202866532
-29.97598587173529
-5.138892530331019
-5.083005725509516
-20.639318494299413
-1.8109139877534814
-11.076766537848085
-14.992969963078679
-5.942011581456671
-5.204120059229624
-25.205987337893905
-9.09128113418326
-42.85842216877067
-11.952548823339463
-25.84800513770061
-9.966036149394162
-42.434817306390954
-11.642052285600558
-17.939378177143283
-22.626282991432806
-55.767002219042766
-8.557028388093531
-11.035106455786929
-10.508409357948937
-8.612887940959768
-15.753668306806642
-8.536367932501548
-20.228753432471002
-14.423254532543773
-20.02171244241632
-7.750025069881801
-3.107828032260269
-8.58859319183256
-16.37261611728251
-17.084234985936384
-39.38822802086518
-26.616553323306107
-28.809191777820534
-16.10911025176606
-39.39836017641022
-67.31359601839338
-25.752696565770425
-52.297188777628094
-37.937862591336234
-20.026740660227606
-56.40670117606467
-5.946914943927663
-37.373822004969156
-17.21850668706079
-32.32891685354101
-5.7935776100871275
-18.396398914874585
-27.38881061372482
-5.608588375698173
-9.807932641996489
-48.39497768566632
-11.114753691081244
-9.278846954463
-7.563066346302456
-9.935806362858957
-19.468427752716224
-126.21007782309911
-25.15703622477818
-65.20510789673638
-12.486921201542515
-13.11611796275111
-8.102341795243367
-30.687097737964887
2.656769132675279
-24.331687198179395
-66.95532409921243
-10.858850907240914
-15.120766130082403
-8.827658998380526
-11.363341157831806
-17.265932391390304
-45.91819340481115
-51.71340233515227
-8.834440223763533
-7.239894520913669
-6.387725025129658
-30.3619682349404
-42.3210107891478
-17.78820022869945
-28.945370522224227
-61.366812531465996
-11.460780111895167
-9.681227126310988
-15.331501382702644
-13.030543611010208
-74.9233743948808
-13.124043801293087
-7.3941034119043705
-19.735163005761013
-11.854971856639526
-30.856693393917517
-34.18014804587677
-15.681407974074462
-15.442262470822612
-26.064209272389263
-29.779799832551067
-12.628844546875467
-15.73317406090946
-54.494451943049235
-19.276576716822422
-6.072154232195736
-46.51137131239578
-13.813827785641438
-10.733388826477313
-12.377516508214898
-3.0024382384223274
-71.40622419776862
-6.322411116954058
-8.309371566818237
-9.535925558122432
-89.1796947864948
-20.258675217104695
-52.14084613643497
-11.154285894483237
-72.12360365662367
-12.05724418353283
-12.050029900309362
-22.625212328076145
-22.53164311472908
-13.104207182133468
-33.43608223321053
-24.889445431516933
-28.94683504178088
-27.48046640618173
-23.16400391769597
-11.141387496536
-10.940903977998389
-20.81303164278555
-37.97038428126835
-8.484040427157375
-19.957470079276746
-4.4587929748690955
-13.396634188156888
-4.966153325112008
-12.562828908349106
-70.80523391938375
-52.21218755813197
-32.11809089436314
-18.142143768631527
-46.21624865051669
-16.2550851277774
-45.03690757930573
-45.52043796894319
-29.041166498011957
-32.61067072505524
-24.76965965683945
-10.09119227076638
-10.20193745652782
-23.413987422276662
-9.865408861101152
-23.372532371072435
-10.972419414512892
-41.72788892530617
-29.737595026543968
-62.92965890788144
-24.34619265879985
-16.41535026739915
-3.9671086560599127
-1.8333532457032762
-10.20126673031354
-13.051091538924648
-12.452025100620565
-24.131575985328485
-35.19761120921275
-18.655993863211776
-15.211808301757651
-24.762220198228395
-16.645019813545293
-14.560319654871954
-23.894099524214063
-43.762794816704826
-15.610062402699675
-18.10032177820536
-30.23139383887096
-10.187238661490817
-12.183244609457203
-29.322978483325194
-15.524491041064419
-26.622457277394947
-9.899572214111762
-19.486826849157133
-39.02959630254924
-12.63829040715933
-59.95821608518207
-40.17725123435171
-10.701306493229668
-21.194941936503483
-7.498764073099637
-23.287124796664628
-45.11500680027343
-83.95646271825846
-7.689427880641589
-6.210388078800545
-4.436376798587964
-10.457193663245167
-43.63143809967324
-14.28876793823186
-20.58295888313547
-86.12156637554999
-17.755234509847725
-33.511116343495736
-2.9376558774855477
-12.79524903168708
-14.673718200109555
-24.820560311140515
-5.397814429591595
-25.440397351352086
-41.149571595525146
-32.8626936328054
-21.12410166392272
-12.70762383223051
-15.90084301537842
-12.977936531088828
-9.8116700456645
-7.204239885139804
-12.152282811153329
-30.533258226166407
-6.072164813848305
-4.833165380253362
-18.081478577892952
-8.716945618612685
-9.970381983817438
-15.487471631055225
-26.061606673418943
-8.336622421594958
-22.48310817225661
-80.76018872984493
-23.163310713591912
-5.34948446173166
-17.429982016774122
-17.85475332535045
-8.927462130500043
-14.852260703209502
-48.099629745549386
-13.894319751515631
-22.1674195301881
-9.751997234429043
-37.30210506188849
-20.106120933642913
-13.610705858930457
-6.091457182561853
-4.005154507384554
-73.29699540298766
-15.67102437415192
-21.70412832507707
-10.240738071342117
-17.036073286468277
-10.260431911455562
-42.65143093694834
-29.025718678701413
-27.244734571806386
-7.254239192864883
-13.914660731658739
-47.39801725123333
-14.670396837510262
-12.959234351938523
-37.3698598979334
-17.568843295279134
-52.07791273947565
-32.79362358551945
-17.017133593625083
-24.43911092639424
-6.728967701994475
-11.184551599259484
-23.49007325675429
-44.34278334701747
-21.38602616003956
-35.073081353124586
-32.739064966339726
-72.17385860872291
-32.84831292486852
-14.22513552111878
-45.45382122174818
-39.009135206153026
-8.29532610028851
-11.227228812994788
-28.07218506998086
-8.961020991213445
-34.13114070474508
-38.55628085268577
-7.895213923442935
-34.02593929399419
-9.110880396820738
-35.66913699734644
-58.0600361748157
-27.260482667130564
-19.123763839813346
-42.67490919205658
-10.935878210917739
-20.16136903138398
-15.265091683840176
-89.51205131459103
-14.109344890843092
-1.39465294508676
-22.700581438052676
-8.133654140831771
-28.37397734619632
-2.811845418038906
-15.107246983792393
-15.037135595856709
-15.872967603179585
-28.294507302070457
-19.386698918735398
-12.9733788741071
-18.778988424019317
-20.147683125810996
-33.96711677660983
-25.51566106715755
-17.221887354477996
-4.515649096342295
-35.06348754626816
-13.751630277134124
-9.564701396306361
-13.973706455149298
-40.352130942102484
-23.18296440394674
-27.75689266154583
-2.248569836878948
-6.262886990932347
-38.49884800056803
-22.51363625161236
-14.671274511186962
-9.211552982080958
-42.936081104031025
-12.745201366352598
-19.999547155955298
-6.825885125828487
-36.66492221236011
-28.534152941943095
-48.8726548526173
-14.53056099100356
-8.261125728804302
-6.261943967373071
-21.10196984639517
-10.68806933377203
-13.273677116970497
-15.612223282397887
-13.876410904674923
-25.492214448954993
-36.841483258602366
-0.7443896691486018
-15.862384933232072
-7.019118379698594
-11.259058537790796
-16.94350474140925
-9.796959401070971
-4.486731398464271
-9.517009367096517
-6.412490271071266
-27.790570636984537
-16.76614620610328
-22.322544637740947
-20.766448203747494
-21.544072357421463
-29.041109534840764
-24.521018076418557
-81.07380920649676
-67.52347318146606
-35.365230872880794
-3.22222833324195
-4.313236427530459
-5.274881890145414
-70.22352007209268
-17.812122503077003
-36.89051441572185
-33.926237513574364
-10.998024997875605
-30.17647713750759
-16.356315418378028
-6.357200146364778
-13.353451216167443
-45.98548235062754
-15.962511578086609
-29.536586008396945
-6.911377564678071
-10.756315725485459
-43.0182207267968
-13.582464724074757
-15.827561982804214
-37.45043156809146
-35.75838424825139
-5.806087561553482
-10.474052969408648
-12.418951374809224
-10.113928977640013
-22.457986051092554
-18.088944720810407
-9.11584407466927
-4.9863902070161314
-8.98399589280241
-5.738749077409692
-3.9095768434301794
-64.46156602807702
-9.487354213848368
-6.3506232605270565
-13.655906608273446
-6.628188797122687
-15.329127203574359
-30.813412848755828
-20.574351089074558
-42.61726553529869
-4.488376726220132
-5.039682378072251
-5.809233614967112
-14.189275378902716
-11.074572478846383
-8.461520776402304
-10.788451812287828
-7.037998798707762
-55.12309589692297
-98.1206064622669
-21.92430606915298
-25.693160448761887
-2.780708579377248
-8.375157374661356
-10.85000619173861
-16.880615214633135
-5.3808852349049
-10.413473619972049
-10.556722654570214
-44.91609382168736
-11.119184232825395
-27.761774743485915
-35.81716666712114
-21.645471548651752
-35.08074976418087
-15.849948877577166
-6.136945726188085
-41.56666671584807
-61.32193565883556
-15.024759412517785
-2.910025852091301
-15.946620989453015
-49.87212012077268
-37.10728231650396
-44.763498137625746
-9.785121837052175
-52.358651132125416
-6.976725053023183
-64.68973324003059
-10.338149597468918
-19.19415555681337
-10.186405296578597
-77.90509992391917
-9.441502552837814
-22.718189589219424
-13.599823554871449
-9.289723309941143
-15.337791600867666
-31.222514337274806
-25.052392674155413
-7.22734863968867
-23.751085525156
-22.584680642882393
-12.258566022408035
-7.750796574858475
-5.007081644786527
-10.47908088020735
-111.71682510997691
-10.578835805722603
-19.848071601279738
-16.589422190193332
-14.162962511762434
-24.607899188159955
-4.767428460812699
-35.35283190761938
-5.198712576634762
-8.970145242720099
-29.509166841094967
-16.604207308736257
-80.46679084714822
-19.986550574806635
-32.41346544592182
-19.5430980319212
-16.26395353557622
-60.50753356626435
-7.299778825448633
-66.54696888725464
-20.003636840322372
-14.523561386900436
-22.54515876508484
-10.701854190945472
-18.882044835972838
-35.94299699514663
-49.02618171537406
-43.00953788041242
-23.75410583165972
-9.82193338497158
-25.952200890734456
-14.313710312267848
-7.034551009150558
-26.03961623466027
-29.429191560599218
-37.29820282979024
-11.323752917989657
-15.913388684752013
-30.516914132636124
-6.045814701206181
-9.865403943884756
-10.027913097763905
-64.36075932786504
-39.08130495755761
-86.98484205044598
-44.504129549982046
-8.456909578810963
-18.35439609838759
-60.07911626787883
-11.914632303759657
-8.25612268065411
-3.1505152951068385
-22.544452348281155
