-38.80848344741157
-32.343690449353005
-18.95695002994758
-16.284728469381548
-23.02436150961198
-5.891688801394027
-11.961318951019912
-12.71182879676221
-17.420946590504848
-28.994152672892902
2.154237319362777
-47.28190468842246
-47.73828082198748
-67.47525068837892
-26.908327944025938
-25.07051455315977
-36.52274539247333
-72.24625638133773
-5.813884879282019
-6.518481041066666
-27.68655600640794
-23.34058463739119
-3.2456485212429853
-80.18722946768844
-2.6844083683583864
-8.27257796487696
-38.00958955600143
-8.092436519232878
-1.681150355144689
-22.489666643897756
-8.097926726004923
-27.771995354069574
-19.802734031553033
-11.879145192654606
-2.952907371148935
-81.28828346656121
-59.95914864436202
-17.45484699063251
-23.328494469189806
-29.47330870999957
-12.095625687024985
-3.724911740072703
-29.413929545999913
-16.547781818991616
-47.447743090546666
-64.70550475687538
-34.52633422611645
-68.49681136537079
-14.03224315112701
-15.221741124902463
-23.393410777688043
-23.4222228488521
-26.454402614846458
-4.391756498930085
-40.26593516841624
-25.753641891310018
-82.63522769547386
-9.867094685863478
-55.51944471004513
-66.00294658376863
-17.391545610760154
-84.62857030154514
-6.754763015832029
-18.99140450479485
-11.836432324038281
-7.183910021890002
-28.873044469772683
-7.422204832307198
-53.852736048188646
-27.575985262821508
-8.066445450593497
-22.416882218844147
-44.74694551435889
-5.891781669836918
-3.071366715068146
-63.02272113114484
-69.49546321943943
-15.119666945987658
-29.509443104232478
-2.625494435153927
-63.45798287850848
-1.2427018176879674
-13.508412668570182
-68.1448034805817
-5.918271966917601
-48.415588678883324
-48.74089195217932
-5.495985416080526
-3.6601586659812817
-39.322732704329724
4.606639807483019
-3.3517496889553784
-14.586159329100932
-9.690257044543307
-53.69666977400879
-14.319202783952056
-13.940067672718126
-7.967599481534028
-4.8870840572721
-24.447347644243553
-38.12858695849982
-16.615799407990572
-33.42895274859498
-24.23110511757736
-13.965513736220451
-15.636811457970913
-22.041348139146553
-9.687787145376399
-18.29447100483542
-31.170914449954925
-6.607081373200799
-17.13506922490295
-7.652461041827338
-33.023407617528676
-17.894387060556415
-43.914091109232
-23.248888605817406
-7.672998225892317
-79.45066186341245
-20.56488497714857
-1.3543253444990189
-59.83168182661126
-18.356182399111216
-35.73639604769741
-18.357664048979647
-33.50672931157258
-21.87308224240489
-34.52385745300805
-43.672347994215976
-53.568488703095944
-7.168712722810144
-9.012313188126589
-49.11165822809713
-38.871628297671236
-50.22238344916687
-54.90864331543832
-10.794219236894682
-13.55775042924895
-92.85225417500993
-30.328862461882967
-85.07452443996634
-28.970402432163354
-36.05772299552241
-215.47932373821226
-2.701266731718074
-11.167904938683748
-9.450183559325799
-24.698216709051813
-38.95158301207159
-121.74373199950456
-10.177423308038065
-36.39746285992001
-66.30567446251838
-47.99988343409635
-11.90837144732766
-37.128655879764146
-17.886754555211983
-43.46020360193175
-25.234281405136443
-15.340493548026574
-19.111928992556976
-16.420951164619957
-43.558288270568674
-13.384398001288558
-31.675471402199978
-74.71736712460769
-8.498421120186642
-11.202763232694279
-37.26996956083546
-23.91305204049721
-0.40725610205338053
-18.3955520335462
-3.015047559723092
-55.9412573642146
-22.03307565497886
-90.22969429475772
-91.68809490466025
-16.808666388352403
-74.37922577505228
-14.751725535729177
-40.10268102247044
-31.250472311955782
-176.29868719142704
-5.9715444170043614
-74.93851477546762
-8.892760072363874
-4.796326149967845
-59.76429735169181
-9.91499263946804
-32.376929932196276
-59.096622029649815
-20.008964205365935
-23.419377927162866
-31.305037413533263
-12.657379562331824
-15.673446421626473
-7.837881889111501
7.839786113713745
-44.0848600820667
-29.54090065157817
-3.9203560044848835
-38.31512122678431
-6.339328249016055
-37.11465104419738
-10.704006091627434
-4.182814650506207
-35.9916240741305
-20.023022519759518
-56.34613356688341
-34.779772457784404
-7.385233201462606
-22.371803524274704
-21.862537363374617
-1.2829650759658409
-58.115922440724866
-16.882761039373307
-44.01969450248587
-32.08757867977244
-8.413779057862454
-9.709719229411547
-6.227823946966998
-2.2901947865021173
