-29.754890129761947
-13.243510340526447
-20.091722862905947
-21.78265688051027
-68.6369168835184
-31.726160887144985
-34.869111493091815
-6.714221248024624
-10.515750168843024
-4.319092976558184
-16.279587172452896
-3.0885618390910254
-21.33942761444849
-36.67809433567652
-25.753641891310018
-15.606196762413063
-8.399519668643123
-12.32436070344446
-35.96807363700982
-15.770231211020688
-29.102950447099385
-34.120704680122
-27.638316527753272
-24.264140494959932
-3.9591061240354364
-15.148899726593188
-21.07995979380804
-54.45425330594478
-68.01899613417147
-42.7263628773992
-21.29589595918046
-45.38383859883772
-9.03532620532284
-60.99090155970586
-19.76307946311929
-75.73443297144406
-19.094121318977407
-39.946044735175995
-20.86112197162432
-35.0589503114661
-43.04881993486114
-23.263092843275892
-33.8051928421394
-45.141404687651445
-16.85820932200965
-10.06339056784878
-42.4502800261769
-6.652467071865603
-6.223883949994243
-17.723086209691047
-14.025375311969393
-29.20775299795499
-34.60571371915081
-15.22886713914755
-16.719164210296597
-107.59177728289103
-49.341575878631936
-8.029441226386371
-40.313230305663254
-14.865526117601616
-10.50497325257474
-44.57026009748314
-11.94226433687875
-8.18721677739519
-40.31607941729873
-31.111393731687034
-25.296003812459325
-35.91551519678879
-31.78531719004948
-9.901292584341984
-24.31629133435597
-19.810413328395583
-28.017788424589195
-28.813898487424748
-12.152414646656993
-12.657557576834282
-26.27262799643874
-50.18198292621749
-16.427541557930688
-38.33366034594964
-34.8259444413051
-9.886560024269006
-74.01898903928787
-29.96266475068868
-51.67437846061016
-20.471471743653353
-17.28171758594139
-52.8644183211138
-4.594401243413083
-12.901052783232743
-12.519023484103995
-26.58796567501917
-18.269140098738564
-29.779265570205066
-17.98471365744584
-13.965277119262712
