-23.659472396146146
-26.535733178403476
-7.582778204000008
-11.580013661075098
-52.78142588425307
-2.4244253028808656
-4.819974461543787
-12.640937278265962
-11.4938943988451
-24.04555677103588
-21.866536297654736
-3.0912651843144103
-12.562080470727294
-16.109440900002582
-18.26927854019918
-14.61511863591366
-3.4555439974040882
-45.314905605638415
-7.782346225843943
-9.583279876704928
-8.989391357837802
-8.124517981521159
-10.02608783093706
-9.99689707607873
-4.253956048326209
-12.987263765522783
-12.04335930839401
-3.0912651843144103
-48.141026825784856
-7.2668768728152475
-7.551516262268915
-40.8847108593086
-10.837938143568026
-5.425135222536798
-25.040361438531015
-10.821804560774819
-3.1106576055316917
-9.53252172440753
-4.27891797274105
-23.293212100971235
-22.1193180836507
-12.298560530841794
-51.75092705733186
-4.195759254441483
-10.811931619742243
-7.191052584149732
-38.3929453475155
-36.76811782486113
-10.656828523222194
-7.587900107014244
-9.548583463752964
-2.895729853052193
-9.581183451153771
-3.7215919555156143
-4.232862232036088
-7.191052584149732
-15.956296099575733
-28.14696916995955
-50.518133588833244
-5.044967034750483
-3.3416087285216576
-14.156540923205645
-2.3434828179886535
-16.23613579569748
-6.461488941079101
-8.23304533059548
-3.6099863466477156
-22.528736603277196
-14.713032064646722
