-8.402850974929049
-11.369291245551507
-9.739695588434914
-48.53630007552079
-4.280136640072729
-19.279355683063798
-3.2521919713142404
-9.561024040151693
-13.032193713089558
-12.596336439890012
-49.13583857871997
-5.095939790012849
-4.033887491083488
-10.926948081114752
-12.77386686461838
-20.23690890652397
-14.276967994134438
-55.56400233494514
-10.625460006615668
-8.6120175953627
-13.273515906525029
-47.29700511204373
-23.869241395344126
-2.896507866070855
-29.27483458432228
-14.060761265877975
-7.841803634142346
-26.5875283208705
-2.1866306675290854
-5.46432805103947
-18.515374139984885
-22.13414653543037
-7.878713313685724
-7.780446980275302
-22.14282868713308
-6.335761524815691
-44.44940362729821
-33.36946244003143
-67.59865842665621
-44.35812322294484
-77.52592107246234
-23.39893365769136
-21.972592761182327
-7.854621456089181
-13.852946231674098
-3.371718868934193
-3.679121352830928
-26.929309122829746
-7.109845072956428
-22.366615548644415
-7.785468502423691
-9.744812386237248
-24.279175286967586
-21.965883017117363
-7.21360418386899
-20.775975474999644
-9.842592269698201
-10.0655222173647
-20.736405753151903
-11.725322614650025
-7.755761443572265
-6.662669413182956
-9.925220854872014
-16.410620076772915
-12.683514306295972
-33.48001031218784
-16.981034975405706
-6.398032964997291
-12.433111272675879
-33.32130063283918
-32.45587745600611
-8.567117810207536
-14.90834988981048
-10.77486023790702
-7.316839721303811
-9.933843599772628
-5.910126189864074
-64.80443136526038
-10.831268030612812
-7.93063711488939
-19.204832963068963
-9.17255980255235
-3.2378519320157237
-14.165500248225976
-22.845625307966323
-11.793673453120007
-27.752826713000985
-19.895158610275526
-21.85766217282954
-11.396950903614583
-12.355584825335217
-24.1125032868089
-16.886081100658153
-25.325263733898677
-34.39790740131598
-27.893712882711956
-4.761723577361961
-7.978694329771303
-27.337594121390502
-15.72243136648334
-21.468289342952477
-10.73578246302203
-11.97238599010887
-6.672738787455676
-15.764174662932763
-21.93690295568071
-21.956887211949592
-7.629567327836088
-65.29934010539299
-21.104810048151094
-10.373403156927521
-59.523976943150004
-3.61347371462062
-3.5413268720951314
-11.176825000265294
-4.067308951408956
-14.508272222940333
-12.868814662531129
-2.4402254263678755
-23.81086843472944
-3.914934085807229
-7.256843067912318
-7.08924417980012
-10.165072782912715
-9.230678747562296
-10.385900020305915
-11.511014738430553
-13.053531174762298
-17.965676747995285
-7.932015204864673
-19.758209155929876
-25.71130093952712
-11.45190048530159
-6.112080899242713
-17.991356866797204
-10.446899693620598
-22.119249590548147
-13.175733979636183
-10.806194419535291
-10.80278977884965
-10.05481673392896
-30.885673583241275
-7.774636663092918
-17.059271645711092
-27.996274386610786
-19.152694040767024
-37.11229362989464
-46.049824387768346
-6.208551860871044
-2.048461442596206
-49.03372004352465
-13.624125937778839
-12.192300217060549
-15.15214000617958
-24.785197385881933
-10.73118462508451
-4.140702880465486
-20.48877002637505
-11.523767102861996
-8.054404274051006
