0.7814796179344542
-7.074918750729754
-2.141547919873357
-19.5985277731396
-7.270457201163748
-3.9765885298252144
-28.40617222399356
-8.362874219836868
-2.9514861143110256
-7.241989577907757
-2.79470543969624
-2.6052046431751283
-33.399790312016684
-2.5627429531529367
-7.026303376583497
-9.247627459091758
-11.521791365632364
-28.032365631367263
-97.38800639734896
-5.742230940170411
-2.227571891331982
-26.294931017366697
-8.550802576060033
-5.863059028542721
-41.55332763539185
-8.759406036315907
-21.32686476794074
-5.030322823868203
-3.8090956632767368
-2.622145293532575
-12.37003960826182
-6.274632172667214
-17.115210448606458
-7.837033195224984
-13.375280059735875
-9.231250692804924
-10.30062876196926
-11.014615150594613
-5.8710316681697154
-7.592903547653679
-43.62582396288538
-47.87140787835399
-7.987415009836562
-2.1069114178550037
-2.7562683356576647
-12.600192157951353
-10.343600341579718
-30.110822625931398
-16.71489344451246
-0.5175165129409419
-5.029059623685688
-4.492378021173446
-7.846017548939089
-3.8432118088945755
-14.365962862197508
-15.296286585854054
-20.730364244683553
-8.793901292050545
-8.216281029196667
-25.11048306886367
-26.960450428868402
-3.181092463828488
-29.26407265261887
-3.961316430323745
-10.591262502970938
-8.136812469301015
-4.1713279398973855
-4.359348954330205
-1.2425534530986062
-5.574958951419869
-4.150477685599197
-13.070533858667124
-4.057620578856154
-23.262352266296126
-11.87513678342611
-39.509656484700606
-4.992361075343969
-8.975707036783996
-25.796352416473923
-8.192356175534826
-9.176061904819175
-16.598375077223594
-8.169734894596948
-6.630633372747385
-40.908875297100955
-1.8180882457361671
-1.219497745812895
-6.5432125362971805
-6.195509627390848
-9.915528220869982
-20.67882359235761
-4.894404849965716
-35.15076064816017
-8.089111978529742
-4.637349264990949
-5.98668120496924
-5.847103090290889
-3.371126234375181
-2.377913825127138
-2.4292771670819504
-32.71292141883331
-13.83745975203912
-16.82453838061965
-3.8677033336977016
-14.043163387298685
-2.5367163134570916
-14.989737010805698
-99.07413247423113
-4.443458758978463
-34.59458512764698
-2.4826692732140816
-5.61289131664404
-5.681835872162939
-17.368349666119492
-7.139535849975138
-7.618422771511916
-1.0819860696454449
-3.1396226436980936
-3.7993433521337314
-5.19746998614639
-23.196385510581628
-2.523131367330566
-11.649872347620203
-15.76666075136956
2.5283611543556694
-2.2665947686125043
-2.146629406439767
-4.455143782663964
-9.028137204637043
-1.5953003383670632
-4.7655764573824415
-5.445096633756878
-44.268448846483096
-14.615563492148935
-5.786675642802134
-0.8919896108209899
-13.56869696448401
-3.3252107593476556
-11.91623797737595
-3.4039229939810483
-5.5679674810328414
-27.611962984508633
-2.4292771670819504
-3.1975377564728706
-2.161243629953342
-13.932587178998778
-7.900950327321051
-11.03283462230816
-56.72057042550868
-5.502768382418066
-11.998064717826264
-14.47600840931425
-1.3496468805655193
2.244148580463306
-2.7189988786863606
-4.75197246029322
-2.7874654392508407
-17.34401569350136
-6.322576405387535
-3.4561525634651336
-2.0365697591822682
-6.805683270134127
-27.429449494517474
-43.7181001378019
-18.168211938845335
-3.488889130793242
-14.218621965916368
-14.603000933827781
-34.26986812461532
-8.860465904433841
-4.109306328140303
-44.00928136172013
-24.98861067218197
-35.38228596747582
-6.915227494932766
-4.806557986487816
-10.905922444872843
-9.935259489357696
-61.670911663195255
-16.46453474293453
-10.241494478081233
-12.071277774895908
-37.9490996108322
-8.994352868580533
-10.096140888657736
-2.1533068502822545
-4.945371548028652
-0.9037485412298851
-2.7620265867926688
-7.868412401299135
-6.095056113257441
-0.8802306804120941
-4.310594772176394
-4.7217207505099115
-19.60867531220885
-20.675868856516185
-1.7035863602088126
-7.316330406928657
-3.338880936211371
-7.852036784848058
-10.113810422457998
-22.992250882314945
-2.4193264511196753
-10.189578087364767
-11.858566836729954
-1.3496468805655193
-23.051357598600713
-5.226102357801476
-5.924534381530609
-2.952831265477816
-2.9043561107074036
-2.4068970877548894
-20.39806156860521
-2.2377616075228506
-3.844377360821212
-5.863638427125133
-5.780878949593854
-14.406284655375787
-25.66855264195609
-2.2462388908636046
7.221757775134259
-5.208362997560614
-1.7839792216419799
-8.084768742333923
-16.666604976109088
-4.882559394876232
-3.363053363055854
-34.41938436049195
-1.9484847572504527
-43.97542948168167
-11.330014372960797
-19.579119923904113
-96.56757425044613
-3.920402991244516
-5.655556468933649
-23.051853776725363
-10.02334502908932
-5.99186374232281
-28.399635929999516
-8.5603719313927
-2.3262428289746593
