-43.0731387875033
-21.01646901940301
-17.93542697420323
-8.772220752549863
-13.973374625897307
-13.972595654107145
-10.963025180109039
-73.94383399906364
-39.63007559114711
-24.091403133534953
-6.96063743185085
-7.734501353612077
-6.533722198038534
-9.447045766779025
-25.91379041620181
-27.062992239212356
-37.42473977531229
-9.249264962875234
-14.151885342307073
-14.19041312168983
-67.169800642252
-23.562005991578594
-16.100682991484618
-2.1711781482098846
-22.632691136293914
-7.134813786783975
-8.778975629647212
-19.08272197149355
-8.041080337143198
-17.750246271242247
