-25.84011707708355
-18.257487420105498
-12.799349198093841
-9.916778097957653
-9.137097826003503
-18.872303003373464
-26.452422613256562
-27.031579715173187
-12.165373498936344
-14.414875082041695
-12.878442191658399
-4.609367303009428
-29.858748236908763
-23.795603939154365
-7.498699418668132
-10.236143632731226
-5.126072997125858
-14.674673421634768
-14.522775160838677
-20.36920698815235
-11.52890762220486
-3.419834719479905
-20.90119019699074
-22.431238104230506
-5.456339486886418
-31.281807637158213
-5.519875943385007
-56.408587482511805
-58.2838458735658
-2.8898712273120704
-49.2611271561077
-4.0693405453924925
-13.577003682156032
-12.53313916200139
-2.8667661468920493
-2.443972887976434
-13.933182541061669
-20.877339039822708
-11.658285616357118
-42.94514136585333
-21.59151140091639
-15.203963363145004
-37.83702151376717
-5.909479290168872
-5.548555250595945
-8.439127485430891
-22.724928423284183
-15.23702892663119
-6.832983688802873
-15.8381500955235
-15.99613951153833
-5.405070615537556
-27.499435105552788
-16.576711921059044
-5.163519300321278
-4.857653278165212
-3.268474338847076
-5.475390814093564
-23.167154387820432
-6.5229008970317555
-13.433851085802647
-8.549873256514719
-47.153651810680245
-5.400291197463584
-12.277979114525133
-13.147540456216973
-32.835085384986385
-33.89177173951045
-7.432843880215328
-54.37955549275843
-9.290325705194592
-8.631533483348926
-8.205536859788063
-15.229714334261352
-11.858462623468899
-50.863335146683355
-12.863668242980369
-9.328747069656533
-13.131082669222979
-7.329163973456056
-33.08940119738754
-56.230656263540055
-21.497418350379398
-10.174238597336343
-6.13169089818254
-8.992819534251383
-2.7942867733499326
-48.96129411246296
-11.991204737491357
-5.427211058217185
-29.23627171083523
-48.60127348842946
-23.613060843978175
-2.951358821327788
-4.592549077805501
-12.114294094077614
-39.293370512102435
-7.894940984595341
-3.621647783719713
-42.95878424555694
-24.246482512967052
-14.493948890678068
-12.707511044375124
-23.79399233435095
-9.03822894527216
-88.90841736867084
-19.801079838625753
-15.869160127106529
-15.218596387974598
-7.0924415023392635
-3.7176244697768004
-35.25074465640191
-13.194327544138993
-4.7891603562762946
-61.593984033930546
-48.5043284100731
-9.393176241480631
-10.638694429898438
-9.016556904045208
-7.499609055227158
-5.65489975747628
-6.541195574377352
-5.010455822835946
-13.720673577888604
-32.36765906053489
-69.39578245359377
-1.7192764688762439
-15.33023566024267
-21.10319738348419
-22.954840884455404
-114.76638642444486
-19.04921141225833
-22.04469825143063
-36.34456853289403
-13.600436048385895
-12.647830245383378
-5.790144107001651
-4.7840788697098775
-14.528803395340168
-19.201185526006796
-6.329815318163338
-1.3871388126489863
-8.075299888602393
-18.077098905283517
-25.378727567795696
-11.698339084308989
-2.75098259710035
-23.088130187820838
-18.524539293929298
-10.738814944849508
-18.630450080768217
-20.018206857812874
-1.461255717139498
-13.72365666588527
-5.3621268310597845
-7.7264863485383035
-30.990436786892378
-11.43153847614338
-15.131744151409078
-20.860965581313277
-5.610780263708525
-7.934684502844079
-13.545032338943628
-6.8961277018358835
-5.054089632959845
-11.090323459400816
-6.020152584119779
-1.8194246153183966
-6.811312573445652
-46.93873214066659
-5.275993912139784
-6.28249931238979
-9.067270598401203
-57.442649462600826
-20.663994531321283
-8.223992867123133
-4.040302042741961
