-20.395938790752645
-3.257854807501635
-5.239803308298271
-16.59707842663517
-22.491462055070183
-5.631875245931721
-13.805415255384792
-15.507597244499582
-20.2585704891874
-16.921010896530834
-8.41070927180201
-21.350917603303206
-4.548442748835359
-29.788907272641307
-29.042384886903754
-9.680651678438705
-41.081435785167294
-12.859320682278716
-11.204959661278982
-7.621793999741686
-10.6255245749784
-14.450334576119902
-28.21164756068845
-70.10573377061385
-15.128967517423606
-5.893131711179017
5.562121797956358
-42.65431847117192
-54.67360437643004
-11.098144163362702
-11.514096200953121
-45.92838032526885
-3.710145072803865
-81.58041159464393
-24.25352673437236
-15.132450510844354
-19.590962144144942
-3.904694437153191
-38.12098944047504
-7.731409938460009
-41.680576440774296
-61.28851699100377
-5.5747357203365455
-33.26331442006425
-13.783838981770693
-11.105917943846988
-15.014558123976869
-10.5326006493964
-60.60490787947178
-3.5510104910512927
-5.717564736301125
-9.39786461439532
-7.884157237564661
-5.202256402579734
-102.81998592341058
-26.323105973473062
-7.670589922927392
-5.982667356116181
-3.9527939775426173
-12.972842447394656
-2.5670551572522036
-44.123438314500035
-5.952404115830571
-14.187950627280623
-49.70553970417716
-6.008987814537694
-22.234488731915146
-39.392880298018255
-25.056896038486045
-9.05143332111462
-26.43410744273819
-7.476117318283301
-22.108625664467233
-16.324008956086402
-5.248720226527057
-6.238449079143747
-12.246191315151409
-10.951769560934604
-13.509595330565721
-18.237912934323557
-14.760286986853838
-40.48732670504098
-15.850735355423396
-21.93341926646892
-6.325414245297916
-42.326313034863425
-25.77405896819172
-11.992358278559623
-24.139907314298906
-17.63560951983912
-8.872878813645835
-24.568108451574034
-5.044768618304398
-5.057612253534688
-4.997637085316564
-6.87950011191025
-13.146045039199516
-10.899848881934707
-61.79657927474149
-12.840677007715994
-32.85049877884006
-3.3298525358321465
-39.07996866499114
-85.1274360718646
-5.693671085946636
-2.5533833785627915
-45.979358839528786
-16.28231710476546
-30.820665449732868
-30.476151999718052
-11.582027855026714
-13.453093528559076
-14.94518552244317
-4.256461302977983
-9.614013418980907
-17.9970386351493
-16.91199437735119
-36.2960467682753
-7.268819844287669
-8.341627916587592
-15.589748979910215
-10.352340598490926
-18.635798298751173
-10.170860971335474
-5.7727250010171485
-16.31940705946697
-5.401986136705685
-28.28159658055389
-19.692677710894298
-20.510506753590647
-14.213448060011748
-16.0250857053537
-29.08142578652505
-24.762186417366312
-55.53974401110597
-5.289953453059915
-35.933988223272955
-11.524021296196144
-9.97181614909235
-11.05988546674973
-46.96835198540049
-8.827750978749126
-25.910947869903627
-5.749515943480564
-4.048364052103357
-5.20747731259356
-53.016383216755585
-6.694548087984839
-7.0235461875778675
-6.864750410794601
-72.24625638133773
-4.920118930074139
-25.864614214613386
-21.336567276935043
-19.554135094007936
-13.141537767112546
-9.694402567216898
-7.040816356044104
-11.21698216241646
-5.727499546629146
-22.295750146208157
-22.770639956249376
-36.155691576959214
-11.763884969281225
-41.89979710147348
-8.89691442047962
-21.434442228684834
-116.08702842959963
-10.733847864158175
-11.774807906187846
-7.279003938273829
-16.728122503630374
-33.34579200686062
-16.814145447080193
-1.5383271509950425
-44.79107407589826
-5.396914152757197
-8.200606800820095
-31.958638459712386
-5.641393162178294
-0.5434067779270685
-9.403041844134496
-6.1541701013843415
0.9719163990178497
-72.09209561636432
-12.598320440619712
-6.5376655790371485
-6.83363166711475
-10.637672331332602
-6.904371252298635
-29.82827648115223
-54.122472776053506
-32.30089338830943
-6.5460667583681955
-7.1500068156444305
-31.458145017433733
-29.869823819171035
-16.13363168824379
-21.111109968803568
-26.489104462072273
-5.388113818372849
-14.260579374039084
-25.991370839234015
-4.403736386653905
-13.069616585498693
-20.019054371243836
-8.040185526725717
-14.484008564205352
-15.922429545623725
-5.8011905439050535
-8.13143661144607
-24.414300832524432
-4.2932539849392874
-6.205832391125721
-6.9422089891960095
-26.778799257265707
-18.699558820539746
-9.817499756974849
-48.191937102630924
-42.3352408224042
-6.537378026424725
-29.622819067193454
-8.737707948508042
-8.976618455719265
-2.885807802753844
-43.06770186458264
-32.76993940158665
-148.67732374382877
-6.256742776157187
-6.023125034286765
-3.2103545787417325
-3.8382080657183404
-6.639668794433502
-23.81539055102577
-5.618169741275891
-6.087571140904294
-9.949743250048627
-15.597631082583499
-25.226555840269036
-16.517624941550185
-7.965162463441706
-14.743197521958438
-6.026280502510671
-5.808415075528272
-6.073787398902789
-14.154775414868693
-4.2935906245722855
-15.02050270422429
-17.91150687565969
-15.80453335267883
-7.251223431249482
-41.65379513436786
-10.333125093075655
-43.752377622954484
-20.09548692423666
-6.481861398566566
-41.5042691974617
-21.41801914784902
-4.144018566806955
-18.421641282958813
-10.301964163959324
-6.4158581982763625
-7.660084499545762
-12.798254662210955
-29.377194604305625
-19.14345199810901
-68.95053265919695
-14.062214836200752
-11.013578870350445
-4.556895045452225
-10.62103146009981
-14.826768535941905
-5.139930740162683
-1.6011354102982642
-15.498845117044262
-8.578989605601285
-27.3563780905077
-4.895915636808994
-12.45873093024492
-11.388489853275479
-24.7410913134204
-6.928063081782469
-23.23768199690135
-41.37053992984013
-1.5837568902674883
-8.099392392197082
-8.319064621382914
-10.830912445953569
-4.241162200023598
-1.1128279363605775
-16.512150366781412
-31.78042680187576
-7.070329210731
-16.65695117419462
-5.352327020001772
-30.503187758581532
-29.968839836218727
-3.1051121517156606
-6.393871543863248
-14.787284135178709
-23.44613717339873
-6.607549601817775
-68.99501494431667
-4.013664733854022
-24.98236082423516
-9.216926190663424
-67.29997590493169
-7.971630274887869
-24.632112291645466
-54.4004033351645
-5.286841398366957
-12.684241447811456
-1.2915468744944723
-8.181911323903405
-8.144409935891035
-15.2318810412884
-12.302210927330469
-14.561450844850068
-4.160603967788887
-29.58675239032
-18.659912701718703
-10.440769318096542
-18.78533313871854
-25.480011429602555
-15.938148768864233
-11.42123076938934
-5.529854696385897
-6.12260755164544
-5.218746543722537
-29.338154634466033
-13.060214003107841
-20.10362222844405
-9.59776296987572
-3.971899993317938
-25.139239966784263
-7.12402373391522
-65.92444371011666
-18.95507614722387
-45.25098289285745
-24.432442156626387
-10.169608091058342
-30.086914325279302
-20.56651595334279
-5.158880014892063
-3.398720502696785
-8.580606118714371
-22.54443508459045
-20.00754215320939
-5.999828147854867
-29.808920050104668
-17.573218903621683
-10.0100422669071
-42.21478132022035
-4.121486469134971
-8.276674020706897
-19.282480340470276
-10.360588718484935
-3.4694026019894078
-8.254903687905317
-24.387002192782212
-17.863063313572336
-21.214872491618326
-7.395658967447036
-22.8060617734974
-9.432480908800333
-15.713375639500962
-7.69782424665522
-22.089122043485048
-12.112807669933282
-14.795346005800813
-6.417252653630936
-4.605139467820114
-20.292326004277747
-8.119602366000718
-14.466025632264138
-4.673821249633431
-15.422291236978285
-6.708968520527577
-13.77453878340035
-8.728094930104781
-2.230350475513187
-32.88473808075023
-6.958602154555009
-48.88770488682937
-11.456300593628148
-11.844671427516293
-17.63497993715932
-14.773629012348692
-6.504767597059592
-9.754423445076283
-28.81159909759449
-11.778943445951384
-18.684228240450576
-32.92189740122016
-2.8279253594309015
-5.421504525451965
-2.792488752116975
-56.11185609853716
-28.74822097591777
-19.22466071124995
-37.41402516632251
-19.875342223328985
-17.39683903817041
-29.683640952837457
-6.134616077659737
-8.063212601014827
-4.967283583748169
-4.403348254937151
-28.517061245576866
-7.952008837252058
-28.024514427266578
-6.568803665817951
-4.777208839121346
-9.604860993431474
-27.59450262126071
-16.333083922199634
-5.671465187470623
-9.858061007245198
-5.038689208384415
-6.5956222388540064
-10.209786523973973
-10.179993992735735
-10.625673660417547
-12.298938622821064
-22.59445957137689
-10.447795312936806
-14.46685268559907
-11.792548530317239
-11.889497387301061
-7.014363885470936
-1.936422604531697
-28.823863217573823
-1.551393504582527
-1.4939115839685917
-3.749615090182079
-3.6521049835570776
-4.713097789374067
-4.977270357301004
-7.505463527998713
-11.038260939309767
-27.275479338607784
-6.085625813955838
-59.87520280964695
-4.325974979271324
-5.922565367646984
-14.583789513294636
-5.3030153797793345
-8.113130879771026
-2.144891100718328
-23.517831976855735
-9.768029627304108
-25.392620496741465
-13.872859591794308
-9.519492831326447
-14.16210481177578
-7.046828625962312
-52.15175319538162
-7.3636824494532815
-15.052288741157652
-53.449288459080385
-10.44312992032144
-8.968383661190568
-2.68100822558736
-20.107165478390275
-9.468868402053543
-9.734391380195214
-37.46540038268118
-75.6623210459131
-1.7597297834084284
-19.743043329342793
-35.533082004177665
-9.514582313591552
-68.88129944138856
-39.105593622188984
-33.6401536299295
-64.80443136526038
-10.15244849979083
-29.464035617312888
-8.450622892709902
-3.5926478478143227
-53.57299576927165
-20.621626599184363
-66.87489288257842
-16.369122984960427
-42.07621016337743
-7.193405771076916
-5.277739361230411
-9.68523904114881
-26.267317842309044
-19.570459154936913
-38.554871298197746
-17.75806114229353
-50.37420296025762
-22.639120232237836
-59.63689854975647
-10.320094527579018
-2.49073004571586
-16.82091580318764
-24.04119361863182
-12.374843004958404
-13.254621165221911
-4.052792037111835
-21.862537363374617
-4.9132198511313545
-28.442187611218362
-3.2214750504378036
-2.976962524666575
-6.580514416995376
-19.221718271977245
-14.82998361045431
-4.101991116997626
-7.499371217591133
-14.200767217272057
-9.60241592039675
-20.48088051492646
-20.459958642189626
-6.107650628949886
-6.496633908063246
-8.070461538763551
-7.240432628422372
-4.969098687480792
-9.822219691360658
-3.2743952497887103
-3.1842426855370736
-6.894231319563727
-14.515205662305116
-23.95389210942948
-7.640750407384431
-8.293225445366028
-15.273680450112115
-38.894700366560144
-6.752553284179175
-3.7811190050439474
-43.98379761572544
-6.047485468800296
-17.86695889825173
-28.741882508480593
-7.515181233738911
-26.389678788172187
-30.242615889111825
-13.85142056036115
-9.634722728596966
-8.809542174451709
-21.820218637113044
-81.22532243773422
-12.546031221798561
-9.643133704527209
-8.908329789562861
-7.489574870549638
0.17679475866982872
-27.130492328415333
-106.58389777285382
-30.801821135796708
-13.435676279310899
-1.0862221479660021
-5.343036960847821
-11.271620819961063
-17.720043719305398
-8.30936723991381
-28.413291897166456
-11.427127122908471
-14.559517658424026
-13.235073395548921
-29.641080770048
-14.291356120354079
-28.8175633942878
-7.3137297416472995
-38.55418234312856
-6.792553747574789
-8.434244082955747
-108.15899367297312
-37.10120163629752
-4.173182120423593
-5.8528211372710555
-6.882629551565326
-7.085445603323732
-11.560822586617734
-4.366126864018718
-15.24967218925103
-14.97356626665013
-17.69005983049091
-11.115676613746121
-31.13287900556543
-5.917431077155504
-11.739184426738612
-19.85367767697074
-65.95146956581632
-1.392399585502617
-15.63288828240125
-7.525862691965673
-83.18655540955234
-10.537064057487857
-26.713713550033695
-10.938949316147056
-54.684140542190285
-31.989675393102484
-8.071750131943965
-30.041587589320393
-11.307952973335915
-20.016556378570286
-20.453788691138048
-8.848779897719083
-7.544194076026231
-30.71303746438161
-5.74856640692619
-6.194464746261827
-11.427088126982541
-7.662419984748645
-9.42826567411818
-7.104978917201086
-17.57017697537229
-35.05447680740109
-13.185841669785157
-15.648019654881642
-10.686380812429014
-12.486125834745854
-7.0224997309037125
-13.11073794013187
-10.9634207766212
-35.6610807136211
-20.889296295440882
-31.664756982665082
-6.915321716571691
-22.572623002076558
-5.582027941090462
-7.737006295130778
-6.417072651339597
-9.088310509154223
1.740275459270044
-7.921524756722055
-31.875577426397708
-8.904170968480376
-5.447306156455273
-7.394352372086511
-16.60087308378184
-5.587758633231763
-3.0250370665183217
-4.548085264260111
-36.28244228947553
-7.359680782010863
-7.036551126793467
-21.029255545032573
-10.294572084557743
-2.216275057419536
-38.482523938411326
-30.209143284472574
-16.517202482196915
-23.043393900521856
-33.21017504950254
-5.996869239573901
-32.984664803276566
-15.453965818510534
-6.3656892890515895
-6.3187655681390735
-45.32900726811874
-20.40933129081395
-1.5753200912404337
-16.20885922153871
-56.385435261222284
-6.03100377904902
-19.630009889279684
-18.87757767058155
-15.955329385738631
-18.578391713184825
-44.097141593417874
-10.840972424156883
-32.39065505547595
-40.52566313230516
-9.742468831754227
-7.340112149261722
-9.952875038986853
-23.416761944426952
-23.00369252260091
-3.836971684910807
-14.593018177732567
-6.70571268383525
-27.924813966881963
-6.139536848768754
-14.705483564384224
-6.5163392640010835
-36.10868636127824
-4.4997887429472
-10.444186000798384
-3.4669785689312196
-26.22701634397956
-65.36201384127577
-33.44311444101458
-7.882709398729441
-26.405133489218034
-27.356862508348257
-16.938396838561037
-4.824925293136762
-9.854653475010355
0.21177286979644977
-29.54315857965047
-24.848789032426037
-13.212018469685788
-9.020694080635637
-18.133972424881105
-78.47697805519779
-10.990780428736173
-8.493300398522482
-7.177538355398005
-4.372256145307149
-44.39185985241737
-10.170946649538083
-6.047182753455686
-10.755334440003796
-5.631094149917595
-3.7695217837517334
-18.61202740085708
-8.65081036909219
-4.47056388670621
-38.55905294748787
-10.860611799793205
-14.803925040500259
-11.78878183868079
-7.817799214123781
-5.267639745895595
-2.4882279260990225
-23.03179511726992
-19.40939390431242
-16.236738385731226
-7.1043329506972706
-13.960493764182951
-31.724660345013852
-40.06882531159141
-3.554166946747525
-26.206863033350977
-40.24122706224349
0.719090388982538
-5.0921447465711465
-10.094340120106253
-19.765527545817783
-59.844006293130725
-11.172275517449444
-8.540868498502935
-9.310188058981899
-13.160957889324555
-4.763239709421235
-18.590497969305872
-40.70967373906755
-10.930765488981084
-17.72111683614974
-21.069098673395384
-16.416300729962867
-22.763122040377496
-8.476822197451433
-36.932811898740475
-1.7986573481549808
-83.92864301629086
-7.594880781057916
-3.575463617114882
-9.736434785298117
-29.33002809457392
-4.6304701353181255
-12.914142591409878
-16.97561591073062
-46.50591676634008
-10.627756300452539
-132.61095921411547
-23.31673818619461
-23.131210431318888
-4.365601148257404
-7.258299732613016
-22.3543261386886
-3.5263189404730824
-41.72503965134927
-13.597002927321798
-47.6348165070013
-21.650551287338523
-24.25459334989122
-8.28691883966355
-34.92979032693013
-16.65681669257402
-82.67616237036749
-6.906135990807303
-24.138467732077522
-4.534343579137503
-51.67267980642373
-1.6911494433230645
-7.565987901669934
-57.27059746954509
-19.00456274430359
-9.510266963494868
-6.475320650402456
-8.58912025127781
-65.58077787176333
-8.868101333702754
-10.539503780120729
-12.039477580242334
-24.985061438620015
-38.220015122238614
-1.612454152217754
-14.923062523357073
-6.43631961694414
-4.756946789728003
-24.527089928630392
-19.74188728963358
-10.482416340358293
-16.80741155633406
-21.787644796694394
-12.583710441565943
-9.047252166234383
-45.189479797491316
-7.8835900877895115
-5.635259444213456
-7.412180202362335
-5.850375200799127
-14.149534156070589
-43.31896110110171
-15.071353110883134
-1.6194090767261673
-11.805858747964031
-37.277002393820666
-58.848145513983745
-3.7969884293942586
-10.080783297339643
-5.941473926877802
-65.63930889280599
-3.741006949875752
-3.057290443357837
-32.55509624359177
-24.233152823165558
-7.2673024675718025
-9.319408422266699
-6.726238867933279
-6.605860163228628
-14.978841214430595
-11.56748596808255
-18.764557440626312
-11.356603348988216
-81.47766482517306
-14.416173047782213
-7.041948088311406
-9.037827806318871
-6.561111233084078
-0.768758631060682
-24.202823575050054
-13.325840129159477
-16.92499671690673
-9.399134142431254
-24.45367305595142
-8.766821419794685
-6.933397878028994
-35.233381153459135
-23.361970471395693
-17.51293130044341
-29.50149491170666
-9.339124277343
-7.282359220108872
-28.61461826265474
-9.535393703555485
-15.9990942637379
-11.618291946917676
-9.731402221574832
-11.503798939118369
-53.779786334819114
-19.76137412423651
-5.242697314505863
-53.04322584357998
-16.31338617248595
-3.567978273557534
-4.9405516764146356
-9.741886876491368
-7.208412252107353
-10.029175852444986
-1.4642566952679839
-5.6958465167756565
-11.82278280071432
-10.414076460344356
-14.803611879608564
-20.92010770931828
-10.939643562749202
-3.9893650779275673
-35.918699083027676
-14.348341479945526
-52.02388772956001
-13.219544890361986
-3.442696773106062
-8.987546976295283
-6.223563450240808
-13.132856954202442
-14.118481077623995
-14.595903083629828
-30.416686019103953
-10.868967084699667
-18.80825863591354
-3.812660710549699
-16.862270842823193
-8.260949231430097
-11.486236302674033
-5.683448091477195
-6.305001138553593
-5.0900021072376935
-7.178072432257737
-8.162655641573261
-30.54652795439988
-2.6345639934483747
-7.065374579481357
-16.48165984811473
-8.827405076207263
-52.097281211114655
-8.620476138004788
-5.647318976955123
-3.7875245557949078
-36.33626344927615
-12.787409223861518
-8.30343209517992
-18.55393634297759
-24.34767808290557
-9.822896625526539
-17.963609469659858
-10.028382158093244
-13.349840847709597
2.964394377109565
-16.489105457124275
-5.238925503206238
-5.996869239573901
-19.58955422818139
-8.188854117337456
-15.501390378473731
-9.342257677072102
-7.0615888682468695
-14.701468831189658
-10.957246641707112
-14.872830371126119
-44.80799367195372
-5.480557343464584
-32.96145974499706
-11.235321161877572
-7.452160833476326
-15.081830653406504
-29.116890750229235
-6.58975362243496
-17.232165821687815
-7.548713033865727
-22.70669185828907
-12.07841276087851
-5.731646039862574
-68.11620408272385
-1.2060871490498501
-18.41625297841652
-10.805125967929222
-34.928491874121825
-5.011913075981017
-6.691252518865036
-23.72309554873938
-7.673607084516504
-35.812416706005486
-26.407094677248338
-9.028419419674458
-4.473603617167016
-9.228091162858313
-4.480139225244885
-14.151782764193097
-26.50017893757535
-11.742769524444668
-6.63573416707704
-4.427371757416634
-18.931268602240117
-5.685138418359546
-30.21769610277405
-6.7808069476421595
-11.429052047333427
-37.61261318657639
-60.98879457797529
-8.99381863042782
-22.935676329257543
-6.233603936482666
-12.167089489931932
-19.4683097329322
-5.572736272205593
-5.240444597617768
-7.206571879592539
-7.711987029598778
-9.665084439965929
-3.6482116068938795
-13.428423716709407
-17.705610963935186
-12.259616841901503
-8.472061411261558
-4.037341683811243
-7.624027258537146
-14.44061063389974
-13.936300397632008
-4.476377651578944
-46.653159419149034
-6.91786076063638
-15.658363730494258
-3.8473556456036606
-5.868765135092144
-12.978268633417294
-20.229710706258455
-21.634029974435286
-62.72222505800952
-11.703706539220798
-4.4126855017820725
-5.865691124736792
-5.294656371909709
-36.56901518583502
-45.23201092257918
-8.776850676368886
-2.735158864552418
-19.18476887400597
-62.0447196607876
-18.704621694807468
-2.385535525242131
-6.704700155070608
-26.78981383043311
-29.99807396900657
-12.787027366731978
-13.032186915615323
-7.915594145985882
-15.140855565551588
-3.6364526764849865
-83.19412092084656
-5.46757109914973
-12.201138653270686
-19.15180101805786
-18.10032177820536
-28.2110804519689
-6.406804121180746
-68.22790679009029
-11.429738304378471
-13.269017001976835
-15.442637275127264
-11.857506968575555
-53.02172282279347
-49.605650159512166
-5.51110144755844
-10.865099846369324
-48.05060402787678
-5.425841238639474
-8.172803204705785
-33.94282394960242
-25.296087711241878
-5.723930134907727
-9.729777154396993
-11.93744207999144
-12.624851210146048
-31.17363265357787
-10.183441798837022
-56.58513826720932
-8.550229615734859
-41.19277938313962
-11.999143341435627
-22.363136247494708
-20.81349104207127
-4.985080383879895
-5.484587547720056
-19.350909316686476
-20.76764594433896
-13.626090939320584
-5.4179876022155575
-10.492036388216253
-16.996979118825358
-7.139320295489932
-24.99488245410418
-59.535376228222574
-9.14326030190738
-7.3068049502768275
-5.426482500390753
-6.128737223579307
-10.295980743980213
-9.121051264821771
-11.021189643625139
-2.9667502876460516
-10.750905204224964
-3.6008774607088156
-14.542374557781077
-10.733387113495441
-45.75276834574922
-18.318755174420904
-15.418019009237158
-3.5939722371953486
-13.93758008751496
-8.172288703723373
-40.90698860735032
-54.74163860872644
-16.470094681048888
-8.275224950495403
-11.561509167435725
-14.879931168759924
-0.042419776975242116
-13.067133902218094
-7.095907617846076
-29.996382961237902
-20.003354201365386
-8.603124569718625
-135.3205373041725
-4.063741712383684
-3.82872392300996
-20.049209902408975
-17.17691178697364
-18.534492914006474
-4.311915189682753
-25.140859988845964
-18.06044422845746
-20.7366309703003
-18.2593912443482
-8.464458264751181
-9.315099281408834
-4.625537467533178
-22.28920535260321
-72.95621098936842
-4.119404928737113
-36.51735318975593
-25.386095353838442
-9.830258848263844
-21.626120069026847
-10.668598525646313
-6.194464746261827
-2.659649245699291
-80.79062418373391
-25.96321081295723
-8.575327763142985
-10.874786047812924
-7.07377977400491
-6.0951704986520925
-45.77783943459783
-55.713029581909566
-32.65241684942162
-6.142570971872095
-6.685543207747539
-12.027843698287509
-10.113141346425476
-11.154721913829553
-2.8034330063888517
-11.70335185580761
-69.85488129708956
-42.475239366486505
-5.84113846815849
-8.923749624080294
-24.71260027816339
-10.423858295411762
-272.7857693859594
-9.202281827039755
-5.013249462048581
-11.948972874131286
-64.39722692262241
-9.55070723338892
-23.658885266705354
-6.730817945340689
-13.69214042477511
-27.34437679685898
-14.65365134365561
-6.866966928755827
-19.40968554811829
-16.675439470621683
-20.315210021788616
-16.310760082628704
-7.783795090880512
-28.926518205142976
-17.95531454161438
-6.01773974886533
-15.82270550813076
-6.721666205616647
-12.515499915793033
-6.625867322253018
-59.09643853063943
-18.335561852983368
-16.070363483048855
-22.449264943581344
-10.134673808002368
-9.857081254863454
-17.890933150407903
-8.751249047077266
-24.42754885924071
-64.72050875886057
-9.76935550279798
-13.422926316780309
-14.856952389564247
-30.12879519794879
-8.852614484779384
-31.242613355207144
-11.735661717586611
-5.528128774891202
-4.440694432226645
-6.347194864746815
-19.51202763640053
-8.144540495900651
-16.12805212314473
-40.97184086700429
-4.358867678807295
-10.167075996883712
-13.044778116922036
-8.75026957076451
-41.23500245832721
-8.835248512016696
-6.2496844963434794
-5.484587547720056
-17.74815268122434
-11.137744580754669
-6.449202014320194
-25.73837235074057
-11.183424938739245
-15.734660178581645
-55.137843651206424
-1.3546617601013626
-24.460390689472927
-7.350428289569595
-14.984030331836681
-10.009598147922903
-18.575818845921205
-54.653098184281205
-22.167299963277532
-5.876361251423375
-11.528240426360474
-10.944235712292302
-30.03729676397393
-28.754686440755123
-7.746815353761295
-10.479489501648246
-19.195191817355777
-8.541375029801575
-11.431890307497122
-20.740508247362598
-12.917133779473579
-13.322527683181315
-78.25844232039073
-6.0119246654088965
-12.279662711913895
-5.785173557645001
-17.398186379391305
-6.792853791914296
-8.721322346679873
-5.8121892262868045
-8.549277118578864
0.4655475884429373
-22.347481378435347
-7.635698171327953
-2.2670628052951503
-45.0554771254784
-5.625139725095792
-16.9515439791252
-4.877801742071049
-25.023387345688484
-28.774117876727605
-5.531716035893204
-14.095721794064731
-29.13688539135032
-8.007102918663692
-3.2141751576274995
-13.959954084908977
-30.040965320752473
-39.393903213693626
-16.987209823688833
-17.289447595629774
-3.529187038900459
-8.645787038798575
-12.459855698593932
-29.81286340805403
-9.100958440804368
-30.449069401150684
-16.525736002359995
-3.634113252021867
-6.651100723102416
-6.983342543255264
-27.77774023895112
-28.226614928676046
-4.476377651578944
-13.088816325770788
-42.39248375334141
-6.684839984526638
-20.157579662563794
-11.820780938773645
-33.2060903892691
-7.674535735319428
-23.08735272312598
-7.866788189280371
-12.610409181080437
-6.562388865635992
-16.693415812441614
-68.85678762643117
-5.92716639278352
-4.391276892428372
-25.189387202110627
-13.73048457110841
-24.07505348264512
-3.568090894752295
-9.259580709174092
-23.821436378906935
-7.960782207884213
-33.458923753846484
-4.254321218597367
-8.80068680023947
-10.139951156050676
-39.26924902833503
-16.444206349735612
-5.9622979849684095
-10.550337961919668
-4.771939371297359
-8.157053605974012
-11.298601181149849
-14.131369031356984
-16.639869712719452
-9.71931321010345
-5.869433900323242
-35.727645024614375
-4.407982613205484
-19.89544027807779
-23.013110353382146
-11.61201968104317
-16.078612653521372
-26.770855823908676
-7.812374289595442
-11.575883723653174
-18.459647885818075
-6.002240298377453
-7.081188962982627
-6.536028728465276
-22.587977522123662
-15.834755887127924
-4.10304249726452
0.17897307031404636
-44.862683285753306
-33.08097956859104
-14.763858603038194
-36.96220341773059
-6.046890654732624
-47.74108163800903
-2.531041664501288
-7.041592313795886
-5.807558738543393
-1.7178789633702096
-26.497029755308187
-7.96260783678868
-2.5554142309326067
-7.909610438542366
-5.805957440664175
-11.657266632528243
-7.264136756659405
-27.117096388995503
-17.249510881879164
-27.16870492515421
-8.855829544135345
-2.7991724896700036
-13.595601818275465
-4.049924558819919
-4.200458641957422
-12.949300593411062
-6.647999435843033
-50.863486907127346
-26.46083561610514
-22.762256380479645
-9.775516745116803
-49.33557786836326
-29.18488368119832
-24.882521156694796
-33.952711856419384
-10.789088521966743
-14.718896940512135
-5.510594425256743
-24.288392324632632
-4.243970312408117
-16.483302229171258
-44.47709582130795
-66.05241686920253
-17.474873640911714
-25.60373562214588
-4.464444296628967
-5.612728601054436
-31.38942843145228
-37.82646766172246
-12.009208900540962
-9.949825862486032
-72.96045989279759
-32.20292430011255
-18.96711116508917
-15.840272834617743
-21.58677463173754
-23.914693622100156
-7.705879137908926
-4.6813210587051595
-6.023890484170864
0.5550643189994987
-8.351969991190446
-13.205375366617298
-7.583412151273773
-4.7385951663359736
-11.247121780971197
-14.681940465999682
-40.886775851669775
-38.007893432278834
-9.318266372481661
-10.110912991346323
-8.703075321487711
-39.953852012620864
-9.814097623480436
-4.68988734975381
-60.512592105992994
-12.251457170094689
-21.86477927935791
-18.594724572934105
-57.20322573205549
-9.767057732019303
-9.20199477955187
-6.076653313624974
-10.38587406445665
-11.417516300506577
-152.0568987133106
-6.700949587741734
-67.51671930081201
-25.958648315069848
-18.67667607156978
-14.347066358993652
-15.751637460609329
-10.633864359691884
-24.604831780986416
-15.240703611375393
-13.462462219066
-22.367809237960675
-29.96897559664177
-14.765548558534977
-11.978264276542962
-5.062088036045795
-6.101297283493892
-17.785298710029917
-19.974019582027218
-25.228486569122662
-5.763217552241027
-24.692163486624676
-1.2382445453011912
-6.7888324399703714
7.766899995585579
-7.916112266328751
-6.685458264172349
-58.168327353026676
-35.8743575361315
-12.533958074633654
-3.8555606883942537
-6.2324534614285865
-32.320068324061374
-10.005405463269037
-7.274548433277129
-11.174129680584493
-26.829278675468807
-32.70234663248299
-6.845646803929996
-6.266550616107677
-22.483482017890466
-3.832918658480966
-9.138306367757675
-19.485923025444826
-17.95862704531521
-18.032538208060657
-16.354082759886257
-7.583941652709526
-11.545782007939755
-23.753389058901593
-13.781037305821314
-21.07614806347778
-6.715066769192637
-12.409529284348237
-8.055048840727567
-11.464628772942808
-7.028536245711077
-12.339809294521606
-7.9247370490854845
-47.92113246578694
-4.605830546417164
-30.049488316784686
-13.841118768096132
-2.549502638563167
-0.7967013365458929
-28.396591700646816
-2.9300482914193284
-16.618475319588438
2.5944322641718935
-22.231229639533517
-75.9698286347463
-5.303855966230006
-32.61274187429638
-9.945703681964678
-17.543014598628496
-24.103500077712
-8.443324809097737
-21.736637720641692
-59.90573905337091
-14.304733119479483
-24.81142757548384
-15.586112118169964
-17.034711407348
-9.340517586366348
-15.489189701553013
-3.950961488387812
-16.785745430252415
-7.496818111027148
-17.698337760446957
-8.819582824010816
-16.694861304286587
-7.334061643368914
-8.139240918978759
-18.398337723669435
-54.17020787613503
-6.905568218498826
-11.65161890340016
-8.078313052532659
-9.652642781333332
-5.965153987899808
-13.677149683887846
-64.60920923707518
-17.4507776643226
-25.99689159781256
-12.734111266242666
-11.738622022350155
-11.130597991490584
-42.2078004300763
-14.919791228929526
-19.699104965985185
-72.66249911327988
-5.018017696781784
-28.274620726303187
-8.613514617961105
-6.168386987666415
-26.421753562992112
-14.932956970623085
-33.143492074812215
-10.480242214850833
-12.940529330172174
-4.877276462425887
-16.507331903911776
-24.5779410293346
-25.552341919768644
-57.36088446054593
-4.651477316127628
-17.96071524627272
-37.58972194684161
-6.112416112364477
-16.60808974290641
-8.053986439667455
-3.9405312917236976
-28.984046838388316
-5.550467023219084
-10.459123172932255
-20.896028511268145
-14.126843989344641
-34.13577865719361
-18.40275805327858
-7.735613073123541
-30.867051818852946
-13.865190316110876
-31.22060018681463
-4.959968924027661
-8.096510636634317
-33.69148248081842
-4.25767301372523
-39.59606834522063
-16.03114113287314
-13.426189977778762
-24.66840119616067
-14.336020303014983
-19.77708972383244
-31.832754565873017
-2.8860301390232106
-6.568166544167127
-4.938907859305314
-19.584444010993828
-37.588732471524914
-8.352618831892405
-15.235944419642015
-7.625257341865853
-3.4548153084023494
-15.118026985511799
-17.07784793005464
-12.426655169861197
-10.028555518349371
-27.283966592675203
-12.602215692831995
-25.220473793504745
-5.303147278263224
-10.09908809664041
-10.079552552867797
-9.556957715495315
-9.481354065697372
-12.627234319328835
-17.001902741321278
-24.273947299483066
-18.074712902505027
-36.82512539216831
-7.839548649483393
-8.93688520355543
-5.392190474885491
-9.326622592689088
-9.89458411109478
-20.72584608533044
-7.642357947690622
-8.052004470962563
-62.113708904680244
-57.53161726582092
-3.846869526866177
-35.192349470561844
-1.6841286491080065
-30.442543816517393
-19.685850255612444
-2.008206133840785
-2.4969770400479288
-22.795388796935526
-11.172083890318756
-6.030718173964792
-6.825914005411519
-9.47569382929494
-9.593705099801932
-15.272768511613846
-13.239801202068293
-14.930926117199228
-56.56031313967473
-4.5633203235442075
-3.871877533580879
-22.8077843197611
-4.113230796969195
-3.1836290854049674
-6.985293484392433
-28.301225397367592
-8.32600501530233
-14.617698687030392
-10.986231931046703
-7.377847620741756
-1.4199668972466954
-37.99610389936972
-3.8410521544905523
3.077881102023694
-17.877365619607225
-22.626374339399966
-4.3760719399825625
-11.02591676682524
-6.133348937381708
-12.874347610143897
-14.80014574338472
-0.8713078959513948
-2.9656900020195143
-9.180944292552672
-8.319141037748645
-26.416686335515557
-2.7456006870154135
-8.657681630741472
-18.23109257811637
-66.45702345970102
-4.078685203617849
-15.159973310361329
-6.576908722252415
-8.604012180610056
-12.491480523097477
-11.99345205301096
-17.655830047395142
-19.032410240348714
-3.7788227389919014
-26.49088320960152
-49.627041585609796
-19.27956675661548
-17.352628958559393
-18.539384527671157
-30.849652134738605
-21.869738507754285
-62.14964863257313
-14.2373376797799
-71.56315800317945
-8.292630817716473
-47.291738849554335
-9.8957564938615
-13.380161683608012
-8.350322406650024
-14.753277417912896
-24.173978474765814
-2.8290701871005095
-28.733961712400575
-27.837619719011567
-5.950321796159535
-11.471536792528761
-68.25745233511965
-10.57323971942138
-28.545949284823454
-30.481319968816432
-12.404309690003936
-80.58020367962109
-30.45179585745647
-33.33527026676692
-8.285425997522132
-46.91646931303055
-44.40015912743327
-7.874415164555037
-6.440538358436068
-46.0119071947631
-12.603824110342316
-10.74020371101051
-3.698263686876292
-5.135926397239425
-32.19978953817526
-5.629341889930573
-67.34201833024788
-4.735233662113857
-33.92265987237601
-6.523124845306517
-14.013244182097942
-10.144516199741021
-13.093259070136131
-6.386663613466553
-52.41601159146127
-9.386518694340605
-38.36409098652766
-24.134818902615237
-3.1250161300417623
-11.891490607108356
-22.377876753257272
-13.068088646959179
-6.717336739902565
-5.1584916781984065
-16.273181062876457
-29.720003142453056
-8.705441773804445
-10.045388698190814
-20.785937918799824
-10.144555234364157
-6.835725344415446
-17.384048372979034
-61.802084914326706
-0.7640908394071609
-4.934134934993666
-62.43462708198149
-11.807492580124965
-36.176932637272834
-24.34363161681816
-18.050622091788636
-9.82331568719463
-37.86981690968642
-12.027283941353762
-8.653390997561093
-8.450792561578739
-13.737493010422536
-6.6632974132357115
-73.21431278986128
-18.78799589659609
-6.629692306247257
-3.930167174396227
-10.045289671685824
-11.91627331292464
-2.506113354691319
-77.99889850023798
-31.228947593320044
-14.262842620374965
-12.129762146188476
-10.754892258197877
-5.527621416463914
-21.630758446545105
-64.52029217076306
-17.019454442807717
-16.437488965657344
-15.351741562140917
-6.528620642605638
-7.13673627053268
-3.5941314614219886
-84.63389032391429
-54.58529970246719
-86.7509314865219
-52.39018640254401
-15.878134410592743
-13.336197365587546
-9.01304652642938
-20.026913077797747
-7.007611618625252
-21.579176211709026
-9.542999150984821
-10.757355706300073
-51.10899481297558
-3.8864343859146073
-0.5352967578321904
-17.730006715348047
-22.641921793499744
-6.727659611580844
-10.033202989993038
-5.140636338171577
-9.145469785316969
-2.5964680441952086
-4.315260086823069
-20.843987192387203
-8.667989585287957
-16.76119913449735
-8.564223542809959
-44.13492817195229
-6.694817369635495
-28.9456985477653
-31.402980483887408
-89.52451618492232
-5.611831902423768
-1.4929026640732481
-35.66691976362486
-15.637407036361196
-4.817453194617056
-31.218235471195097
-6.851960002166631
-14.694491776647064
-27.774867007724584
-17.26593723507075
-13.445643115521086
-15.428061368759979
-43.347320315243756
-0.702590293722373
-9.846922130115008
-27.0992081445936
-32.40640917698133
-37.595932136681135
-36.870489441640814
-9.0114272661771
-12.32360574458376
-13.742616257765983
-6.956067091583917
-13.234249854834133
-41.38551319626683
-22.58461209394208
-13.555371742479679
-42.1094793185046
-3.9077036538570478
-7.789793081643712
0.20569253380169525
-7.066429150636203
-11.210769386163854
-18.71628170493945
-28.700488016882513
-14.944663485798992
-34.4724864922078
-11.545133023546034
-16.908853710389337
-7.725670594918222
-3.0725654950129133
-27.920984468696656
-2.0450046490211897
-26.551013864610262
-11.367430863528996
-6.962271910055486
-27.247292037112878
-5.398853041298938
-13.986910812783535
-44.449507709808024
1.7806748579032272
-7.49812220603116
-13.650311830107
-24.711419363341967
-34.35492857769641
-7.9842778791627635
-9.457810698908075
-6.7779201290112185
-62.782180867160804
-8.136592181713254
-10.756816274135849
-2.9769400038369227
-11.384986355538217
-11.124701909056819
-18.99855465467864
-25.83751467658683
-18.54896618760109
-25.674354500398305
-30.01371725273917
-32.391587490407474
-2.8944163202721374
-9.63109812946401
-1.1809066083448116
-4.571883291504981
-14.569855924133186
-7.319188762992848
-19.284871451363212
-24.00600789514444
-20.66977091603768
-15.12648124504443
-83.01267514804643
-8.881841517817588
-13.533169698576003
-39.297830410092224
-27.449834955048324
-5.507543948596736
-28.228003541262794
-5.195075818884211
-15.819789155356595
-12.280091695336244
-4.7784416177935665
-6.991601989540817
-33.99809488067981
-57.606921939471796
-14.268430208649646
-6.827060787625861
-3.074284441886625
-100.42619686006515
-19.423713679809683
-22.101148037745197
-9.07451964999588
-7.489182431513896
-87.35661316364762
-29.407404348106464
-7.273813953709539
-25.490293153022726
-2.5903758094950566
-5.603442776583314
-6.372823644287246
-8.888738980582056
-2.628311160650534
-4.4295713371995316
-25.94388707540072
-31.05423270795301
-6.09723768398095
-0.7838364048937683
-13.43878659689089
-27.23004620447324
-29.39982965974056
-19.269017714216563
-63.047320020187165
-8.525076861781518
-3.0086346211824666
-10.60271810836317
-8.541688258854236
-11.140149182788985
-5.211685519366312
-11.50842314981838
-32.579752705407394
-4.871677388534176
-11.260546264190744
-24.16578033347119
-32.80833407290234
-52.754995729616
-4.668913753019414
-2.998805037553254
-23.384285896852447
-2.771152754003996
-4.7570090313559685
-10.889549969058628
-13.780210306228327
-35.02790005615344
-9.602944889674074
-7.685764231323109
-8.426193449290043
-19.39834444441871
-14.750488689182582
-19.971722859996856
-56.50328894221001
-18.54889760832992
-76.90398909496989
-5.063259204196465
-7.635206532418614
-37.33704768880496
-25.78085472247936
-38.78838561939977
-6.984539322516336
-16.670936709450636
-5.300244180994042
-2.955584961103742
-8.38460303153598
-9.754751719745688
-24.11345739136086
-21.819689085491575
-14.623826881230515
-11.688984591402608
-10.199267427094151
-12.859468052819844
-47.42181927135625
-12.50263564806725
-42.56482535324235
-27.282801811194123
-7.359563632627041
-24.742350499260784
-13.752327716732434
-50.41231717289204
-8.997576358279797
-19.72510891904297
-30.34841761006653
-56.07546425211831
-21.653155803676032
-7.567212168017387
-26.644456233538925
-6.753771504289061
-35.669517461075884
-18.461507328702275
-15.169011510654197
-12.458978155739638
-4.05423453581676
-6.27941497890339
-56.33326116342865
-5.377617989142751
-9.269322355907978
-6.978038460209773
-9.076720506889028
-8.56438557718217
-4.60990777606413
-23.46374289659299
-3.595523598358405
-7.975966805404459
-44.09814010654121
-23.34774069380124
-7.642142234312922
-33.83756011340936
-10.75726218478055
-5.328247719895026
-2.9047728544761044
-45.261710715223714
-16.865656819281163
-19.81478238108097
-8.496851564847143
-16.94859219483513
-25.783762623952306
-19.790231367565312
-14.405500179376704
-31.57748625873039
-7.164777578314133
-30.46469204517731
-5.540625234174872
-4.773678186413084
-6.411651934927074
-8.253995785044916
-35.20392981301086
-7.297316741704633
-12.584043144836604
-30.350465016083422
-8.848806457169617
-8.26200928237523
-10.988627157770194
-18.573256718474216
-16.945963825149033
-7.813734195049906
-33.17429123788379
-104.5027847136015
-5.2120116918240305
-3.2220287747065894
-7.004009920091282
-7.796616476096782
-46.37400098165274
-3.348933997324482
-13.781710298798734
-53.07055243863789
-15.882316718426981
-58.381541742903096
-19.09076091363717
-14.764043997812882
-8.602874966000144
-38.7342626618796
-25.813552751607183
-1.630140214516057
-9.390997949622433
-3.5189487936017976
-10.914319441445231
-29.984218706420197
-13.957303961528703
-8.476573435817961
-23.34091745138889
-70.59397809171948
-17.903924600278543
-85.41485249652555
-24.15356257936999
-4.982452674397027
-19.780170648585237
-7.131020155868251
-31.038468885085738
-42.522016799668584
-10.387890762267807
-8.31136973534926
-6.5000738093257295
-4.798082031225526
-21.27941945210153
-10.481558473701188
-25.29565882027711
-7.067053170981544
-8.152057127441227
-38.52004331703646
-13.345806392083523
-26.703590228864687
-17.904836192394804
-12.403792998881853
-4.450884148417524
-55.993903811661646
-3.89592753721509
-24.601106986724403
-31.490859082432486
-9.40925132653243
-4.78683284085088
-21.799807678535
-49.53605361544576
-9.328872677019687
-28.07757406537905
-11.987987290989455
-11.417806507897323
-32.896155837137684
-47.840858986835244
-5.702386715575365
-8.266572385807168
-13.452504503053843
-20.876613623202367
-21.093993202131777
-37.909417992858806
-15.009092678960698
-20.14819462486424
-13.500378816212274
-19.72955561744112
-18.62366605053669
-6.079236868204425
-5.369648974676474
-6.773682918160568
-19.415566908216608
-35.935763690431365
-6.7457846287892025
-6.102803154299395
-7.374212899985333
-25.55512848932586
-1.455717172044033
-42.95750467210275
-15.111637792104691
-8.367316864075455
-35.104012218045234
-5.237762112104688
-41.719656792253915
-7.024389027077795
-28.3677331518659
-8.428490522790305
-28.514122070015294
-87.90531584769825
-4.135576068173721
-3.162730095430222
-33.722443726980984
-7.863675374334131
-17.852999354024877
-4.926853497412652
-15.108375015522235
-8.208287975444993
-6.352453878165544
-1.840206574242696
-21.783643205472604
-30.64809137503119
-9.238946743904016
-2.5064053924828347
-38.52605530980861
-29.607576319445013
-28.45536331350542
-21.57054935314152
-13.215839315260864
-3.7171144025976592
-2.332542111960266
-7.242534216351331
-9.9957312495886
-5.119116087402717
-18.710521213587118
-15.183088080992492
-31.12318485999181
-15.374975171161125
-19.654052075539283
-7.861452152011852
-21.548895550946078
-10.8698839885144
-7.604348295152552
-65.54682740115297
-32.54234143828831
-7.348695757916965
-17.234378972810124
-11.388551783554082
-7.764012734767244
-118.64075396336939
-28.34942879257233
-6.8079433754791765
-5.789209001636542
-24.538186547529797
-20.25577182786403
-92.21931593327783
-31.013826716378148
-46.4615379365046
-28.823075933102363
-20.303316776969496
-59.94423200725758
-5.441471138743826
-50.04136485827201
-23.17720006452601
-11.702412143472053
-5.890116623365095
-7.012867911355474
-7.37350224753086
-9.95675821431969
-42.57107608212707
-5.5842089207365335
-10.529875211579414
-35.602673373839835
-11.79154539830625
-12.824303829331836
-24.291737664232777
-7.478436791718394
-32.53785074292329
-10.277610345534118
-5.8115267105548885
-0.8973052000650841
-6.620522145205821
-25.874560317187967
-41.86311215489223
-21.592337737644847
-29.51092112657281
-111.3863988797068
-7.3174878845798474
-9.701618794862133
-86.59488213820893
-2.877828425987628
-8.102953136369669
-14.997789043750313
-18.98937310183639
-43.568630879576205
-4.261268645139937
-21.437808796297066
-5.214390689396971
-23.72581811677181
-25.15703622477818
-18.16512666883206
-9.926055486278475
-25.36936104192052
-67.23711096079164
-10.075130477332126
-3.706548430344868
-9.616006898638426
-11.600242148107135
-37.378299283603006
-16.146333002292675
-8.052260871537483
-25.848121425337922
-8.714336967975585
-10.425025989756264
-5.3817292973729325
-20.382037330643715
-39.347766099286815
-48.018282981108236
-6.905029034140354
-7.262234211321157
-26.02040238319614
-7.4171518229579645
-9.051017981376287
-4.777584846699295
-16.04386031909862
-3.2848066489170766
-2.885807802753844
-9.331628314316767
-10.544586799814759
-25.884864438738298
-41.210348122245996
-17.486119136167986
-20.003587038827494
-12.686345243874673
-10.290487888345789
-2.3462376650900327
-14.973548721128866
-5.298095278186464
-21.20160959357579
-33.61441996562389
-7.8414876548668255
-3.132899122868241
-4.059470022805746
-31.619295291505754
-36.98764945805003
-54.64992044737432
-13.600392692203211
-28.93274934478909
-12.154391656515292
-18.68800939900465
-15.57102202481637
-6.898129907989003
-36.31224474898681
-13.140600329857133
-7.437552960676991
-20.26962544066395
-6.4239899081850576
-11.564780875826282
-9.62263320562519
-21.191329732714486
-28.097931919521674
-6.972227474048976
-21.439126732273728
-70.25117537159618
-46.00700849926177
-20.786033568632
-3.9707792007729976
-5.068674176130662
-15.089218481259769
-9.767570658361068
-5.599082719901748
-101.00703313059945
0.05426512916761564
-57.08538765275004
-4.905030621186397
-54.52286717846617
-17.411462928036386
-6.062825830949273
-5.184304390344038
-38.69611719295676
-5.702026125252322
-13.81833613824524
-13.751928722074663
-6.220270413286329
-9.93372438293389
-18.76861430306813
-7.65621754075185
-25.62940553912203
-4.983793887404873
-23.713287709345572
-26.95647705293221
-48.34281022198686
-22.89876054990877
-27.704162846919445
-7.438743578031289
-57.65191463900676
-18.705407552760104
-40.41015084080244
-7.675341747149063
-20.14894291153839
-3.756614639679506
-4.795309657727644
-49.39718091824648
-16.990439508580856
-11.527030376151728
-5.99497134134788
-9.311124274804774
-9.561993510957214
-16.978716714888616
-20.304861484644352
-8.249485167970837
-32.20511634431359
-3.5450697145966097
-26.123422913517164
-4.532802637811776
-10.925932506034568
-5.365976921546664
-24.612882674960076
-21.812213866777572
-9.07686135684553
-3.665818059850624
-32.886939306645154
-38.030136120998606
-8.776699367131082
-14.564857765873983
-5.281782529472943
-26.253982183203387
-1.96364639522099
-8.248823038572638
-4.086898307550783
-12.959090060946975
-15.517311517992457
-6.729224421866402
-32.585163788256324
-33.9370208018549
-6.572905813999531
-11.85321647575335
-42.2689005034831
-17.85783388335309
-10.344254254727305
-29.77569618918007
-11.800845607778712
-36.89578468550003
-8.383448459217457
-16.73419455753709
-7.0316415357580295
-15.155960382695264
-43.33210660478884
-88.38750028383579
-8.257653650241812
-51.50335168295831
-78.87866571889029
-13.423485063749402
-12.36648412837394
-15.223198972109811
-18.148601341950755
-9.011499526338845
-12.264176191934885
-25.344861309891577
-19.825685369555504
-11.257369189554623
-23.57598734127074
-8.11887209921764
-32.68968489219777
-18.804355950846997
-15.406204928875848
-61.670911663195255
-32.56221729982295
-12.213059513161614
-6.930230859553243
-9.566878913948157
-29.059304259673375
-7.618894177374116
-0.652889053885591
-7.307188419866944
-57.5340464863496
-35.35931675536587
-6.151412712733688
-39.98347028552807
-17.035906168025477
-3.616908876102254
-21.85814348534562
-14.704152418052944
-4.836933819151071
-35.00676906116524
-24.06305225572712
-41.8245916749077
-17.10356849209581
-44.47092684564294
-6.180448741342315
-7.620105805807945
-9.787001230045156
-7.11728181356589
-32.827601966620726
-9.094637250334662
-43.6358401480823
-3.7812220694396155
-32.826348720455684
-7.925824574286002
-4.07545001607428
-63.018609168762566
-9.478386581024967
-5.32883483246728
-7.3830928085214325
-30.84254700093721
-3.093353221306767
-26.525806007670887
-12.853186848532108
-6.740582342494224
-9.38984451145543
-19.106718091267773
-7.467441888933124
-27.189505458684884
-7.90655719635395
-16.22311104222721
-18.954898793086542
-80.26836816931643
-27.94328278763071
-5.653112218488483
-5.808415075528272
-7.645573215475504
-11.940214817185218
-33.10648950056579
-55.30211793154838
-16.258331209718992
-9.971353668261836
-28.551583457695372
-31.04684552250389
-19.851915686718666
-27.79441632975378
-9.26431035717441
-20.815891847562494
-6.009517658962819
-10.069837115075352
-9.275479931510931
-20.807611899737772
-18.495372082612626
-7.706287659649707
-13.605524227311058
-7.607518807497278
-12.746293487833567
-14.27220794389759
-92.60224323212003
-74.62770916776716
-7.49725792137361
-27.38546968560038
-5.950321796159535
-18.31807416542862
-52.699356831386936
-10.464769262891854
-2.9857953152138883
-27.026169634096846
-7.273695010228997
-62.613908469089665
-13.112040527308364
-7.570509069009888
-13.93674272001115
-16.85088540557776
-12.265135412655354
-5.982899237044184
-33.90000061194317
-12.876578243711975
-31.128108350751216
-5.739817357123898
-38.1060692298691
-35.22052860842069
-4.12639068649273
-8.022585111745746
-5.56966158932531
-2.985256162834424
-12.092715130632133
-7.266552417137516
-11.110691987354981
-5.648030079806793
-10.769240313556319
-41.232714451479076
-9.76109358128843
-5.51080919889623
-10.109542931301592
-12.434572713547858
-31.576007192591213
-28.161200792890824
-8.797830820637293
-31.91340869791477
-15.702325482133935
-6.4210275158355286
-24.234655707100902
-28.567913973677072
-29.363371009877515
-78.14216485585541
-10.527502277804333
-12.298560530841794
-34.05100446518135
-6.222569036879173
-18.057903872562317
-19.933620503327777
-41.848931901124416
-3.3629896745704735
-18.49945931378942
-5.985612475044056
-20.93870861755387
-32.09085670936604
-6.982777065836541
-14.331110051671926
-15.47969250459357
-12.361717897736957
-6.453886145218869
-5.165314522038658
-51.306072594046476
-24.793367086128107
-48.425800746658155
-28.465564053280865
-37.36472717421701
-13.038953371516843
-11.343579686744343
-24.90590541895733
-6.595010323903397
-32.28256618505037
-15.36382580311203
-8.097016928943352
-6.718367322882971
-18.603311440519224
-41.86812163585811
-20.92594480374911
-4.7871233460503655
-54.28803033043583
-59.85154651903923
-10.978825228027182
-10.34946920562674
-3.578016065710672
-4.895793586334205
-12.884372597536158
-34.19931979451506
-6.272919229997626
-4.886592771562278
-8.24125091445346
-15.018722296508319
-44.110810424670134
-8.445372584508071
-7.7428807921595135
-8.840235841924036
-23.806021026991388
-5.469813130642312
-9.052144818557428
-16.363733507847243
-29.204413395356703
-38.32117272021702
-70.9071777954844
-18.030403269615647
-20.152666780355492
-27.832223289336035
-28.097348064397554
-27.556377923458054
-4.046629137883586
-3.2970591559690567
-8.894810448984723
-18.82616005427316
-4.172301688678754
-20.834803592210573
-15.45945192537159
-3.8933667127203098
-34.10973563200718
-16.732332575239997
-16.095403393379495
-8.598543244727813
-5.008997346004086
-10.08912088596326
-12.160284835129316
-25.661526200837102
-12.382259789927865
-12.403445338841832
-19.21908600481798
-8.032570959141797
-50.700829334421414
-61.7695066321619
-47.82494707208883
-9.223951144950592
-7.246146790940135
-15.559596097458275
-14.841173702026184
-9.331853619593613
-7.429730757347807
-9.883794497977718
-2.842032426867971
-7.467147766018558
-9.933972556975888
-4.972946545896132
-14.030873185245083
-14.358144528388555
-43.437518482717856
-11.032675664086169
-5.548897944558614
-14.492938284353263
-10.320148840045093
-4.434952316475844
-9.323662336060222
-61.24010697723241
-7.340560578081792
-34.8954064050641
-1.6027790468047427
-4.611337409770034
-19.01400566516043
-6.228404126273604
-76.87560705946488
-11.354561944873872
-9.408133051335694
-39.015425220417015
-3.8924633601364493
-20.50873056787761
-5.225724086341056
-11.042289392427506
-14.418279662848366
-36.24798925682507
-85.70169273607165
-5.977043040292135
-17.580992731914655
4.413682595675575
-5.080945227211104
-15.483021768013392
-14.884832613190826
-12.820961933146473
-3.685688817075404
-20.54132180608847
-76.66633571168754
-3.30041061757521
-17.513917406099992
-31.393167799436892
-14.826871616513403
-9.431240860290718
-19.663496339528418
-12.76722870508044
-12.262781554074383
-23.25126277725114
-24.67215616712858
-39.259709876004116
-34.27140141376489
-10.553006291589808
-8.7245311138721
-48.14619718736814
-25.29375867765964
-14.661227698736266
-16.309134654686016
-51.14861496647942
-13.2724870649529
-10.143207970547346
-5.882521722728769
-12.443880780239125
-11.036339232115912
-9.973437950968567
-13.075013725813964
-21.020355183003353
-4.544737662368399
-8.34041799198039
-8.023471922749996
-4.810572694175209
-10.390684563387104
-30.86605731788849
-8.366754585258395
-34.56711693452476
-70.50645199689615
-26.6618847621057
-20.785298589720135
-18.821043161552527
-10.139754218258812
-27.781226442387418
-9.006372769666829
-24.3995376930827
-12.011677171721
-41.815596057254425
-20.53219442692878
-14.382985135831486
-13.205745441592656
-8.32106893365549
-11.273906467931768
-24.065390898916842
-13.178509816170186
-21.425176460577063
-4.3295366486135105
-43.21311062207764
-37.75514525851752
-20.398637501099124
-23.827295802088486
-16.482885577063836
-18.669247820206863
-6.09012474845131
-19.425313720475327
-49.56452088094044
0.12015487760176309
-26.551810969285906
-1.7719101393231016
-24.85810287876537
-5.738798221116562
-7.804541541330705
-69.78123407742305
-19.543815958836916
-23.594721891242738
-5.277478321215883
-12.096877663587593
-5.686342936953406
-8.85544236548273
-5.297201972979895
-57.8760256537354
-11.24666155521247
-41.97588620508765
-36.82191383929065
-18.59508407974795
-8.405721444421633
-13.46959580041766
-38.82809022553042
-9.34986670595111
-7.907505525471466
-70.48683800528892
-4.762761818646391
-7.844081456335362
-5.2045355761981345
-7.4990809293966585
-13.968704651555404
-23.04132426815391
-6.463325468724135
-8.680549429580019
-64.77803376768661
-6.076937585654909
-35.89332680602187
-5.892413144292146
-24.649971059044496
-10.72197590210591
-5.717282874445196
-2.252878586720887
-22.91556723647577
-10.603629851458905
-50.317945037944725
-9.457727506207222
-13.35345857714128
-27.0957304019697
-28.42142502831803
-84.86152625352136
-15.744515957537647
-13.089826283918512
-32.71186983377897
-17.224361046366553
-24.9427040529142
-14.77575574107345
-2.66876860817393
-72.3501805001902
-47.43077351775663
-40.26145815178398
-23.558269110378667
-20.193022359908074
-37.009008209687565
-9.90767121725314
-7.878847111605286
-14.587688966014937
-4.621165722236339
-10.865587579625096
-40.629907031771154
-7.430574984061856
-5.631614013926932
-2.373411501023054
-15.242654554915472
-3.3853844746383253
-8.660931387366855
-13.922377832723463
-18.390172900705004
-21.210372680691982
-8.179409496563041
-7.856359021322279
-18.875683294780206
-5.4566556723453985
-3.8084228792617343
-78.53652931495766
-1.668102189809908
-15.078520041845461
-3.6878862699732213
-16.79354529708451
-3.0118569868779748
-19.80482891225309
-4.046138512430315
-12.409838789455875
-5.662699310846829
-7.540348600946655
-7.52770948873819
-0.30142405117689086
-23.96098382507234
-4.863732288744179
-42.352535186489
-7.650135283981662
-23.07974833355244
-3.8090632461538148
-8.895891191024212
-1.658954978287645
-8.242736617659467
-2.065307416061802
-15.051787902425579
-3.42290918743069
-12.920484842740628
-12.446377990711719
-24.109231377140325
-7.82116699199189
-14.207691004646819
-7.006824675454217
-42.88897794668022
-6.308210914082263
-1.291436418622628
-1.6225310539373035
-34.23351501951297
-73.03563055887872
-15.694813446581923
-12.68715586842949
-79.31573237868656
-9.126469937311837
-11.730098175990962
-21.01714541606472
-16.638521804543153
-4.217538318726911
-27.15044664765797
-6.50549059715116
-2.2112020133511834
-8.343180497067815
-9.264425698532095
-13.78094833262464
-27.237787068808203
-20.04099211283979
-14.15730596097223
-6.7594349559975235
-15.56896367895525
-115.25259310877279
-14.95452862526898
-43.48154996236768
-101.69739621197338
-78.59808306360658
-20.139023976249483
-24.283191238872835
-6.236358924631529
-20.07837801202311
-65.20510789673638
-8.681721543935993
-5.339536056269083
-10.913649975040766
-13.258440066250627
-27.685342199819548
-6.984533386382892
-12.063065683483623
-9.894380606683333
-1.6071461502542497
-25.807027750871637
-5.038689208384415
-32.28279106875474
-8.086205435235991
-8.898841733979747
-23.661652879764407
-27.447915131798172
-83.95715121519405
-22.742367337412855
-57.0029282882196
-7.29354990480605
-17.8560138757957
-9.699888002792857
-4.320620805896198
-15.723032625310744
-14.436011902987017
-30.222297996926848
-4.878998320849716
-1.5680782670643643
-3.7334757301412904
-7.240718212864538
-34.68395446035757
-15.00147244879094
-3.7877209354198538
-8.161610316095215
-23.362033819342567
-2.2720904064308725
-7.94463690261423
-11.441963232947627
-4.230114974637861
-7.87742855176668
-27.1849588805708
-21.805532201826463
-5.978131641255602
-6.054234685421559
-16.349590339640258
-43.69448971982144
-6.659771341826389
-4.617106648422377
-5.953880007673845
-6.583375241958309
-27.553659975012284
-10.77100097395421
-9.061060680107357
-7.697602232412829
-14.419149640362429
-16.200909753607522
-30.936581004381175
-13.35785145578743
-25.405088888962236
-16.827312217894903
-19.473521341689217
5.045041855832052
-15.42023546430888
-4.694750829458158
-7.88043444902624
-18.47527534707758
-12.081154529580223
-5.0424792829390235
-25.509420831118323
-10.340307380597247
-10.572240693117058
-6.156906230501281
-25.67579067530318
-6.695506078739887
-12.246461887052096
-61.20752763398037
-42.03868101777756
-16.718821201882115
-26.100864973404818
-23.085765408667537
-29.98396818145176
-19.95981371854837
-26.80905288267256
-16.534768604365905
-1.073604819124212
-16.993074316856358
-14.61637380787646
-5.26252609153931
-13.171561466482462
-7.879986923093539
-20.70412354553105
-27.95146509559794
-9.08436713289965
-32.50995788007336
-23.913049736917333
-11.012148165200433
-5.482949632786344
-9.777015404150474
-52.58322599810302
-12.578107877778642
-5.878612562431257
-48.535561489961225
-11.443682233384976
-18.204823711482792
-6.833335919836405
-10.891407207287696
-10.946738037508126
-18.836420950331785
-12.05214504545281
-13.40791884093933
-6.715128887955917
-4.306085670987032
-5.344136272504824
-11.892713099822577
-21.824555163720945
-13.156174348467207
-11.14690415656474
-6.787063614409481
-2.7327970537346347
-18.398913698291484
-5.374375010236974
-36.71751142929634
-10.264392566853973
-14.506209242771517
-16.989175347875705
-10.676938319218786
-25.562723192164896
-13.79020267418907
-23.108641844077056
-15.20994047133352
-31.995360720988163
-10.438227005259215
-16.414635182068153
-14.361382875479661
-32.20724274093551
-9.736278403126914
-23.804607725540375
-5.100332299323648
-23.79396845502468
-5.553977007655112
-23.306502622346898
-7.401130640260196
-8.329380461344428
-31.56299549621898
-6.791492649001393
-1.325594762281997
-28.077043294756166
-13.87100206243384
-3.6045018607649126
-46.79257767973388
-13.038757903966788
-52.21913364965239
-11.865477049570023
-49.05046286502774
-7.227644769288887
-1.5414592474777413
-7.041012296866527
-11.04770074197062
-15.759436509939668
-7.9379927532695875
-24.551222032609097
-7.713376751208161
-28.392212686521066
-36.891313805043254
-20.428644577554614
-22.343325779916636
-15.6338581766772
-27.627015138661182
-10.51223793894204
-4.273117677795398
-4.8268692974091225
-9.43623037267466
-4.985213570927898
-29.14532624960143
-15.169283985920982
-23.203317528462314
1.1500459789150672
-12.674675967539944
-89.0486225650245
-9.77386497278339
-23.875833153577748
-5.123760784498543
-6.408182035762611
-7.095907617846076
-10.134707913308228
-10.186454342718074
-15.805025467165553
-30.303981757870492
-5.636352667318595
-17.331873725319973
-14.392447527700408
-8.042529768860703
-6.46363606488116
-37.98625879041141
-20.3796405730991
-11.930232967851595
-19.239255371704253
-1.9248933683279124
-12.991597427410133
-15.67707069004362
-5.99395071445177
-54.91792165007685
-8.070197432315803
-5.692139777282686
-19.69091651665682
-34.27719152820443
-4.868207793808208
-13.095100337009697
-22.70432520674897
-4.104039939581533
-6.143198002120156
-16.32275767759443
-15.784468081146361
-7.888087446257946
-25.281140320125683
-36.103753414084885
-5.153029756347142
-22.92047193444168
-11.880337416375912
-39.16048213973414
-17.537784176112375
-2.2158076916285587
-11.612861906191673
-3.879460476734563
-11.476752185612124
-7.368037075870779
-22.228163789937867
-2.2189057189404564
-9.551899811987772
-26.72371311074221
-4.6717052792475755
-3.1154127852087203
-3.6247091421961946
-4.450884148417524
-17.86576121834006
-6.131154907505074
-8.960481322745983
-37.113372398599914
-8.115601346569488
-10.48332491669111
-5.769414428479789
-3.450312237596019
-7.910996036316835
-18.44462214514232
-22.500007427941846
-3.968432006308902
-11.453479667861023
-11.830431914531639
-23.36265645302716
-13.210886331682836
-4.885442746009387
-16.077591441671462
-80.93294348962938
-18.43072853014529
-14.111410389820177
-6.10021254617878
-6.665101178559102
-35.95511953924537
-6.673007743560491
-12.018191283407562
-4.221349682425112
-5.13007047984936
-12.921746297662906
-18.218479782257923
-12.631318585477143
-5.144710500879962
-24.409909744065377
-4.917777447519063
-37.167897297392834
-16.885063128205022
-1.5589110499441141
-18.15380840552233
-47.201217559067146
-72.79388639587206
-8.090804448671058
-1.461492620367718
-15.26897402149651
-9.03657907535777
-38.28146764807474
-6.123437929737107
-43.80567514448759
-5.294218807492483
-12.146560836052318
-15.777986978976665
-8.038619414435153
-6.421057666970994
-20.984316306272277
-13.006053201075975
-38.8685644496133
-24.991909633247758
-6.272638532549017
-16.018714633923775
-65.78359803350156
-10.996709364876482
-8.47896054901018
-7.818050870251132
-24.75947907161335
-27.69482621920055
-11.335502365576673
-13.896131899509069
-45.512966665414645
-32.195484098667976
-17.58808964983071
-17.46240563639088
-7.233081382890721
-10.046801862529538
-28.79762192696094
-17.86654731051077
-5.354869171206154
-8.008872150986027
-13.731638842416045
-29.361615424000295
-8.035292572089443
-8.266860422937835
-20.456735292715354
-16.74018844143023
-7.9810689659366885
-12.324860901290299
-41.84671547990235
-12.983253882990686
-5.40841727109646
-7.908513027732829
-21.765063130052777
-24.374042180237932
-5.32726200452274
-7.358235051776176
-52.29198797689673
-5.066706084336606
-16.421412656230437
-9.33683052492699
-5.234499717352051
-8.199923493721554
-24.265795852570815
-5.003131183481058
-37.31124026200081
-6.9317873132899
-25.217615855798723
-64.61802277911593
-9.290866395163583
-5.326155945456347
-29.294064617835495
-6.6485491065706395
-14.733732194046016
-26.69496465415176
-2.2009637680525147
-12.699399196386759
-9.23377178479074
-18.96077012867225
-8.623207723429573
-51.93876961852914
-10.895980560081291
-5.959497905107327
-50.19785123075941
-2.1635320872250654
-16.326823142996414
-16.588672381640666
-4.0113456381942685
-7.290832436787381
-5.820386060313392
-42.084206929143065
-6.2148404722578245
-6.423922255436085
-7.314084107703781
-17.00994038790118
-14.964448174255912
-11.068270780078304
-22.682270203691786
-2.2370666118457128
-52.21218755813197
-24.736575027169632
-27.18738764710206
-21.22540236552477
-92.11217449871505
-6.8756221661637245
-5.432693773330318
-26.780522057301834
-30.322080137865893
-17.60940905186662
-60.22893766281194
-50.990880286322614
-17.416787512243545
-4.6445941077520745
-7.081632506412674
-7.901328409243899
5.009030666976008
-9.855096527560603
-7.798571930889372
-6.080362837224878
-5.432403884702692
-24.728166524805967
-20.536844721238637
-25.923370754497338
-31.18733042526764
-13.338304702864793
-59.38256989859096
-27.42583824591524
-7.277162133085792
-47.60760055562866
-8.050067398721213
-37.79172101942089
-22.627752621023447
-6.484334084466931
-1.8817052012470086
-7.129689506474746
-29.96550126277477
-4.475245014983368
-35.91906631559526
-15.723136066396293
-28.34750507789285
-7.661183876281166
-27.990111836769913
-49.95684540084188
-29.137532264868934
-20.181990938614888
-13.586967374160333
-5.00423068885354
-38.727695589865434
-28.75172345283932
-52.83331404276037
-8.364170557042955
-4.458350469137234
-143.22316659263063
-11.463660480294527
-6.1920106556484145
-8.612011385370494
-7.522857569632121
-23.86538144709467
-25.642042913631542
-14.821044568607585
-33.28447323805691
-35.9410300417367
-9.58491383330504
-14.367467347168619
-18.445729278396655
-8.418862655339703
-10.048705391789598
-30.502858622258934
-26.62495150787
-7.716174199105524
-11.37145259632187
-7.155890125862345
-7.727148690317698
-60.21107628451678
-34.35170142150402
-22.731132122417574
-20.09689198732854
-10.366930441763914
-11.884259724381131
-26.9601038972404
-30.90874839531569
-2.575742067330306
-15.392035246117443
-34.80483655398843
-4.800851485501854
-8.740470665282396
-15.096594751376546
-29.436757865446733
-7.314171387110462
-11.875544676155537
-23.07157831150172
-11.253102237840254
-9.697790871459235
-8.528981451095127
-3.805717332548116
-7.109091064590875
-17.833212181764132
-11.857338425742284
-5.707183878280252
-65.99805360392436
-34.476329081344474
-9.152710887551148
-4.44347267516964
-8.99059819672791
-5.404067367515325
-13.356778401008874
-4.076122709804577
-17.843444299554207
-65.1525635851853
-2.771205918919128
-6.342365555130321
-21.91176439251793
-51.517803832399856
-12.680058015446695
-2.0154959482171595
-29.460845236498642
-68.66394050365204
-35.62437241625968
-51.22341286899833
-22.785259447637188
-20.388359241606683
-21.00146542860809
-38.57669093779708
-13.333279811782614
-27.339589649908856
-43.298148969307945
-18.353669809492537
-1.4865122525819985
-7.688865368084613
-2.789258180069875
-10.624965852382958
-17.93124492501853
-2.04395237332862
-1.709041039908235
-36.4308641213422
-16.125538800369768
-22.8170218944843
-12.987981798189727
-13.452685958839867
-5.821188357845507
-12.630075171700863
-11.833393762512616
-8.624876370399521
-13.280799489538573
-82.22857684031558
-3.5310284814718327
-13.517263141138478
-3.2517938694271105
-6.276419448793325
-7.413740922726624
-50.46771658781295
-26.68675028084247
-12.498214827730488
-30.568399143121884
-23.04012525644274
-24.056099552633338
-56.65571991285099
-24.379374635165238
-30.511138654784013
-12.707623467173585
-10.478967058849511
-37.79948450136452
-4.206741198315238
-30.904496115539732
-6.590475427326751
-19.550569456548597
-7.147636165552398
-13.999651150997806
-9.955306462161417
-6.802753460486816
-18.22091523684352
-8.430331377452042
-46.278274920840786
-6.774958848344461
-8.671285403483942
-11.394778280675174
-10.466823281688825
-7.174511718555685
-4.912561206181405
-10.681243750347168
-12.076854487455002
-6.602611245926659
-95.30988371988377
-13.034635931730977
-16.199285010792664
-3.772722477644228
-17.51332730001563
-9.61251444903467
-22.96671927277498
-25.024729330031676
-88.68760636588007
-100.89471199555517
-80.53702770241517
-12.437986740209864
0.23187834378062352
-54.249930090968185
-27.00913235606329
-19.379782828022687
-26.044212717650467
-21.424115039270703
-7.1288426472833955
-13.058546858792429
-27.615495649931837
-20.297974618520144
-8.931974610268616
-17.151163401852653
-7.822886936529207
-10.1594477844935
-10.479229930889069
-75.76767773118145
-6.7120342791839915
-8.434897378874707
-34.489166279770004
-35.57345681967722
0.8236453638525836
-9.006035690679038
-51.562241235667734
-23.098800266692123
-27.440854164994093
-43.029516506979796
-4.511902973212486
-15.996955513596182
-20.967623210991555
-37.687934399378996
-4.9296255509358495
-9.647108292739759
-42.758620197765985
-34.57672745884086
-16.83850603025424
-14.085084143619575
-43.99084113204934
-23.569540079876436
-8.713897485921471
-7.361729742506124
-8.608732788372187
-27.27955055879581
-5.7123112687647195
-18.329472654950898
-68.97531438970323
-20.133577690912034
-34.128580162275334
-16.14277995024898
-10.42909079644726
-9.955088943864956
-28.102817983918047
-7.071780223473606
-35.60649790112304
-8.396330592992902
-7.028936830332877
-10.720321624042578
-4.334470930947671
-22.637514303139824
-20.074354663193084
-10.457670060921314
-21.566301137789424
-5.060486610861712
-18.16089151436603
-19.766839256548
-8.967349801898177
-13.666375046988152
-25.81784188588817
-0.28941552516258745
-21.155516512245168
-10.087396798339418
-6.11554300137679
-31.002089649008834
-4.528336351690591
-10.893886109101642
-12.679431861805647
-5.805585029174636
-8.805010496615836
-54.36154817610754
-38.776124463902164
-42.188202805043765
-27.777748779382595
-39.408732711048266
-4.795566293946293
-21.714472318063308
-2.8177981109186976
-4.585678055813359
-2.872848820278004
-43.438672845057745
-36.082044298401264
-44.97901873694698
-5.667240992472217
-23.132612863431106
-56.19180095252341
-32.21485457514237
-33.13670975160285
-9.016462212839906
-35.347120274044144
-21.71746031703847
-5.050519846248627
-9.037253550284646
-1.346506321222007
-26.510324057850273
-45.82736044208349
-6.8668433693532265
-22.114703335453616
-7.374568547181415
-6.514243917062069
-1.6194090767261673
-4.160084425324165
-9.069968126245985
-49.65316426155044
-5.176660507796267
-43.23227895026643
-18.315330344807172
-12.655842204240516
-6.4026841049067
-72.50507257561607
-17.836406658086464
-1.219209131465314
-10.652551964420699
-10.47063411434981
-21.209846508488948
-7.6985894028445045
-11.03138144736528
-13.732805889112253
-9.505227959096104
-13.421195007171967
-42.72130103285587
-9.669144679187799
-10.265792472200594
-52.49398492459053
-41.591203105887054
-32.018353865771516
-11.824307657307276
-6.61910207902338
-6.8403885623608645
-30.003317378024718
-5.942437086366994
-10.629432886831664
-29.28028654046438
-19.006804569456108
-28.43577659901332
-13.14741005565523
-16.19003366763283
-15.420886506500239
-41.93165143010137
-8.386925242779832
-4.912465676052086
-9.620521028873325
-41.41541263386698
-6.770209349496373
-21.684932085920092
-19.456644979946645
-11.731549321558491
-24.29290326355441
-8.137499941757833
-84.76076838768549
-12.79145684347967
-3.7267158038420813
-5.131975409675611
-5.727502508508839
-35.64881623910902
-8.438397967479801
-3.9427623391091022
-11.959454543005451
-16.486587058698888
7.320443310604992
-3.393451300844218
-29.505088845804192
-13.412363890497629
-4.813092799003391
-5.111499400459708
-12.164332028170845
-3.532388387627051
-9.803601991517901
-61.86052643841008
5.487918056274287
-6.216994511559399
-10.148342504964116
-16.466594068438425
-5.61048301287461
-5.55006685438517
-11.196986144438752
-12.8253962489462
-32.36540433051399
-32.848348781376856
-11.677848194799465
-27.918320155954575
-19.37677350758869
-33.23831746179302
-2.7571856369458274
-9.29784045611764
-6.022029408840709
-3.6979479240858004
-15.114061550527921
-8.434228683169712
-7.959124563278363
-9.53126536828224
-15.955312874364322
-7.542814698707414
-14.14378175906058
-9.347825837667054
-5.468268955988782
-15.557605346640626
-30.82898496818818
-46.52084198468503
-7.471612721470208
-63.91411664860427
-35.924841388724644
-19.514809118104818
-4.101619419159011
-7.402847736547324
-7.980071187317987
-16.779602728285877
-36.941212610578184
-51.413112636208794
-14.312652613962095
-19.291393516493898
-4.486476361254022
-17.894984139354452
-4.260636611877213
-30.735340204511097
-7.235782566800625
-9.536879372968642
-6.904400305486752
-11.92726974409715
-10.737162096910126
-81.08921123092342
-10.082299949487474
-11.638579987064926
-3.4715136316165522
-6.147616200367226
-8.496621409560182
-19.08355268369759
-7.2974548387087035
-20.383079167653907
-18.380705438095685
-18.969048488125566
-16.118942173611305
-2.05169487939558
-7.777937919013727
-13.618574137875765
-21.62313267254158
-57.56989134660424
-41.80422891440823
-3.689368641874453
-6.333499682077591
-16.97066789191653
-28.058728521406902
-8.69550189803727
-24.006963884798814
-10.09855592320762
-11.85529427309907
-7.922977117058913
-7.129897642405247
-14.092915222845232
-12.047229734689207
-5.520693522015991
-1.6136581951244773
-16.118696289002376
-10.959839914507574
-18.09445677372983
-11.362533017142434
-12.972031250986843
-14.011022482835767
-9.698164645762164
-17.523321090959897
-19.41970257921792
-7.6359195963
-6.555210865832408
-2.2598366853563836
-15.20700995938643
-43.26646900416867
-24.900873952819055
-41.692626030405194
-16.351508109088194
-9.72001183897158
-32.778812272633914
-16.972756861735274
-23.217401232504265
-91.98375205721787
-5.872031295827575
-17.219380088947172
-26.07938484560549
-8.454878172806534
-42.68616983190252
-2.131981231680379
-6.786146923691964
-36.844707059899406
-7.074251031149262
-14.015570222525687
-8.39289914398285
-24.783870973032975
-22.69325831715186
-10.90778514380756
-36.10938198588543
-6.228045325707256
-9.230037069484544
-6.922495861873225
-67.57457310110917
-11.873932081250981
-7.2883779129498905
-8.159345694070725
-11.008701849595365
-11.798434369369753
-53.74345230002575
-6.070293225143691
-21.032761287576
-4.0034750176631455
-40.10360006342843
-2.240279976505529
-6.797869964667436
-19.47077895970541
-6.057828605343241
-25.801115531178688
-2.6425493451367257
-31.623041724626894
-7.827432518489035
-3.6165514572926556
-2.09629653913712
-18.318481063501846
-8.100776773341208
-30.039275071150467
-8.081648513605925
-3.934146623995565
-12.99621791625319
-7.83872690445022
-11.92970275997031
-12.780622662991307
-7.616000297891785
-7.715636188486477
-4.065289790386234
-25.06746943357908
-16.486935279928304
-8.27133114470333
-9.689050061218603
-4.539036374750635
-17.438035218146695
-31.287047568232516
-4.723311303729185
-12.56768292529356
-19.47127367136965
-25.29625296928644
-6.8347222383164175
-6.174873694379322
-18.90747568243902
-15.267779825493115
-19.034578098117073
-6.046544949548243
-24.855239220992495
-26.087768316637366
-31.33677847344702
-8.663381268473906
-34.86377527948789
-45.25950070192975
-9.507529060201165
-13.627472518961163
-5.596599982178311
-21.36842067047461
-6.306302712569395
-35.464297123048205
-4.15220652878151
-22.158662083969777
-7.744100919634777
-4.232560984023878
-28.23377211199255
-16.052521938602315
-6.118298544077529
-38.579785976524704
-13.810785890634563
-2.886725769744675
-6.627536666998848
-3.3595750371152873
-15.235547206461849
-13.142805891095875
-15.8682497183606
-9.047216768128871
-24.93373803170587
-31.769469852461164
-7.828446770784609
-40.16537184270841
-2.1140005291455415
-8.406208388284632
-2.8290701871005095
-14.521737690206898
-3.30378753531225
-15.11085731162709
-13.199770372272589
-12.5516644607307
-15.973006779527179
-47.151269314632444
-2.531041664501288
-12.338295634793138
-14.457979290855583
-14.958394719541394
-36.26821926370536
-29.974239943964598
-9.376984821633272
-21.58914544045448
-23.328996930337762
-19.079472368065275
-12.43495785127174
-2.917091335234841
-14.215048182211238
-6.21998644632922
-9.436433173235866
-57.09910979697268
-29.84987553214181
2.187938955805167
-29.831960097841094
-4.715891683160802
-11.546272724899929
-11.608282387840651
-27.30414798247913
-6.028983387945004
-3.378224468155721
-28.84473887237078
-5.589299322962665
-8.791368756506781
-7.798234466981682
-16.60442750256582
-8.224599846886035
-12.504289445523717
-9.95580690661429
-4.892159066415705
-13.798446164956102
-23.27683648526075
-34.41228868308929
-14.620516047821393
-9.02699562545803
-7.334617274038974
-16.007139379518318
-30.100519123439252
-6.773209973956273
-24.844076247792387
-17.361600522968963
-6.743146551971872
-28.13738350781749
-15.509255569370943
-13.442771802208233
-28.425095698907047
-19.713242084033897
-15.117238463057205
-34.12241802965725
-4.321891194908576
-1.8605697022404388
-1.4940330474580286
-48.9333938861996
-27.144494146467252
-4.876479720712554
-8.944876385939628
-27.269074488701833
-36.03793665062386
-8.659642907027953
-58.8219336424147
-10.969524593775343
-43.083914081018435
-6.06399963689392
-4.915107605438264
-43.09073426745367
-9.159783304663295
-8.51469652683818
-4.040321912911698
-4.844690649385929
-12.561505921676144
-30.450814300106234
-7.482298301426709
-5.147287430424317
-12.998360593515622
-3.99976411597848
-6.743245846230446
-13.620970407355253
-8.532699326312425
-22.165074981399425
-21.484497174896287
-13.335933981618213
-14.399573297110518
-16.127925306475376
-13.630856720351973
-32.09902085244735
-6.452004116437202
-47.39007171307793
-11.684991818100462
-11.458117745258239
-5.798225359337407
-8.911667865630662
-12.800935188977775
-12.89528980544193
-4.5078093261656225
-8.299016209110338
-2.596608172997637
-24.570358247883412
-13.081917794900074
-10.265218701432987
-11.272480029440032
-33.52203695590198
-22.251405135936288
-32.47180792990524
-22.431254107198473
-10.14391029563364
-7.593203380236178
-19.401022942044744
-34.42298808184828
-11.511966291714316
-8.517691580748565
-9.843991469041354
-10.795467316772623
-12.956317883351756
-9.420868881059455
-52.500154324492826
-22.949389092945893
-13.751177495855302
-52.719847591300315
-4.868361878573727
-19.19897254461685
-3.938615719205359
-32.65722708001934
-6.803108023417312
-6.532810628051914
-32.59366244520368
-48.00928558056363
-6.0871358602462955
-33.01875947341799
1.250507237077974
-119.82502019470692
-14.604633821303898
-6.580371244935503
-10.412112114468147
-17.806003935821085
-7.837272292827875
-10.496899598732744
-15.34575684693136
-28.580699227128218
-5.910314723017081
-5.995029274801953
-6.350472394400944
-27.374657456557863
-12.123035602342268
-14.612102723646704
-37.5926044266814
-13.272478303359273
-5.901479993504683
-9.861615016078217
-50.008975106481586
-29.17640595322363
-42.83427782101142
-8.659904615827868
-4.86525566374326
-63.18935609446439
-16.65526224871054
-7.565711998792024
-17.325029177454223
-7.99154606217338
-5.822458000532775
-33.837506241388176
-16.008978791080676
-31.439568155571227
-9.34049622955098
-4.5121985430934135
-4.950356642271244
-5.636611722439491
-3.523681114405396
-12.664942442439
-16.986991565913208
-11.166579105961487
-8.261904676061965
-65.29934010539299
-14.72965191661557
-36.182948174163705
-9.895694886015173
-27.149209763240123
-8.444763803694459
-51.56027468133777
-14.633548602838859
-4.156383334246477
-4.8772674686284345
-42.49118315072476
-4.682993482899799
-12.176278812158584
-13.24979345650229
-5.687372939537997
-12.819185903836393
-37.51328343223662
-9.10981597903808
-5.726522120225339
-3.109717133481433
-5.971500172472753
-6.30774458446111
-22.039262551288992
-43.948778413541554
0.26750744681510596
-27.538365492114387
-5.11993242482427
-15.708683626338212
-3.395367738239902
-13.369900692360755
-6.857494558025401
-26.162602968085377
-65.61267823328616
-4.73994898020798
-22.410819048187495
-5.315487756621758
-53.48454157989078
-11.254124824263096
-32.82883187817616
-47.17662506039623
-5.546417838323984
-53.079701538248344
-6.620826117316672
-18.265397182450762
-23.93944732551488
-69.59492893255917
-3.5390378617843323
-8.369601065771077
-14.072157743938195
-15.037138227339138
-3.3602634725402027
-8.052121468405305
-76.55082866380057
-1.1692909880773246
-22.846804547108945
-19.00653629636258
-27.17734659593131
-2.9667502876460516
-17.031573732510306
-12.281222826819297
-10.012513342239332
-9.802765977033108
-4.702406311930476
-34.287032305061246
-5.795691532649428
-25.768126783892036
-15.366146599444026
-5.099729896938353
-23.73350362492729
-8.99213953551421
-17.817829898327386
-32.45582914912732
-23.726100610759183
-30.391562245587163
-22.40817127984255
-11.858543845583029
-6.7672270046896585
-30.77004575338417
-130.72526226390812
-26.132750986625293
-5.545412520475421
-2.992036265959611
-12.534593925723339
-28.742887020579857
-14.887123204552527
-2.3519162307500197
-48.45322237730993
-15.633568620791673
-31.616699972434574
-45.29639873999761
-6.690869463737277
-37.679236544074485
-20.644467725846283
-64.71581125834001
-39.56221629895282
-4.609911100224255
-24.619888571699796
-47.82389327979326
-19.362816246896998
-48.607998031124104
-2.597155902998482
-57.69232340397801
-6.215042956678031
-80.20836862665061
-89.80674540088981
-5.897015654362675
-16.645098100552865
1.2762030557907758
-50.36313961575533
-18.278346479957982
-35.20550427641113
-10.592576434051034
-14.508656055666235
-6.899344688025924
-9.815695129695852
-1.2037793541890127
-72.8385445389095
-14.585791013902528
-6.0826953037919145
-13.876242617658601
-8.730093397776212
-18.84867494884731
-21.222383520335868
-5.109939751954605
-6.579984082866005
-10.192818654967963
-19.862967172677873
-7.706590804531083
-1.748663409668708
-4.469683810742146
-16.357464189534635
-35.398874988081076
-8.594396615978868
-13.969043993673617
-27.77232431817089
-9.672429637932659
-6.726698127002833
-27.867467937703573
-8.864215939950927
-21.345845748653524
-7.147575300515686
-33.83746275349044
-16.596108469940447
-1.561455794783299
-43.7994600416836
-24.7340962861104
-11.528033110005598
-2.094723645920081
-18.543687915952574
-7.513809804313298
-10.152028315125424
-7.034163160864017
-3.997758549652402
-60.753961179374976
-2.690962971320787
-11.15988289634205
-8.841557537963478
-28.83405755617551
-71.81567610092183
-82.40927516975647
-3.3361272420493693
-5.837053712677333
-13.538768454803428
-7.323519173112832
-12.305702842221818
-8.670118347952329
-25.614646182510548
-5.822852520381437
-5.277167845492407
-28.676283115376556
-10.563738461481503
-7.995568535899426
-53.87487536559157
-19.30817897042814
-18.259108849600494
-12.409251715971427
-1.5853470704060837
-24.37499451043349
-44.02280530825824
-40.77608348004933
-9.139788058138977
-21.14791432545822
-8.60272647976701
-48.30982688498763
-17.29350537437684
-1.023673159682005
-42.05095001948143
-5.961118916571221
-29.084030566769954
-17.027303954591915
-29.088364563168486
-22.31336014391993
-10.218688140684822
-5.947378913628051
-6.372595219338828
-5.927071906997234
-6.803697574989466
-55.681136234864724
-2.9054896436686035
-32.739064966339726
-38.63925194838673
-8.426141395063283
-6.657387619176349
-10.072694262137745
-22.56969876223815
-14.101213868131255
-6.681504523736439
-43.819796227316665
-32.120572575792224
-2.7937337463218794
-7.22730396925233
-26.780296735522683
-2.4985961310159563
-8.501368981294604
-14.573130125048392
-6.953076012216693
-7.507012278011762
-7.075317119604185
-9.715503518896757
-6.619890798525984
-0.8663259542894619
-24.743093521471696
-3.9678077060665276
-9.774146859182292
-15.970531885554026
-16.453139211608168
-21.01955321342221
-39.27005378102655
-24.057984783561793
-49.127519617178855
-49.802150288024826
-70.72543323280641
-37.87422068212472
-16.117449443341258
-8.034034411442317
-12.877043912033924
-45.388049874751125
-8.830165577713332
-4.988476544140255
-13.608059270965319
-19.920941646019287
-7.078893300821204
-3.1971900311824917
-4.9775889037701955
-5.10164033335292
-17.100930602029084
-7.629982009335917
-15.452639570793446
-81.57303480000688
-12.528147152110881
-19.69980700019243
-4.7448783171841935
-13.685282504643231
-7.7593013836576175
-11.262326030515338
-11.683988704324603
-18.420420775120025
-10.539536011520337
-21.135025737110293
-13.54080750445972
-48.645224977871464
-10.3462558547326
-7.190018075812557
-15.533175561458874
-69.1588403357366
-16.88910616386777
-1.4781318674123858
-51.489445257518156
-23.38780112683257
-21.215207835897953
-24.272654286835607
-36.09258889203031
-6.2402194778879885
-36.5306900064331
-6.148644875904377
-19.968074217817698
-20.289139944333563
-5.138851736254797
-12.522224643594432
-16.20462690362298
-44.60672832446828
-8.692750408825296
-19.42064712269583
-46.16877452399304
-32.68089190501032
-110.11899504724198
-36.52815272708229
-127.50138222021859
-23.324221107641783
-6.33373163607292
-7.223031205505062
-49.66004044324591
-32.51014371148238
-33.05030989608286
-18.50419321465666
-6.995646322956935
-15.199142125829955
-36.83378725222121
-5.828555356117719
-37.37748731291151
-63.29216936759507
-5.046585568651295
-14.046184793845333
-25.464302996182752
-13.665262461710078
-9.594593154641961
-13.966331032768863
-26.870487655741023
-17.407029319493915
-48.60485740763587
-6.472435207435239
-20.713239727851086
-80.89591162667138
-8.778650338170532
-14.104038977852237
-19.483661569193405
-4.4514935441765795
-23.960189093136382
-8.451789948734529
-22.200860911429192
-10.446228282431958
-38.98986249978048
-9.800504478278855
-23.001311818987787
-22.941874051431036
-23.21896578119869
-13.987175570522265
-25.658492299903536
-6.670259318717926
-3.4319527790354196
-50.23786946917688
-48.26845141163861
-5.549915040309124
-31.986814589884943
-16.871212644605343
-17.723431358181088
-23.345069383478442
-6.675480710859445
-7.685778122804408
-44.73167738361191
-6.231663757854153
-11.478169183999405
-15.27440146428881
-3.070921400060888
-5.846274582658669
-7.5746284855332
-13.547530138830961
-4.765319735925475
-4.3329883321576625
-2.4462854280074877
-46.84440724339747
-44.10782671252979
-10.328011420093496
-9.632496137039476
-13.57958920759032
-29.321672627897936
-11.713558629185124
-4.316334135818233
-3.2627834036708876
-5.567754782598873
-19.06371621681505
-2.8206210096707753
-16.290936113003927
-7.183581248788985
-11.230464600093324
-158.42374325350156
-10.179310856073206
-2.709776152196596
-8.18792350541023
-9.668184673737102
-18.62544027925026
-21.38231666537856
-6.2837978116347575
-4.441541169530425
-9.118742442464068
-48.47888525343111
-4.556054872337553
-22.642406023296278
-37.55723222830828
-26.106073196088555
-84.48862814125425
-100.33157004343191
-3.699151902240514
-11.933123425929942
-29.459111238801846
-63.18999521794171
-10.069565311534822
-11.361210896992405
-33.210595576918756
-16.584690253844936
-21.05215292531063
-8.98322687639226
-12.365392946819263
-6.6501773987506185
-0.9639776919423555
-14.375978416310781
-7.402579266693452
-5.114551959214213
-2.2968089771575286
-12.029418519572447
-38.89127470283776
-4.453271709906644
-8.702829140497684
-8.646861916318286
-4.067818256348827
-8.358161080596465
-18.46336958111094
-30.44496901132884
-3.8097051260825294
-17.94345294422935
-8.980183122824506
-43.36402274978001
-14.67533900815044
-17.114694983426286
-5.769107507667643
-21.82960781834144
-5.480785836776458
-28.959271051450806
-8.096929142366665
-5.105773830110282
-10.494353354083458
-22.348729398756866
-10.866475376481127
-13.244658023703247
-5.319258346533475
-28.896311690212954
-2.074208184180421
-14.848616036033967
-1.658954978287645
-55.92958296781837
-8.067395362792944
-18.40423695835413
-67.45985942718772
-2.9884516141378987
-3.7249262631246056
-13.262314521803633
-16.61261493787025
-37.72656181393345
-28.260130554779156
-10.9649878412948
-5.648463502341247
-28.174967870393075
-16.246819204673628
-36.61415998423932
-8.70411058462122
-28.02537224138513
-8.41583581124333
-5.871200896598134
-48.426115189415455
-9.192363407290017
-6.252176064829496
-9.376083040598585
-7.861276340338287
-6.729831215747944
-6.649398131151588
-7.456772909535639
-9.805943020651636
-20.219891784770276
-23.76906171519062
-35.902435445149436
-5.566373368476917
-14.38595778353017
-6.565221984671912
-14.378017003006207
-17.571505814790328
-15.833714289911882
-7.204130992034892
-12.300251924682518
-5.023156063338085
-21.714972274607756
-10.107325526553408
-4.009875793015456
-9.242662828591454
-32.868421219992726
-17.108569873768364
-48.693756789895495
-40.34675181304869
-49.966607043553296
-15.445602166248726
-5.220615809793342
-82.96408039251921
-8.872517266457372
-27.31120360257195
-2.2020884034980166
-7.023944081469467
-15.231770116042377
-24.654411894168767
-9.864175918666435
-15.716496751655301
-111.9474680825563
-1.8751289035823369
-22.949555847529304
-10.21279812687609
-7.112929125255706
-14.541932262429796
-59.85925780518078
-16.8115400470187
-135.6130265974266
-21.694682911163042
-20.62954262991909
-6.67225389254796
-12.230548701701695
-44.071422282853106
-12.204214156507543
-80.08939910142189
-42.393214209976826
-30.941878446454446
-3.0769241635330955
-18.734875078051495
-11.60684395699339
-5.843240256645122
-24.954852672187467
-5.694666947771621
-8.821423787787857
-53.99873550987002
-12.206665090357484
-4.207726754288039
-7.288914958882247
-6.648711636833037
-22.027438478116792
-15.496690374976824
-24.69313726823377
-9.626345532918663
-6.283113318117415
-8.436304030370533
-6.171622896580499
-24.873791623039637
-21.900222897639647
-61.36701402816983
-30.859384219458676
-24.410470940771038
-19.05113301442829
-12.992163721033247
-5.776262573748284
-2.05169487939558
-6.471347747490787
-26.30032549895416
-33.57967548047965
-9.228507118185643
-8.221464849109498
-4.548315387364044
-5.545801269210232
-14.884058814333175
-19.00020681110823
-21.415676633352433
-18.263975104190674
-34.91217303447923
-11.276547414197186
-2.189992155335872
-31.127036565824273
-29.438013079733388
-10.640316501828432
-8.685544640203384
-8.008220050725702
-7.08358310487668
-4.605919593427135
-20.370420955823352
-8.52597212920189
-10.535537101999534
-7.589057989576806
-49.388448326757974
-15.444668126776689
-29.449913680920684
-13.269853873938002
-17.357117562148897
-3.1240944843195817
-31.62423272869731
-7.331263814638549
-4.002164156081577
-7.868882656483402
-33.13388006987029
-8.592145078869908
-26.594919323533844
-8.113722417769623
-28.9653542545665
-31.417582279382593
-6.335637979237007
-3.3253003023888765
-6.725818130389048
-9.728613863730356
-17.255748355474566
-8.542325119933805
-28.430049439653896
-7.972111409862915
-15.395471224792304
-5.5302418068502615
-23.92206272912574
2.399037201636745
-5.136765906984921
-7.170862834507599
-3.1841137437304003
-5.0018925166405355
-44.79229605885867
-6.411249868772325
-4.8108267682540085
-36.52123260594416
-23.670495465650028
-1.2710019512120987
-10.038961465479725
-11.26673133939781
-10.049886423363025
-5.691976773114845
-92.35812726935109
-13.528420418181407
-10.899182472781526
-56.693879501881405
-13.806906934371792
-16.566284260211503
-28.323688885737425
-21.73035831975919
-21.275680496613067
-40.767417402117104
-2.810448083676262
-7.930756897567688
-3.536598134372492
-46.30519886978703
-11.95463974839327
-11.399807040145165
-30.169255156225034
-9.752326053972762
-66.97106639187815
-10.510942977518008
-11.731950811023324
-10.671609999167543
-17.994445076133033
-77.0125481924645
-22.44880581744703
-15.910893239575662
-14.544502688868711
-39.70757581013466
-21.821229971622607
-18.645268047345773
-42.13771432972945
-63.637229847925205
-10.90807190154726
-5.9850957115485866
-36.14380527455714
-9.666703473873302
-33.276397765061915
-17.452467236212673
-2.746956449878304
-41.80521479325006
-10.441607341386755
-9.226635706983245
-4.490430049979
-4.993983603595748
-7.472291913594705
-6.182285379353537
-17.651272962516575
-25.59444998391214
-10.511227869633453
-9.638610568450543
-6.972755308546358
-9.74330164693724
-5.393260305775471
-5.151445266391754
-19.120781612891964
-5.9879527704235755
-15.45253145263378
-17.503935259720425
-23.490602666373157
-15.069624482578595
-13.10399595254931
-3.519757531104007
-5.161043896140253
-31.63386157063817
-4.345488334646814
-5.628212292649647
-15.75930707199265
-41.31407521050169
-39.8384755027298
-59.04153535584363
-65.95353479893846
-4.861438968426681
-20.326701863497416
-9.480162848579202
-7.955742392881985
-3.7985761220784324
-4.984294478235249
-9.99409161967086
-101.35819260162899
-27.85483861336313
-4.337898550191891
-6.512914271178203
-8.923766607661246
-32.73864316863295
-38.199835508926334
-10.033825435660356
-26.89064532408839
-1.536007825156273
-9.323092382472906
-27.340078267957725
-3.3945626839276235
-20.56274321598235
-25.737223943446715
-31.63965812863722
-21.377985792055206
-28.45611143560772
-18.28023040409691
-68.21665506702655
-8.082305372057103
-11.395843700238773
-4.748501414439051
-23.517676411371887
-2.708160781716185
-95.99904616731948
-7.847142810342292
-5.719896063495596
-17.443821412686003
-4.323186355650456
-17.25837329252773
-6.919986756659624
-6.66358353110525
-77.05804690986496
-13.895065766678082
-3.5392515606423993
-10.669119862225447
-6.691834187825792
-23.25872347533154
-62.12181354806371
-8.874719605208266
-6.982715953711942
-8.735172997112945
-13.45274932337366
-8.377628439248067
-9.318647208958959
-14.59083004593014
-5.49534324865071
-6.197892079657662
-14.54571725292274
-44.5383930485279
-5.167180079723067
-39.13157508938725
-2.60558831669622
-63.06813678950166
-19.82955685180115
-23.251688109405837
-11.283701072482552
-3.4173945035068294
-6.261233035421233
-6.954411228071012
-41.906009223319934
-4.546238007693278
-22.898607031856706
-10.033528329869933
-4.916037156463165
-11.540925798596199
-12.775267911870227
-23.344517390937124
-11.361541961058155
2.495105113561611
-5.789711422936081
-10.254466171966667
-19.907546999797823
-1.3662881905753101
-2.403811299865009
-22.607448818734568
-10.147456902443961
-16.02457208535389
-30.62805642846468
-7.910097750331296
-14.968746677703399
-22.284573370328467
-14.48653889287599
-10.874814151280894
-44.247587118927626
-8.557995043447798
-7.771931270471444
-10.851071471163817
-24.09784403008369
-5.80583902646903
-57.352957432507104
-9.69461145636543
-8.892738432345757
-6.346094133665792
-24.65983552007296
-25.430932199923525
-12.308484060825164
-36.57540580517643
-14.746838647243047
-48.19854991030961
-10.85524713641048
-18.31450670362209
-6.577929669885981
-9.910023919782295
-9.243467340326106
-11.198394574646077
-24.206088365134498
-30.285023376690873
-54.822150871636474
-25.927256092999226
-8.443880054334965
-32.953737172716515
-17.862027495022136
-10.992223226083373
-8.62097832201408
-14.75395876477548
-8.530917511573433
-11.453159713191988
-8.346275248780286
-10.449585650183824
-28.46399908289288
-27.063775375405577
-6.348227061147697
-50.126788977724075
-4.999305342165943
-71.3562147220406
-44.975444546337535
-12.19050951841955
-19.091943942521706
-25.18795317944605
-34.93683462893194
-85.13124451963904
-16.76184593430958
-23.783284677660237
-8.099138878438596
-8.561959124321127
-5.1389412070993785
-5.5900883190860124
-11.386099436723546
-12.289695710136352
-9.031169774302917
-17.07706660641191
-21.732754278920265
-13.69132680627607
-21.47374013966331
-9.044139946553994
-63.35322776646702
-9.373648271258338
-65.83930509058239
-13.18770208903538
-14.643232982092306
-39.322732704329724
-44.24204945690543
-10.816601691929476
-21.731403839783717
-31.54090311407224
-17.618292562738226
-52.66072627000249
-17.1296304117594
-25.919487293235736
-37.60841259782036
-25.856700502691158
-11.405937525236265
-22.860559701027817
-6.195429299183624
-11.909914454774471
-18.612829695145578
-13.64729506171787
-8.911378213916283
-19.27136764009098
-30.422432560136627
-6.340015906318225
-9.994236769523136
-26.20139921486225
-12.345154065249298
-4.867000359769198
-15.062289989696687
-6.813666204484082
-18.13034294787398
-12.928277786859242
-29.494576818779784
-6.202222276160973
-4.893589312400868
-25.92077360036313
-17.24472149734053
-14.46199345791058
-5.067040652292006
-7.3546149724531515
-17.380044984888123
-6.045926413507553
-5.598631243540277
-7.525881752295157
-16.344149728585023
-12.121145920161343
-24.39149788235174
-16.403893589521573
-14.723335030811725
-16.293528518028637
-20.287760489691518
-126.1345244314788
-5.278087530715774
-13.674815507325052
-9.955622958606954
-51.402875619855976
-8.068460059732244
-42.93940999067812
-3.295108610540117
-16.103449866755277
-56.28966876954515
-5.941964839530632
-6.358508978849451
-15.008516290153342
-5.535899477603161
-6.3335955282665495
-14.24679579517524
-50.431588442783514
-9.960825609797798
-7.8927005870032865
-9.083761274429698
-8.099378898873423
-39.326887292463645
-9.694761679254633
-10.418735665324705
-28.411680865963483
-41.85548347483403
-3.382972045534398
-25.699140531305517
-43.306214387522616
-16.020736643866634
-19.11179993637087
-4.893997595504055
-7.556609352285121
-5.512692762667131
-37.89362861903926
-17.185516184979573
-17.364449196568984
-17.08287678090238
-23.082985425061544
-5.415332667447257
-7.100847857210557
-4.865692681658126
-7.579431431942932
-16.631945610299805
-17.37267016729897
-6.079720756680188
-12.364791278613627
-47.9573671977264
-17.350461453390942
-8.84562666211027
-7.278769882638598
-26.926621020573165
-20.799864879498895
-5.077978854726035
-2.2150118686038636
-6.30662660061181
-18.31964667563144
-34.681967916180554
-19.47431685519961
-10.734437474224633
-7.7966585334889835
-2.0701412596243323
-13.79070715515463
-13.646229156975018
-118.1766762052994
-9.578820950798555
-9.26399659383899
-6.773212662398689
-18.658546058506072
-12.86423853806162
-36.82858005430379
-18.402029417490375
-12.609120866818328
-21.39270399567047
-36.452924596783745
-4.243884036302884
-10.223892879664712
-25.463467223797885
-16.813733551596734
-30.057717220946817
-33.539112227836526
4.519679075998857
-13.745641405082797
-15.886575695541609
-9.092389912211532
-4.422510680426606
-16.170299366764795
-6.2584335120860555
-38.71738201578543
-3.8944892993255906
-72.07841048616147
-6.357196175496903
-38.12808275288749
-5.558446832794645
-14.186569010479424
-6.184275030070951
-5.4419320932224675
-4.344637003571868
-1.4923942358094884
-108.62359727203902
-28.76978414189963
-5.497108156126483
-26.616047299336486
-26.968279234145538
-7.131843169199476
-9.843552858590382
-14.1046436760776
-6.435935635855177
-26.800593717402297
-24.776260409910886
-22.129938946427174
-9.80552287075823
-37.311323100015045
-11.960296669269786
-10.952788781829586
-52.81985001246107
-30.13627727941182
-17.051459307982828
-5.312507195768502
-17.49888726021391
-20.181148536862
-4.9997440140702345
-18.9936820147166
-10.55514332431636
-11.309676280625943
-35.06334096304706
-14.10975966295674
-81.40192332729481
-60.52953658683915
-28.642840661208766
-3.3222701975890243
-6.648432043861618
-21.17557624373989
-5.680448688618215
-71.58004187036708
-9.442365889547562
-27.99901070939091
-10.304343146896786
-26.264432761451616
-18.56734944407775
-10.019137489778162
-10.00930218415883
-15.08883094372887
-15.2526390437155
-12.448429661574618
-14.309785942324776
-5.25760814033294
-16.256181213077888
-8.59226787962799
-13.54038738200023
-4.37781034131999
-23.143215908629546
-10.603799928794723
-32.09184899204143
-7.699388573221455
-216.1014799046765
-36.03009994979512
-11.28522266829183
-22.554470347800052
-38.54057157634254
-35.938231660319396
-8.898011597993742
-16.20545582131317
-27.564509245872326
-20.867142825694685
-13.802115788927233
-33.73361751626383
-6.917383236825052
-33.850694116381455
