-40.04581290731835
-5.364031832913867
-7.782741139055021
-8.91904443181082
-6.990526324250732
-30.766950748136583
-13.19688801755976
-2.8569771746214885
-15.55153866772002
-15.782084994825986
-9.418033249384393
-25.358100975507693
-6.516132036485007
-33.767538378144295
-14.671659910924896
-12.093673798736859
-5.786063486811341
-37.55042708606134
-3.606227256370513
-12.596532169063853
-11.915660170419402
-4.409254609463385
-23.653980568392562
-22.17399205605869
-18.712813296335174
-4.594543613718497
-18.85228149735744
-9.114120119285289
-17.352344502138713
-20.791389273329525
-16.565203694629126
-18.076065805985404
-8.39187334325364
-13.401277965176138
-4.3546611747950665
-8.545018936243391
-9.736326521241587
-3.891529908208013
-2.558607417034211
-3.2283845746781714
-65.09250386390713
-9.100958440804368
-20.838810443178478
-22.233577210548987
-3.3981612562758747
1.3139824110113618
-44.569813341915804
-2.6403218731916587
-16.668867773977997
-21.78818827600869
-21.449197302739552
-62.727327017114376
-7.567604383669056
-32.45460677601466
-9.747336590468196
-1.9831308016598224
-7.392437671038418
-3.169100407063069
-74.75719478830678
-7.030800330061303
-70.18132384886486
-16.41513905705288
-35.52067461933254
-8.707904406839862
-7.516593231504179
-4.486101392261435
-5.7858852990392275
-27.7663989691088
-16.95586952341691
-7.759944030390116
-15.315411804047372
-17.14988075484039
-120.52805704273287
-7.786923168900265
-12.010410304636402
-11.37752294843303
-15.046765903778212
-12.323757058498675
-22.273828800729742
-3.425905276842652
-68.85397488524595
-11.224124809937038
-15.152293322061913
-69.6447373393692
-2.3020199973831867
-4.188085512475234
-14.035758688377095
-5.884192957990732
-0.7136055548131146
-10.293846605233599
-5.096779055259125
-10.256851121827351
-22.350534302916465
-57.44993133712803
-5.927411613874311
-21.10125093714922
-27.78348058748209
-11.84010634368073
-65.19107441831589
-30.184723290676793
-5.245451478366593
-36.15720928920291
-20.631682674817913
-21.896931548170805
-11.552652471398222
-14.068521320948928
-21.772014060765578
-8.232244628213275
-219.58055164907503
-7.158343753304941
-6.115902397813712
-11.319201176576012
-17.785098201840928
-70.01617586909862
-33.55063805894989
-42.638678288599614
-9.613214877544388
-12.62757324842935
-6.452833453472942
-0.942490250203787
-26.91770738745719
-10.677898814044877
-25.61315222561563
-3.269090500598381
-22.115747850620554
-35.054380785086714
-18.95612047832234
-7.333834800707445
-12.846264794701183
-2.5889882033751648
-6.999066547941243
-2.8235638789992854
-66.84587374223516
-14.508186933182841
-6.31565896199624
-4.216625310877591
-36.8401857842001
-53.667192901600124
-18.834498410906335
-26.60623219110588
-7.15604433794175
-20.030081676989383
-29.88657599054515
-10.316558809248805
-34.236155945199535
-7.437686291836785
-4.182795644190211
-4.880455165270595
-3.4710260307593677
-15.135989116182818
-4.628849768222622
-5.108153194835009
-6.00318418643924
-29.64806232779703
-3.9422303694426146
-4.661544423435634
-3.8952690059522146
-5.7782777307066135
-25.35458695073577
-16.215768447821027
-43.98023427849254
-5.870968666924427
-51.072638642317344
-5.17581407738595
-5.962540286249473
-8.951487215684764
-27.08407782526204
-13.922961684007275
-128.82332424379638
-3.6876053162692277
-9.341028766424115
-52.58165739437598
-5.040173743328259
-49.05868799917366
-4.571308231195989
-11.334299753879275
-25.101702315030153
-11.924091553280979
-14.78062211996955
-2.1595065508149762
-8.439222557992016
-10.092207593848299
-19.305249090001677
-22.20717586233757
-16.01443807847285
-23.158637106773064
-8.445815942881449
-19.532781873820355
-12.761997815519495
-3.575722962484201
-4.204087338507418
-2.3976821438685794
-11.83380292855979
-2.5012835051870197
-1.9741930643525045
-11.861809953581295
-9.402664856629336
-6.183133212278599
-3.1965159157487415
-3.9757830136599526
-6.382551997154524
-16.87323143142987
-11.000007348952868
-11.842576145568941
-3.52561272007498
-7.703907538310389
-22.605735268901142
-7.6161263836584485
-7.259456778948915
-9.416821881403912
-19.58329310134591
-72.08615011850945
-36.424176720430395
-7.454308285019697
-19.964080229864717
-15.734515331260521
-2.7946323929581
-29.059566740839927
-17.52494432818234
-12.726147233897073
-5.302572047811009
-2.9376886124797448
-6.2738550251193725
-6.380338029336348
-20.21801834315613
-19.60464436799716
-3.6019222553190344
-22.562778950937492
-22.90548077869276
-23.56717114512162
-26.54245396901553
-10.54647614332033
-8.973960710737654
-7.5580708159120435
-37.947067483761984
-36.67320020590219
-8.153824839816206
-10.72527724031658
-11.411906648186225
-9.603348458193707
-11.083776411908227
-2.49189493457343
-6.314562712340701
-5.125574745941174
-4.002491579121479
-18.211598293384686
-8.092280127024354
-17.56218625472651
-16.052565143002354
-34.305687831721734
1.43066875405799
-7.586090456660994
-10.780542080695309
-1.9742905466542076
-9.19946810185076
-4.773339733715173
-4.723878016875215
-18.52763715045889
-8.62808545235883
-6.8836275308252945
-15.232644499882632
-11.944279557245299
-17.099033641970177
-5.938770601951025
-16.95883539021019
-8.488693325331676
-1.8915784309766563
-18.03337075152703
-9.087881946870732
-27.341954429603035
-11.449022576236269
-10.249288900409562
-10.520677977835483
-20.590822669545556
0.32677805790791187
-5.344951481255254
-9.18615408547809
-22.037292445910268
-58.57725587377218
-28.22245055811533
-12.343140506023252
-18.565752335016295
-3.6862427154917823
-4.020559676208777
-8.871470652412025
-1.7230987580671915
-34.453147776726034
-11.865755549726432
-8.766239599206376
-41.97375402344852
-13.711108705189279
-6.738496673506072
-5.44301534887818
-2.920854392288782
-74.65746739973922
-4.596828381129702
-14.783803617444637
-10.8700304995843
-5.2015519432603625
-12.346072165688023
-7.09565278189208
-2.0883796698993975
-15.553754117156643
-5.705153562589374
-74.92840945268452
-67.76910390082506
-41.13939435843058
-3.3981440590024814
-17.316466996869746
-28.70026782178662
-21.99285438250629
-3.4832639465360917
-36.81604117306176
-4.468860085648436
-6.0978563163094295
-10.525280134914805
-7.124947073044103
-25.762841237209834
-27.764128278184582
-14.4874973168849
-9.116552385973101
-38.88253351943397
-6.421906390910058
-46.78538195380824
-53.65707874578721
-71.56315800317945
-61.26619776622572
-30.680579272177535
-8.258457169577547
-6.088492852662666
-11.268163667268029
-1.438760074599098
-19.185918080653234
-10.249830117405626
-7.947165648614067
-25.355224766014214
-2.752856208071369
-24.127824507919428
-4.8925861594767985
-14.901667068924189
-12.006260844376929
-63.62932409944832
-20.38544028840011
-28.188960997644656
-14.151213453417512
-7.078707172584664
-4.16992368419907
-2.049446903557476
-2.6231638438277995
-3.747602150874036
-12.154451411624311
-6.09563684539108
-7.767227605472472
-4.63632282698305
-2.9845995508172964
-7.429854644714557
-9.083536178111633
-1.9602028386575159
-14.128360151003623
-39.752409285865824
-8.148699689106538
-10.592760317314882
-14.434046284058676
-25.685508642926926
-9.228032686347998
-1.2668334167974005
-7.775069319458133
-4.620560531051872
-4.831985261021702
-40.96340232423137
-4.054098209792345
-4.5084352958114815
-56.86280864350702
-36.505175219245245
-9.482432686585565
-5.5230450548475485
-4.1660156279297835
-6.763482469869768
-21.66428301757655
-9.018539474222946
-43.93958847867009
-27.410190410790236
-9.25254393830235
-2.8591070302244295
-28.027057370818053
-2.9377524350033757
-3.768155897435487
-6.163454849185336
-35.22946379148451
-2.681718456522394
-6.800417363201639
-17.9264988525263
-8.624042294804545
-49.19727014057644
-11.349774390791477
-28.748302694740932
-8.571167538750375
-13.503589953517379
-2.6265526407583
-6.975947309445976
-10.177405331675706
-4.644537356558195
-26.782319166596857
-28.059482464479782
-1.9818312610892002
-9.755771410032928
-61.30554745783229
-4.445340297191379
-36.87201317510873
-7.46537134812802
-51.22734125813423
-36.84213014056195
-2.5168001577982246
-0.08007373300093908
-4.098893807114952
-4.280857069270759
-3.8582348617863516
-5.629124981789269
-9.46756928728323
-21.511755563033812
-8.062834161018205
-46.44050014963183
-6.3728296968772735
-17.02255820735247
-28.203098413291105
-20.084924429007017
-26.04329169935953
-41.259275223403634
-0.5549281048500588
-14.57954402118557
-6.176960361074791
-27.21105545800651
-4.68758679760485
-13.202221248321761
-6.971784637204743
-71.3343245118015
-15.423768608937475
-11.676516463286623
-50.0257419683771
-18.59448105445438
-20.512233625281805
-4.267459444910317
-29.55159212782777
-10.469776138169097
-4.115024977075782
-28.18174472158368
-17.961908163268568
-14.337119406702378
-8.18475999985055
-34.237402241444194
-6.8924925397555965
-3.482447085260881
-30.47915324257825
-4.353670545092161
-7.445660945071156
-16.57569691244913
-4.416064182155654
-22.82912047391916
-6.275294669062779
-8.740682853344358
-4.775083100110983
-39.38782407366938
-4.747493414696025
-44.372736425654765
-44.70313843853307
-15.205864043974266
-18.675144771931777
-1.0965298246646225
-14.343698625630685
-4.6234818648498495
-18.029536310315933
-18.728959376738782
-20.200134958474752
-9.593116497354881
-6.504477337679991
-69.69098048637643
-15.094976784763043
-7.696022425952301
-4.887717385497901
-5.240737806524223
-5.857957269526886
-14.918740075050806
-0.13666449254024826
-13.060279375321015
-13.909710574905953
-7.229773191306903
-22.8430569367217
-6.573263260358021
-14.85349786824274
-116.42191233480585
-9.268592190569928
-8.908859560095527
-4.874039418439118
-12.884792304187249
-15.592658887159136
-26.363698930531985
-29.09969673299577
-13.068031280809782
-24.709035278819552
-14.806735227334697
-11.364395242888047
-36.26310004436754
-2.601693938621014
-58.467423850468755
-11.433626650781587
-10.953637172362397
-11.68599858060855
-76.14841429036073
-29.78971640104585
-8.73434077065736
-3.4710260307593677
-9.908538805988806
-4.86331670086174
-0.029206661080639813
-6.505343822841958
-21.10392724494864
-7.60237243796542
-12.650716251051328
-1.2872942479806413
-8.954673415941961
-20.325124940532078
-4.4091710394446855
-3.9845318762898887
-39.934313809315064
-5.315307880710217
-67.67725241140853
-11.683510262271701
-29.60923270531341
-8.274077980712457
-21.910051459456703
-16.361116335311845
-6.601673258867266
-42.60219016877035
-34.537587633701825
-3.8402317968749653
-48.21888700739257
-2.466997779958357
-7.794485671330476
-12.235404647858093
-40.995002464606856
-60.32913651130457
-2.6899029343877663
-10.800026697085992
-15.688106198489054
-9.474778691548924
-10.776207121810392
-26.50366048105303
-11.025027631118133
-4.767325361298773
-6.299512617705247
-17.877085800140588
-19.723133497135922
-9.71594172840832
-0.9404852713071139
-51.746523332675565
-14.441972719320843
-1.4647202342655756
-18.707856434094644
-7.94967210391517
-22.785653180184113
-22.67513023281957
-6.947243537737593
-3.8662486622541734
-23.78561780443326
-57.033295187208864
-7.576369195429997
-2.660853425096678
-32.979287103754395
-17.103412639354058
-25.348567262990006
0.4859104501170458
-5.147003195403877
-13.777014411343837
-12.655645869857
-20.73963512461178
-10.246945011907144
-32.98097417276757
-16.97548327554887
-17.48967023858994
-49.292870663367566
-4.543542524421036
-12.404815318859201
-15.535660914334317
-70.49699744412752
-22.574347642577855
-2.2404490357071873
-6.665847911504291
-4.848101092887125
-1.3461361760114046
-1.3343772456025094
-15.749667033147329
-29.961083540776347
-7.8825250535661056
-60.95705277708884
-7.583430964139902
-50.95821926648179
-1.2093076241901888
-14.22149484820778
-6.395116823708649
-11.639948736345586
-5.451698068642541
-36.488906392422706
-4.415892812324827
-49.798230958268626
-3.6283504953923225
-8.913285197822644
-8.065805938090413
-28.123220548530416
-28.726441231711803
-18.20551554015444
-11.726062834616416
-24.42448116429265
-23.507915266780973
-10.414173741327557
-9.952221482314442
-30.52942057768797
-20.426081864981615
-21.456966706407965
-33.53355477003112
-7.186409254574585
-6.177812332851453
-3.805416996841692
-7.604580935959721
-89.64959149238149
-17.535038488280364
-27.21198413512692
-4.101846218858155
-24.640678690431244
-19.45113022623437
-19.536055594045358
-16.6881323585582
-22.157151418826885
-16.621055380204524
-2.4517799582363424
-9.670198583967169
-11.225877152299757
-10.501472633877983
-19.35951316053828
-5.801418120164137
-13.54569145226617
-90.00684700103042
-7.521112183394805
-11.652364905320558
-24.494113844039013
-25.06562660858593
-34.257456282624474
-17.98559584431531
-9.701737493875289
-30.021455777315563
-50.9943269222852
-8.632508076776253
-5.072659293202905
-11.972474251709693
-11.520798800613356
-5.274269883327026
-5.205138748116361
-7.807362839764853
-11.191821058769271
-3.0794866044376543
-104.8413629057593
-25.513322442751825
-4.9760789100409255
-53.41134103793158
-10.094994971706292
-9.426199939954383
-8.359548108588935
-19.91143752653196
-64.78186673761756
-12.455143852794382
-29.160029925198543
-3.6040073607752663
-39.516375834313024
-3.890463376966714
-4.913279237694789
-22.762261704041734
-41.28575030527369
-45.972415418473574
-6.425576860747749
-1.9636063641723678
-8.388676086987083
-68.57393638946779
-2.2404490357071873
-12.638147133629293
-11.097006815695833
-20.969283413765602
-4.467710308590588
-67.94918134930448
-2.191279383842551
-10.283324297994833
-7.7072169108738064
-64.79753231762814
-8.99807242879087
-23.05885905692925
-1.5689240833805074
-8.669702821863831
-17.293263610372197
-7.862258347397183
-12.112868080854545
-1.07137948872475
-25.5963947223106
-10.791568008563484
-29.30004271996767
-5.70034059060724
-6.034272812615781
-48.88764461880589
-29.937567123538294
-20.040173543781645
-1.5565677775697708
-8.100705919886456
-18.323511525274984
-19.9092162475415
-0.43438524607068507
-3.856931006698681
-8.46162221971714
-3.386417914705291
-9.015174930258947
-25.13065405062625
-30.481478083358976
-15.962602552607299
-6.167316424627719
-42.664175341562675
-27.861469685069906
-3.7945777678934944
-25.162600452479285
-33.41419032247271
-39.25592751338845
-9.14190895743584
-29.537438922014903
-10.786047105968931
-14.325572119898032
-10.956576580201183
-32.879351175820176
-27.857103511217847
-5.361120475875094
-48.47157760583461
-16.51653507308977
-2.0409503922392096
-15.261029099228308
-4.847111561593171
-23.521961093322847
-7.4683541104365165
-6.7381234974489095
-7.7888971979090975
-9.947850187566141
-11.553174091845271
-6.328252037096516
-0.6004568719261699
-8.627458295553652
-6.732495513760081
-5.0674394749036376
-15.789513755887672
-11.121267428042778
-41.601536662514775
-8.608817836146189
-16.73354089233934
-25.684624982490064
-33.423510665121356
-16.226550957038967
-25.641265440132123
-17.000686104607887
-9.411428814998006
-3.627140684494915
-6.722552175828266
-2.2046273047316927
-4.977609227364577
-6.402056071460292
-9.060916467396614
-9.717174236127201
-8.75438246362137
-7.174037068189013
-10.018272037803966
-34.817061382270346
-3.5519685156515775
-4.8672763860449475
-3.242036569783809
-4.760199166788793
-30.92969645002445
-17.10762218537453
-29.07177574418386
-0.6858939144168708
-7.888846225388676
-6.672647432980149
-11.31726286115065
-10.370941936198909
-4.02822721613352
-20.17592468597908
-14.73740783205254
-1.4630557428108966
-2.0060168834580856
-23.022998244909957
-1.223915568416192
-38.944051145536115
-38.09837177107612
-2.2213735613591714
-10.131956865542946
-16.801198831478317
-31.1654854933139
-4.510877707476056
-15.397182729211535
-4.09863368085996
-14.369584298341655
-24.80374658977714
-25.290839483429195
-5.106967858367254
-5.3274211750148375
-11.110640950631398
-24.75222085018042
-64.42979851168603
-5.2265139718641835
-29.541091691469685
-0.8778629673035987
-6.940491585883866
-22.02584524313284
-20.35528785706544
-13.705014422766201
-6.467152962662873
0.5495659652770162
-10.165143625744957
-4.105285801474971
-6.137347683923691
-3.4968026998874873
-4.643901371310485
-10.176172849369605
-21.422382368215008
-4.044398795474096
-7.120042472525315
-147.61401919586362
-39.607552747965876
-2.9834386007609695
-3.4123727210180097
-1.8983832110749386
-11.024028439760588
-0.5517637588424306
-22.15807120414087
-16.39536261446979
-43.66598751360684
-2.4160159497570106
-4.505505523089769
-3.072748545892828
-29.709281353419794
-20.195005123951137
-5.009142726808896
-6.886504178047957
-4.3704037333871515
-7.897781902881621
-11.752343907493822
-3.2932674877116286
-11.01563249249786
-6.789186806562916
-6.4682567558576975
-35.785597637853385
-15.424120994115093
-96.82666942720991
-13.016260455667341
-11.64298141103003
-15.161732899407378
-2.3257563903557634
-18.720898449827548
-7.928441514819595
-10.760861849892436
-3.9522286391920556
-17.380735302338906
-25.702208495197887
-1.839636465944371
-67.3843103860195
-3.8553308648803335
-8.244982308904978
-2.6007759716301813
-12.887836427123771
-6.943884538385064
-50.2613079082671
-3.652181125453041
-3.4497139430607104
-44.36647148034256
-14.135404057603132
-28.44829347488113
-15.550857218381646
-2.7915952659703556
-20.011316698175772
-8.036215347271362
-3.287006429447445
-35.29412498565215
-34.19626617986542
-13.56968354776892
-5.689279284750181
-2.3042779226141854
-22.47275276362919
-78.84317855872573
-2.6007759716301813
-10.528831842949568
-18.217895762145737
-24.366559603205246
-9.88352877708286
-12.536542525131987
-1.5361326348358593
-3.8467440399288724
-8.53416446922175
-8.794235787894115
-14.062847074529403
-34.36011512064145
-14.132410502254354
-48.18317795738156
-17.356125804087526
-8.86770235731821
-13.878295871670545
-76.82743084014659
-5.094871592493743
-8.573326222338594
-8.602608098058038
-8.880157964930845
-15.577134040915245
-7.912176342428783
-4.0743828985332575
-11.2125394822445
-19.743306188232825
-18.685466380124982
-8.598596833548854
-35.07178390740906
-9.211767624895392
-7.0204171873689445
-14.677794766854976
-12.57710057132767
-10.389553832768923
-3.9755964818604728
-2.979103948238613
-2.681718456522394
-43.21323405787283
-15.258482080168385
-10.282585754518866
