-25.492185245916758
-9.339827085016521
-51.09993407656957
-15.51114186347854
-17.791711098880377
-4.541264987524799
-12.860313308421597
-7.1122752069394855
-19.868174520862226
-1.997267011032141
-24.009096920129352
-18.943912507064105
-13.125310399061142
-28.03216330312923
-18.828189708082288
-49.66716761624075
-16.737979184918196
-27.068908324136284
-17.50967794521859
-7.99124440034241
-58.74086381086431
-16.934041134210986
-22.241031053101576
-8.511727514356496
-9.249264962875234
-69.66523835695105
-1.2440945063872804
-13.64449394194949
-77.36427031131649
-57.062549009494845
-10.19589810194931
-4.750714445714228
-13.256837757054333
-13.112040527308364
-15.697033300654809
-26.490191780159673
-9.717595975880455
-6.642412946121422
-26.125931394440077
-13.759106537793384
-23.330528641155542
-4.442427904344201
-6.802474227123216
-72.12275584118142
-9.781916303548938
-14.716049464274874
-3.8564871355593575
-12.465486773877256
-30.500108937706376
-2.406636731262563
-9.928960727594186
-13.154195139227525
-11.318090032297363
-19.90618718297607
-20.90121597303251
-12.465723356914296
-33.84032852282832
-9.047105681948251
-9.096655146538085
-10.314867596270478
-4.6795049734085294
-8.609740278175895
-21.65571070652197
-4.482439944903479
-51.66586836219159
-8.57549986938407
-1.1025932598952708
-37.11372996662231
-2.568922231573054
-5.403766019606601
-13.010106004210371
-27.170420905318824
-30.399838890775353
-9.06106381884403
-14.045226529318084
-4.780378909654706
-8.903004323029588
-5.023192687926069
-4.460164081686683
-18.25435720019101
-7.842885220625553
-26.956985066191606
-8.486011404636148
-7.980260277332802
-16.578999416476123
-8.562430200799794
-17.235235005732722
-14.74842099307747
-13.941370808314774
-13.983370626258411
-21.773320485959747
-3.028193180921955
-0.9767420728289492
-3.202188905892213
-19.995790589797508
-7.231538736690448
-8.463334435653476
-7.077100137012622
-26.415981444197154
-11.420758703712787
-5.933914859962764
-11.147925489385784
-8.730119622184624
-7.320943707573881
-1.6894112929817229
-34.652134387788166
-3.9829910610463424
-7.772636777577079
-22.04539019925175
-13.002195961385125
-16.479561243679665
-5.204653701074046
-28.226614928676046
-82.18960668165491
-0.38655013194823307
-4.5636340799770645
-6.310443814862234
-6.083419068439925
-26.389637631061373
-13.622166759813792
-2.976984343361939
-14.28154905160677
-22.585577873589642
-14.594899099128348
-18.131418741849153
-23.637477470622677
-8.306100172102374
-11.583132153300658
-3.1730719699273697
-44.980458894491015
-9.687484144541955
-4.159726508420923
-46.27608391037201
-6.367074706432167
-26.77534568138172
-17.623668172367665
-36.025675250830474
-7.569244378893649
-5.214531771993219
-11.19782334478039
-14.761152484230825
-14.227031828937175
-7.1393507472210045
-57.887528166767055
-9.877462828216988
-6.9631852432025845
-5.020499734067142
-38.98271860934175
-6.200296750789555
-3.7253190049909155
-24.7296202368566
-11.232351996774643
-0.6308915373258074
-15.352363003321642
-33.31080850827199
-10.49291672480398
-5.360152146992381
-29.273140169266124
-18.212836829813593
-28.328574005051497
-40.192112738213694
-1.9497601749482196
-32.93009283850724
-57.67835434816429
-9.270225706512157
-4.474995064665818
-58.62085179034884
-23.82278421050767
-6.05757024211984
-9.83387764000068
-32.704133615484196
-9.661776271820946
-32.74716587832276
-10.554996189065402
-19.948107128709296
-17.13197972931588
-58.3486123625876
-23.025868489129927
-16.65247933340833
-53.874081283733815
-50.15183712723965
-5.751855623674011
-4.366834472774585
-49.291544670398395
-11.32153825534091
-21.660247249205128
-6.09735964612824
-9.154489829640228
-9.104280638034272
-5.83809219559225
-4.547893244615307
-71.44501844056775
-6.371790617193835
-19.83755989703294
-35.53714260549471
-3.050414034335633
-13.762936187888776
-17.471594209536327
-14.77850625359107
-11.363915395746584
-15.804520751405851
-21.74963572041736
-1.1610443801773476
-8.35691637289163
-24.771957614885523
-12.377557505345896
-4.9999186714248145
-19.11980449765107
-14.57801499566339
-58.87729278747121
-6.851423768596048
-17.53788274163723
-2.2453196509468043
-4.2700131725685
-5.2333571308402
-4.994881038140016
-4.43523404801547
-0.6956244053765941
-5.306856321061627
-4.847263073455518
-8.616872760810407
-15.018722296508319
-11.77023812081882
-11.224540262521375
0.7557616460643175
-6.511358839507267
-39.19116582328965
-12.942900399281546
-3.6696892323187718
-14.827394189752658
-9.496711995332753
-3.7836473641513604
-32.169178831575444
-8.165647226050071
-8.356754083774604
-27.778456907968476
-4.2919697744571454
-33.88685369356123
-17.66351940934186
-5.675392514579092
-15.901775851308505
-40.22410908809485
-15.39202416461593
-3.388398241403905
-19.945615302863875
-28.097348064397554
-17.835735103251086
-5.581069829114007
-0.9385454374724685
-55.46448972014746
-20.57782126189144
-7.650908305314644
-4.439990941826677
-9.79850475103865
-8.306594314285714
-13.514422145607487
-7.594497995705777
-8.929276917187014
-6.744179223887575
-4.266973655227526
-9.535993842292063
-5.177588223881195
-20.739817081284087
-4.72037612102525
-11.112879645255255
-105.46494372966771
-17.277665953492804
-15.45945192537159
-5.669198183847827
-10.340417588361412
-21.08527126881874
-35.06571607384069
-10.634320158875184
-3.2204936790679226
-9.063284275979179
-26.644017622522487
-13.593960684252638
-16.380123472274555
-13.60331153053999
-29.361993449425057
-24.387115704411904
-10.733096316759035
-6.67062946626753
-13.435577782404295
-35.535200073969136
-4.538422961643561
-14.905633262935373
-10.957523549209178
-12.363412233738096
-23.95669769910995
-5.509636552476847
-1.8614832669698211
-5.396993273612516
-4.770351120889403
-16.555310660145178
-13.653798863981615
-10.85997683879204
-23.00601443286323
-1.9251239029297686
-13.834702933094537
2.481036604889635
-19.171775065587337
-45.41766859308554
-11.911908378227386
-37.08854965444489
-5.20646870205384
-21.103275841549824
-4.192549509729768
-11.095146779911651
-5.4915553884276
-15.407143637744616
-6.3063734705200005
-10.172176381722009
-3.9973805770313424
-25.097374723434115
-77.10860423056579
-5.152240599798547
-55.549927956283746
-8.008366665510144
-14.83651745313537
-8.73212778680548
-9.896995480156875
-6.597725110543843
-26.116832837636153
-16.905328804617877
-12.565254649147434
-1.2398829764064525
-23.505885473465298
-5.051445576922208
-61.310988714869865
-84.28984377791573
-7.396220539661593
-7.278707294207301
-6.415264327619793
-14.775787000990652
-25.40460798685116
-21.343888560098318
-3.709975357992001
-16.527582790149452
-15.019077846983805
-19.105190324512755
-23.801883311307297
-19.007528138134028
-3.167697367710679
-36.448922817945174
-27.671658525960098
-18.854552348670293
-9.669804258726437
-35.75904823765545
-32.8378031773853
-13.205194150129065
-7.266921978921495
-11.145856782968373
-24.743140607060493
-8.065389112438162
-12.730329842355061
-7.099190626215749
-6.037685624666982
-7.861968717769027
-32.01954184575555
-22.46124970933713
-2.5974139035172032
-3.1980996255645566
-7.592224990541646
-14.343253496168028
-41.87344048242831
-5.40633937617098
-4.928804657070699
-33.99507480120187
-3.775776248692921
-18.39942763636222
-6.3569045211336075
2.0764542811224342
-18.431822805669558
-4.520805937399776
-56.065008847712484
-25.16291504686769
-32.41393489069411
-49.0880757819867
-35.25996395850168
-16.82950307261527
-14.222116576099648
-15.74540913079253
-7.180416623592572
-24.157885787533846
-34.686968326336086
-75.63884898380786
-15.356618053574705
-12.50031936990254
-10.758749088428095
-15.80068991976725
-12.79217189760976
-3.6073318468009874
-11.02353011037387
-7.098202304671756
-22.571449759786887
-22.208881988151905
-10.699334934360678
-20.828353093614144
-6.448324691160495
-4.871691700565132
-9.82877139413848
-15.698633559165133
-33.740314035815956
-12.290800568911873
-13.977704902353594
-13.855460725801093
-13.89124523163259
-14.276519890038179
-6.005349671607351
-5.992599888637871
-10.012389880184537
-25.467352662254168
-21.58591972982085
-17.23835539998014
-32.0249493100486
-13.571852194743743
-24.36626838233149
-11.634256292681062
-28.92956800385426
-10.887632622078469
6.469883504516929
-10.29922984091082
-48.30606050255324
-9.31653267909781
-28.493154117222893
-7.021965725276476
-20.82622777392233
-17.46701458087751
-12.965657243637732
-14.127897520238292
-18.590735473939684
-1.3554502311329995
-12.499937989296791
-15.505482425028491
-11.146630868319534
-62.43996887420441
-21.680074676619917
-16.70561622107475
-32.837127662910845
-9.92882931047723
-4.643283193428752
-8.959128516101863
-16.109371300345064
-11.840076147200914
-21.87878600446841
-26.076655174674237
-58.424476542730226
-13.879464530778268
-15.303271179418743
-47.49611320635891
-34.27140141376489
-14.99474418323276
-2.1262708081054034
-33.303111543743796
-7.307089192033427
-7.852958834481896
-13.540668247879319
-19.948783876503647
-8.562743099716975
-38.23364602509882
-4.7173245633585985
-21.756949216368753
-16.805184614733548
-7.122269792755194
-6.785713112691511
-30.485857878153446
-9.41979255815709
-36.492111869966614
-23.016239016754138
-23.02669394897494
-8.358752447626914
-12.002150111457702
-1.4522195722608633
-15.22910614307195
-31.89535996279316
-9.727737394015191
-39.23467378949982
-3.0297789239502837
-28.527948386312815
-5.226241769937869
-53.86424591890276
-5.249063508283099
-9.097377065423847
-6.293522094978149
-5.433962043297434
-32.329572439136555
-8.317610175576108
-24.11037441336073
-16.756832334633387
-14.442369307691115
-11.686701319580608
-9.73026130900964
-5.780089899174721
-33.43045538102681
-5.890683949354551
-8.386999266660588
-4.623724543245257
-40.191828775977804
-8.726935508109667
-10.290288996342767
-12.455534209458186
-10.805074619522761
-19.845261975844718
-10.298274878933807
-23.191965650241006
-67.3373368782086
-8.30755533366892
-4.281704498841367
-10.099587098161
-39.161465319849086
-22.32387646528476
-12.473188262207827
-27.6202246612536
-1.1705418754065702
-91.0238236984448
-34.98968102157564
-15.722830606452138
-21.89917535177099
-6.400554305949737
-24.57640545169456
-21.84635922899467
-28.736967982738594
-69.39855625728168
-6.229364845734403
-6.913654952091249
-5.875831625951856
-9.943465292511409
-74.43814962060478
-5.14451838549977
-40.99681101245245
-6.205832391125721
-18.886712997209575
-5.448695115059104
-16.08416192048746
-19.86915448242639
-20.026189975925586
-39.691052256463735
-3.893071158378218
-27.120378302762987
-7.436679472924752
-3.999852039381636
-29.25092821107355
-4.785519758869041
-45.64662972688373
-22.81475844087004
-32.31414706457087
-3.545983882830588
-20.634802634836483
-40.96779469488436
-15.472137997713759
-45.45845840840103
-1.1692736070368581
-36.35083684552952
-47.505584734464364
-50.48229729705607
-44.57179576909421
-25.044254817312837
-21.181438137731924
-4.2210317877192605
-16.056064246116772
-39.153127926170484
-31.906045735920415
-7.275095567550819
-22.846641724923384
-14.55326827449652
-8.230854595344224
-10.55313409128059
-3.892159541157969
-51.36741041048172
-8.847376976565295
-9.72778592991074
-40.37395432961391
-14.289331291871386
-4.304712326919857
-51.34653804651191
-18.541210588895797
-8.353387153153585
-7.5076335080812555
-41.0803750869071
-13.49591694498207
-3.277470538844428
-10.250467160860818
-11.828238994513107
-30.10244150051271
-58.6483605907547
-6.292471392235642
-14.121719643682788
-25.29985169127793
4.112349852290082
-9.296517366741446
-11.055016380184533
-56.620240073336376
-5.112359633722144
-90.88185829009947
-6.040127576986725
-11.133076586671319
-14.116044348966634
0.02343483755039277
-84.94398982604083
-26.38590001272956
-24.637121717479108
-3.6831510566016594
-15.388480926089127
-18.108414281713813
-53.113483900344995
-9.775309591945799
-4.620139221627544
-6.558745076979799
-5.565696601969186
-101.15400813061851
-6.250626903228924
-5.758200325491825
-17.954792817052738
-42.16281451141128
-6.071211117218368
-30.88551073096294
-9.918672804229018
-29.328106242442047
-8.207486630325013
-4.295879027509334
-2.4921395843876657
-10.76596245765517
-4.816459696360846
-12.508838053189017
-60.23779689856749
-11.944405320479543
-13.742582395074168
-20.18686953629678
-4.67661704426585
-43.58412207713824
-8.989702476085931
-7.052144148471427
-6.208595585562303
-9.62251965242586
-19.849037903384996
-9.663266213260867
-125.59901463202372
-40.24014848930732
-61.989256784542825
-17.630539430466623
-2.347412812622574
-11.062325368531745
-35.539565459445036
-13.71312106993631
-15.735591038431187
-14.587914575383214
-36.05390354026092
-35.26793613060687
-6.297098599160148
-24.299864483103207
-92.36880808464484
-3.9363227272037213
-6.140506620998057
-9.976984672867856
0.7231095837670509
-14.45029332358275
-5.697546320109192
-40.87483524238548
-40.20749587268476
-17.81765398787575
-6.347631137710336
-17.816567439695753
-26.535324470256022
-26.37003076388979
-18.768660345696308
-26.735532831193268
-10.914707047089356
-10.369077322813768
-50.359557455974006
-14.825346354592552
-23.354960057730032
-1.2398829764064525
-6.0997685388265905
-23.266008150687306
-2.670003890648081
-5.840647978530464
-5.055070675292167
-29.321793944336655
-79.41569758358112
-12.461114944689456
-34.80086545491369
-15.668954975538663
-16.511526296952344
-43.62914561203869
-7.107375274941971
-12.362511224480265
-46.02685459344694
-58.87176933773782
-4.476743439487719
-2.5974139035172032
-24.527482769745564
-22.52966409184268
-7.9551108596593
-9.148963679423563
-4.885306571136096
-24.02284024249871
-68.64865286689222
-27.125099838391257
-8.913255410347308
-4.613383201448498
-7.487491296409146
-7.066289933398205
-7.214475585046166
-7.742603322995883
-1.6506018057542269
-6.661911940975075
-16.507440720756733
-17.719611753680212
0.765193929276405
-4.037140510504935
-6.408971645036502
-4.693697871812168
-4.167868410591341
-13.473972282754724
-3.1207343564234673
-17.82610719124734
-8.58790526190538
-21.434799708709974
-5.846336098185681
-27.50828361625823
-4.646118697980579
-3.8594129426735866
-26.88062770923379
-33.192422058186494
-70.18977740574057
-17.761176859642557
-2.003757918932006
-5.556063795685325
-8.661338985994709
-37.43638587367078
-17.41519126209427
-3.9117307472253544
-5.291373159678228
-62.186417755482864
-6.77421747775525
-3.7588421918503414
-8.597372787698724
-123.9673226850923
-41.57199957566156
-22.047255193874868
-7.661395927623282
-20.45101687029241
-6.1450541141935835
0.8920324938540528
-8.461254308545293
-39.48790570733893
-13.362162141610277
-10.486896431074753
-26.746089910303652
-38.51397431751366
-11.953799705696248
-18.41682755734771
-8.727320531010978
-4.458528950327222
-11.036933269772062
-16.701436976247443
-13.007750518180845
-3.5404508708932805
-21.137378379285654
-17.193488849350885
-9.192272046584275
-13.437389882484885
-11.594602807797456
-0.661073901027046
-35.55466913610417
-25.454378521664896
-10.845031565212947
-5.142083719460883
-4.30344385562045
-4.930684891457741
-5.528634908652042
-95.98601359566538
-4.711217618418604
-6.01204998650901
-33.77850454053417
-16.181591709232006
-11.79671264672392
-2.817914526223939
-25.57601149139114
-4.7082290047042
-68.80570495037595
-55.677117884095985
-14.795149827403044
-5.41042650272156
-68.280622712847
-4.9039844703205135
-31.335210655388703
-76.51381470948574
-42.2078004300763
-12.550580684039204
-31.23097607417902
-14.108489626230616
-29.86670936942042
-60.63800786857937
-32.24968712126693
-8.956464362568601
-21.77773186874489
-16.217787371913566
-9.74696470110464
-29.09622343560998
-21.680321204049125
-13.29174135610957
-15.522653167715669
-6.226378730381474
-9.431052887737522
-10.55827889633906
-11.07672649256494
-4.159817322544372
-5.508017730188979
-25.43186457442367
-17.602546770233644
-47.251295819581046
-0.9052307630289353
-15.634653914454809
-8.651393732345873
-7.070125628757384
-4.047088255315049
-7.219377039211645
-25.808634243741356
-2.1481393158914357
-12.236642574480129
-26.071729633197403
-4.62413824887928
-2.859010893832084
-5.669139600523288
-25.113657893967538
-6.815973967838926
-56.089055491337085
-3.6300814039244704
-48.13749654899401
-9.868042380461743
-7.171612591711135
-30.573373850978637
-43.406906827292055
-28.61982149797464
-55.30099501100372
-16.312862742078096
-7.955089665846347
-16.19123066585147
-9.188734168062338
-22.18545585955616
-18.904001993173562
-23.243278070150637
-34.999526725881964
-34.281375290734324
-26.238374653378692
-29.959969076775728
-11.434458830021889
-7.173619944645046
-16.775029003962747
-3.981069773120515
-29.203013210773452
-15.72388108373251
-4.995451008617275
-11.616544345959205
-20.417614002763255
-17.184042776374095
-3.5946922736572016
-4.944771130643193
-14.41212433681724
-96.76797490016011
-4.279250472267731
-4.429394736786267
-3.1007039423041216
-43.371323129590884
-24.78252004555527
-10.33815884590477
-11.244673975185535
-19.58042420221278
-52.09350685025055
-3.6367133003956185
-16.32709281499288
-18.04517545617847
-16.61200501519391
-5.823688600128789
-10.611755078646517
-2.688287367505908
-22.362190752712923
-26.745535885642003
-8.249171415742829
-12.678929344291323
-18.38276716504483
-10.629148936233427
-8.886511014337863
-20.40628331685691
-22.42423333845423
-19.39692752005882
-40.067625009804665
-52.34296181348437
-11.78127641491581
-4.46698264137432
-13.378149057724466
-17.183722421245683
-7.666400185456912
-9.091103422511477
-17.32585487640166
-8.26294049974696
-12.791214809999353
-6.397266913997873
-38.23483598025292
-11.877175395970056
-12.674591444867193
-20.968106077256685
-4.915961000326004
-10.384948762005635
-41.73312652126097
-40.02214467184214
-13.428646425067093
-4.330406597858644
-10.674314290076977
-10.778495914389179
-1.740727064140097
-11.690626882879682
-10.831862371896243
-18.090558018150322
-19.654486500177885
-11.443540000590191
-4.672886447407296
-16.14719036126998
-3.632610038280195
-5.743971450290632
-9.542066709691028
-4.721524321368461
-9.786192900596099
-13.182121543159774
-26.458348705980825
-5.350198192756335
-64.89051533139596
-95.23867226662951
-3.289411299947093
-23.336886054657562
-6.362373482726391
-100.8119669038306
-4.121953332054818
-25.157362302803033
-26.804059265473317
-53.75227052296998
-7.809015428559002
-12.200779948990798
-17.332797589471447
-39.00558847680558
-27.341954429603035
-25.489559630865507
-14.108737994814394
-2.4831502285311102
-3.291924835327061
-42.01245644920309
-26.32169196139488
-18.57962381167719
-14.691868838145767
-7.190604586476262
4.655526001904782
-7.755729627441443
-15.549049868600221
-32.01915139608759
-12.716209809163985
-9.124478851155711
-11.82394229584672
-8.211495318660234
-20.627614542175436
-4.379547523344935
-12.844479739951716
-9.836188253391308
-6.3668577852286825
-12.711824334895605
-4.742227751788504
-0.03934428351190911
-21.512134509549693
-5.314941029573759
3.007802098016617
-13.65497868778354
-4.6412612642693025
-16.937266662340054
-2.459192231227667
-24.764872515233865
-30.452993057894783
-3.2299312532748274
-38.2619539605756
-47.707964031951015
-2.6101929122179013
-3.2507737576604794
-10.172065705405439
-22.74804534076905
-19.293757232486854
-14.712873010847494
-9.209557974140656
-4.090639669711473
-19.758235086839164
-19.709713595486992
-11.074514163309548
-4.335353808527187
-15.190683189641868
-14.517385160911639
2.53736854698508
-25.216639536158702
-7.960495570678329
11.384494183373477
-31.002658449094202
-10.689516779024883
-7.047562873804
-8.740985643308807
-13.999310573315366
-11.303541316583587
-39.65101526451879
-7.980938267131443
2.9228477152121948
-8.38488092237458
-53.48461058313908
-26.579143167526894
-5.264497429604831
-13.952935186606942
-10.482729617144019
-36.87738611523595
-9.511511988626363
-4.813849398779853
-10.333944474562136
-18.163866534387065
-14.558573711707162
-20.69728564195564
-5.699814760904698
-7.761209465295782
-34.093310429246024
-9.362490580321436
-8.435699458484924
-3.4242023875517034
-27.008798480849002
-4.053502847524645
-16.14346517261962
-9.307380441347355
-13.781271451280041
-17.889465808804513
-20.324700067184875
-7.624994497566358
-6.143376139932023
-42.242403360297736
-19.065956820847745
-21.869207789091767
-4.3996019974197855
-11.383367867294636
-23.583950335597727
-19.45979331714269
-21.546178557541893
-9.129787861315236
-23.087607289023463
-31.74769073782037
-12.153912796035536
-47.71786047420405
-11.273946426914968
-6.096926945132494
-6.721165704052018
-27.540455765078296
-10.27238584108862
-18.586486121591488
-3.1140374306361753
-8.585559997712151
-9.178445526342573
-22.77498260724773
-13.895014368952694
-8.334166816557294
-138.795410783934
-11.432583943388114
-94.2798142131311
-4.044862210938985
-9.25880081346112
-11.860718794417197
-4.051107463485303
-40.56684853924361
-10.983787061249984
-14.009513806149256
-5.546298360797554
-30.528199244185622
-19.984407904233436
-4.417248614137103
-42.64220251302936
-7.815126702903625
-22.95177537193418
-13.708143164977324
-14.125894557119754
-4.891384789635884
-46.80934218720315
-9.00929817354995
-1.2435109124496437
-9.720646429949175
-3.247442433456895
-15.61649546041735
-5.33678805862189
-25.06446845162301
-6.148259859745839
-10.46504873487596
-9.570164965254015
-15.512473387421126
-14.445284909224274
-5.848347143461217
-4.925054182935709
-9.015609482182304
-7.955130853009603
-3.269618835823879
-5.6747748279143995
-28.72584877543187
-16.493288586203967
-4.567472964012374
-22.56412091283436
-12.379210612584226
-12.496454606516593
-22.51523655820848
1.7954890499516456
-5.128618763448692
-32.62170822022227
-10.476853024663574
-33.47632774483112
-2.6023475958519047
-4.122560111546173
-116.17137291837275
-31.7331770501312
-23.065901801660765
-15.148287275177267
6.383340759616489
-9.255557757982615
-21.667271332622427
-8.715407069579971
-3.859889953865052
-2.0224964631665303
-9.528758749096152
-1.4311309053488661
-5.813371021793186
-1.4654038230844904
-14.805728039383455
-12.622051526161885
-63.93511651697256
-3.1598473910448077
-11.817278084550326
-4.618544910449753
-24.789099418749235
-0.8008789375979257
-15.480010360150724
-16.65650009414875
-8.819445392131502
-21.96553695393129
-7.574785970086553
-8.979350470142997
-88.01259806559867
-2.4789296251299047
-10.95895201359145
-17.607829220328846
-38.52732939631727
-60.887519398787454
-29.984640168846287
-15.286342743626061
-13.537760209213426
-17.906587233792013
-29.969603670359927
-38.140611930558926
-18.04111605170669
-64.80493957684851
-21.440524359138774
-7.532407019256824
-9.35477206052738
-31.3494898910902
-4.109309312324072
-8.033341739307659
-4.3769650426831666
-3.6169193872660594
-10.822855594978325
-9.790997981308768
-20.191648554868166
-33.203169508029895
-10.13570459658857
-14.467372714704714
-4.373396883024598
-8.996017000808358
-7.22809783003359
-6.398970239239739
-16.39041809822193
-18.297116834672835
-5.03407075122046
-18.92786097989816
-6.877353180906331
0.5787514674588213
-9.591021959663616
-16.369956074055246
-49.23461935985696
-11.8544483054471
-14.93304222934928
-11.130875884463634
-9.124035791793549
-35.566624363687346
-17.004877417961087
-5.353114033019491
-11.889844438025081
-18.106393199780467
-10.399932603811004
-23.20115048393944
-16.973336045793378
-0.4592778862404683
-42.099507918651305
-2.996637059145763
-4.969010936085285
-6.320192793489104
0.7359588828491386
-11.088385614856133
-18.32234972154098
-13.261400309492549
-6.807812455964808
-5.790182427588535
-16.50170313505124
-40.52137288722045
-16.089189465764715
-7.452382358761946
-55.350454649690676
-9.27695081642447
-16.045870201660218
-2.33085690361409
-8.966503910590184
-25.817945527785366
-34.30413370744271
-27.561183606524544
-20.54045037852704
-7.05177234659793
-6.01381471593643
-3.655872502141542
-24.9417825277839
-82.04792378839527
-0.7892783091913578
-4.914477561990639
-7.723192814413159
-11.794243682236726
-9.040985657428442
-19.057820451897243
-20.33692988745858
-21.75352413673804
-5.059050978724846
-38.69778038419835
-8.595610463205263
-37.945014775875926
-32.706827563630675
-50.392750027301105
-33.60152243681147
-38.18252090678876
-6.095335784908216
-18.61127810787269
-37.478767373142986
-1.5109348030502776
-13.29115884394492
-16.177226290481247
-77.27080880003072
-6.588520490360147
-2.6023475958519047
-18.835389224864663
-15.78593251245015
-15.503805879975376
-7.236444496959846
-2.5895889205046423
-11.975510314337084
-92.93541331204966
-51.46327503919896
-9.537492822152144
-36.03748331667478
-18.016593805999417
-5.088780694218772
-37.83996944419272
-5.9123286670090325
-23.49007325675429
-38.60772884478452
-8.610057603775147
-22.777149151203893
-7.674081089301308
-20.262832286817464
-22.38479913533821
-9.377689471942105
-5.140019076129461
-230.09608788218893
-5.430538482471992
-10.6134599154954
-8.689849729537196
-1.7603660685757896
-23.310048615854672
-51.482601113916026
-44.26594985119375
-9.154532707367666
-56.15056444760433
-5.794712031713077
-25.180464158372196
0.5552813890227019
-5.006062276826096
-29.498418480275593
-16.045737030479533
-12.229817691077324
-18.697234420416386
-7.695627086072129
-9.357238033339183
-1.6857813157420865
-16.497214070106946
-10.292423243153799
-6.8084924792683
-5.157056777791134
0.22365369668863336
-11.795072159382874
-8.117778994968461
-13.191957729650612
-10.464490749769825
-30.87383052707944
-3.942211047663637
-9.668198314205878
-2.964151047095003
-1.9497729803718271
-1.074485255335067
-24.59011226346192
-1.926774494266386
0.6961589867507231
-20.359391432839526
-8.86390748997917
-79.890113088602
-4.25438125307093
-17.913737492293254
-8.048959207249686
-24.577009288886362
-20.235385110141106
-9.367519661221419
-3.2540144548195826
-21.671277134577313
-45.7912375666753
-31.07150348928896
-21.554829262968354
-15.83569518453079
-32.587978050726335
-4.676566898688135
-2.9292834459231436
-3.155887249018046
-19.178764153001527
-11.06807517060427
-27.270259504148694
-79.2680883949416
-7.2831171744069945
-26.13738070590941
-4.456667221160319
-4.7073731447602185
-20.701125470565962
-3.435181817770732
-19.524494045280278
-22.1061462753394
-52.055328614272746
-22.72024348182784
-7.84160075530571
-17.458113051036094
-19.18803504801095
-16.73384491857006
-17.397237826113013
-3.5553885463440285
-26.00142368968702
-16.436127522754084
-4.945925125690019
-1.7401955242479947
-10.335037578233155
-8.204245258320194
-3.672981391487004
-44.585745316337764
-22.792847283192934
-16.358541480515914
-22.593147823972785
-40.78116386960291
-9.777544115385885
-22.51599750142718
-9.11461394624352
-17.375871932737258
-28.574083033138514
-6.785008070217075
-3.4505218030927147
-8.848934252196935
-8.028678283980247
-38.98267348696728
-4.796183595027353
-93.10785361170555
-26.83946995189378
-2.3096000926404927
-15.333425456830266
-33.45667325653302
-1.1595678774252693
-9.30675477970249
-10.0814483403219
-7.753755436518846
-9.856360100751761
-41.39034149963934
-31.077766382498748
-3.2799962772555276
-9.539614432517206
-4.3283517118249994
-7.847162516117881
-69.78116932423916
-12.006203556493942
-3.4247124942218585
-6.303194045151964
-8.157834177120677
-4.555110061755372
-23.636468050959095
-4.07685478882967
-8.452288740519826
-5.556361147953487
-7.548748597416553
-15.321342963297718
-65.34885401159028
5.790370282968447
-8.722286590607228
-15.54890174860003
-2.3524001388411597
-3.64006819287205
-14.658410380929155
-12.027129867674693
-2.6023475958519047
-45.816905679320506
-8.891368865250673
-9.03750837009717
-5.023477902601383
-27.718488313311102
-5.458888684036425
-11.128956278718782
-12.249477429953291
-41.844581358891155
-6.698972699557889
-23.71595165933992
-0.9479344530109123
-15.71801642221114
-7.15436331695543
-10.132243538067499
-5.78417598724105
-2.685097943578622
-3.3518727125239534
-46.21397045140051
-7.522457486267461
-5.389639911534131
-2.342010312959006
-3.297101385868103
-19.056977845186864
-4.018081850099099
3.1129588344343326
-7.421367775036484
-90.13938073869734
-23.904207800126017
-7.40189637165653
-0.595935217430157
-25.171981362032724
-25.5894538220749
-10.896821946454505
-1.9804338814534754
-9.857676194408015
-18.141481471564884
-22.84412268078346
-2.79685061489909
-22.584988962597155
-35.43512362139445
-3.5296247017085425
-17.57827342220129
-5.107017045625385
-9.94526340999497
-10.483435981696948
-4.12082572402571
-45.49443785516783
-17.472782423497197
-2.385468798092988
-17.90179504295391
-25.132679741626646
-6.764142205569644
-7.072750194643569
-4.828852756081501
-26.32312104276664
-15.343554670616651
-7.395557162311868
-9.113170776023251
-12.314737348593406
-4.032953582160945
-24.828740720008696
-16.983714101073655
-4.791317028567713
-22.029245896233984
-21.958025865623604
-39.26724883659128
-47.43337394617636
-0.6589053910559393
-10.419929193634855
-12.922096476237483
-28.815153316836987
-8.766841074045166
-10.835527086155876
-4.596345351254941
-13.674896392582806
-22.228163789937867
-5.504880331865391
-4.677248509480093
-25.426998729085422
-36.639853495454105
-14.901452764438678
-4.470988130377211
-10.594566823276622
-57.195725199436716
-13.28179191048761
-34.36282538595146
-11.226937706460909
-4.807380236989901
-15.322542868855953
-9.911232308542223
-13.811411538248393
-6.306813510179609
-14.111089054576604
-6.008075804490585
-3.2684848347403888
-31.057174738023612
-9.306108177106635
-25.70816667128874
-5.980145877226706
-59.19177969267101
-19.33787289956197
-1.654679562437023
-4.322161075068815
-8.534499474287564
-1.6485444624392023
-22.449444295115292
-6.871317926836252
-41.50499725730054
-8.6650579261113
-8.507939810883242
-66.88128668669906
-25.086141619333127
-28.185178218712622
-7.5162410043001175
-8.157616881912686
-18.91593160906629
-0.7586842594085487
-48.217853558626516
-12.649787563103699
-8.836743885562322
-18.68476594826962
-7.2889640796262745
-100.29321046316335
-4.239501900250307
-34.2697195191766
-1.057907207970291
-44.56714891287469
-3.3859756535047207
-8.142263265859592
-4.944758975026772
-14.730510684738062
-3.4237043195288175
-29.443860255193382
-5.561962780013042
-14.369976396565812
-3.4345655888129905
-11.814537130849871
-9.420765525824251
-32.97805692564365
-20.046808526037726
-8.607897314057338
-8.11721611388452
-19.596747149733236
-75.94739235997702
-8.113745721966113
-17.380359422385904
-3.7529971842317393
-48.76149795581953
-28.979785021649977
-16.584927356023073
-14.857451582571066
-6.690735801621368
-32.083459805168395
-11.81130662771065
-6.273086436075923
-31.87264901963191
-5.937760129189809
-28.50897720436056
-34.1670709478224
-20.41456459515437
-24.491724237935777
-13.815410098109693
-10.828391252213295
-2.500055772173196
-4.455287470139062
1.6915688333987295
-7.558783193840063
-6.0021237937519345
-14.354016527186149
-15.500360346841958
-20.151073743711976
-28.777273936388262
-36.22160928099681
-15.129034360808967
-3.2922790106855437
-18.192343524641537
-25.845223582222353
-23.535562147620183
-11.23880324343499
-26.041951059622225
-23.227885727902596
-13.02285015768325
-12.082161621753706
-14.172362916307435
-10.159720741265652
-26.207651704615216
-3.4501739943398984
-9.406313879552695
-50.15479584198194
-4.3981703584351335
-3.851000938229721
-3.3248398484455777
-3.715761993130289
-9.662280250647777
-7.735409052834528
-22.748211969195726
-19.111229768553766
7.812177454303046
-18.345335901941045
-2.8187633542364803
-10.305871577064925
-6.657710481132411
-6.826754850896704
-4.081871736772075
-12.446706471891426
-27.65297494650464
-30.912205318764656
-18.492308558099918
-1.9497601749482196
-13.72806627507542
-3.853405598770575
-62.25861285169234
-45.07042309862565
-14.38919284166189
-27.895459076406457
-18.37575854562294
-4.280450693761917
-12.043621852665014
-10.599069143873795
-3.8937642873094815
-19.15783854590987
-6.391802038771837
-12.874329610768122
-38.43917842994509
-24.13193402596222
-9.37557901522493
-2.301380964478048
-8.063811404362419
-12.59472884545241
-6.744055617577998
-7.440817746054179
-3.603606311619619
-10.758266375637474
-13.838731572754044
-6.9244396217105315
-9.919820417393517
-6.461035970495609
-8.019535551408351
-10.595363848600966
-35.37874135027816
-7.333316754110177
-38.12968121235908
-7.866499378941266
-47.369100546605615
-12.212758576932995
-15.26072139511306
-9.664811006360516
-89.11529374253287
-27.677842339549834
-12.231516710210544
-15.542843677323821
-15.248909068051644
-2.3583542525778
-15.582635891366174
-3.295270739502318
-55.075016043442666
-4.7983286170995685
-78.30540764311915
-8.776081047275975
-14.641724011898425
-13.898639328464633
-28.85943943688111
-3.312824567448633
-6.581933146326984
-33.725834801071294
-11.527585050211263
-6.530006234209322
-23.02988908221644
-5.679350295735547
-7.03667437588437
-11.329690332341789
-4.591540630553852
-27.029941577538867
-38.528696226735974
-79.39771407253734
-15.145489713208407
-6.977421731111174
-6.377813113199932
-25.785906401777563
-29.590942116984756
-9.417753517194758
-12.564574458586135
-39.54659880323589
-6.410046976466023
-38.94180833039156
-11.967262026442041
-15.791506228906124
-26.994278264442425
-27.128415590864357
-2.781857106538499
-4.6255512785627895
-6.242214881853495
-1.8293002290076668
-10.216555861139277
-147.87678625257922
-14.692803760488164
-21.76357380222867
-18.702613222923706
-22.091958226724266
-17.986315929212118
-22.726949599874338
0.7800195001569538
-21.680338236262653
-19.476500019937617
-6.798841279499524
-37.7614773736946
-9.760958054893237
-4.991454782652532
-18.354655830204944
-15.612269945203517
-9.74440017330778
-37.26654906945314
-3.3589836952138614
-4.4065139885888165
-12.728910141180895
-3.3339552200809446
-14.559197685719349
-21.147842128611032
-3.787900593119825
-17.08635693101214
-14.626830156301345
-21.737127103873192
-21.886582159949235
-12.232871912681999
-15.824310204896543
-6.5415591798381705
-8.27479901538877
-11.058362661151586
-25.75271423933249
-9.565164579449613
-14.544831838566267
-57.172304598811785
-6.91745428247023
-10.742529463774083
-29.39636051029367
-14.985218481090818
-5.642057749762259
-9.39769574117251
5.031464167848642
-5.037640558093801
-3.222378618415845
-8.471306592007306
-5.977982831506594
-43.22753460423977
-12.537540494208137
-12.993634457696288
-20.7144892532539
-20.566485864476018
-14.550414052203465
-78.75197464716145
-10.650070894807756
-61.24154034644892
-8.40551740130073
-7.556761143454803
-11.305792138692784
-22.785152353873396
-3.8401274734790345
-67.48098377410598
-50.02975994374066
-3.215938068371008
-39.15586299663063
-13.904322737313645
-12.46500543890199
-49.327676186399046
-4.910512297760321
-4.11042729251304
-14.829090552224493
-27.11308025499522
-5.753652250618247
-3.374656512897359
-6.854103406139373
-19.12212070850559
-27.91412643333269
-7.006895211526179
-28.12204589867437
-27.879782495764786
-3.550643149715673
-10.271498518394939
-9.875609827465649
-12.063065573177854
-18.566115197320645
-27.18162640131982
-29.462278945596374
-32.21943098398548
-6.344776771024978
-6.301100160018129
-6.661295233011505
-14.194630540582628
-13.330607828096142
-47.33526683565029
-10.23401020980016
-27.53310805480903
-2.7484288243857944
-15.824505949079
-6.1237002863456045
-20.001018476705607
-11.518120141562504
-20.71708372072663
-29.962494213036322
-5.098834853763603
-13.154565329196807
-16.36881482836422
-42.2584895422495
-9.879045293315077
-1.6760349461256154
-12.328813685042105
-9.03230777570181
-54.796268967270606
-6.2548137500274406
-27.16793901109958
-34.97094728437536
-9.585970099535054
-22.552300106190618
-16.93219013520962
-9.193383684213371
-70.69792315146505
-5.919772727050775
-9.150835165947223
-18.14439904671625
-8.985769738757858
-15.653080630130566
-2.8500097014014987
-3.620276502751553
-22.322345540482527
-7.610095033170541
-66.23468489671215
-3.6104040295478748
-2.3826528556196287
7.158346856128246
-13.941683880231517
-12.260788776753913
-3.311175372299984
-7.029427030712629
-17.09333162723809
-43.32396712809335
-2.184128641691616
-13.291971648201391
-19.748779405894556
-16.057264837523334
-7.341499935342673
-8.908102618889215
-16.58566731551573
0.44168430597245906
-26.767474467286995
-26.854824833002077
-25.32464780861198
-17.74754088721326
-23.162461365018576
-19.587628114515674
-16.934631667829745
-25.382622284886033
-55.45889801318969
-10.037991369456781
-23.4125894313441
-28.324956795457098
-4.713680787408644
-6.97170020280529
-7.658809733095335
-7.375880965112255
-13.95481806362423
-10.087322253747452
-30.977086753196364
-15.620984792540238
-14.718826477199855
-21.365804259888733
-10.799336089772288
-34.78271604353516
-6.546394904478625
-7.831163924602092
-57.38179522117009
-18.323941330503327
-7.564370337044146
-35.65177413443915
-12.225898112835239
-14.983681596710188
-13.109049822050794
-46.82563624372197
-9.486091145107531
-8.424891363158757
-58.57107285808837
-21.169069379810804
-3.0901694460937117
-12.407976063774548
-46.97814074085133
-30.322080137865893
-9.2248595888932
-6.8493313606695025
-23.106892854159167
-10.870665295053055
-127.60044395511153
-8.556707543969239
-7.519443981357603
-6.888549928568888
-11.033507464117998
-69.51887564262641
-21.130444442671784
-12.667584959247291
-7.656942699430706
-23.11304569920865
-3.8095980267942795
-13.149227730288656
-7.7631090304358
-2.8027231799232517
-11.208874763227392
-18.5744047333234
-5.969679712941088
-23.34898696260661
-5.382569397829214
-25.508653929535026
-94.62595335157125
-17.62444256448172
-14.618613013987888
-5.259396413617499
-45.41916701781301
-10.671057121921635
-15.716496751655301
-5.035039203703268
-28.811124811710766
-7.054886166364822
-81.24023616238213
-19.137861978709434
-15.978793313697416
-20.279048847001555
-38.699361992554316
-14.06673501667779
-27.07858714055961
-5.434900521035958
-1.2054244568755703
-35.44705381383989
-1.0381275871731033
-1.7889322402687375
-20.73963512461178
-8.06875738450694
-9.979045645755056
-8.563253607552154
-48.16902302571883
2.317203859625612
-16.750301823626053
-4.569084446173997
-5.362970884004876
-4.289141754149251
-19.722210504782293
-4.4568303355741765
-7.6699571172721726
-6.340938432358072
-16.37032145628443
-36.75230175414514
-17.17665610370433
-7.392130597380807
-11.427574721768115
-11.554234664823845
-6.636640042575216
-33.82384499737603
-7.116728112940179
-32.29623514717656
-5.064121217484679
-2.4108636223667945
-18.609379264871762
-3.670670367505388
-3.9299590318771394
-142.93364648507486
-47.92815639753676
3.325623038740475
-28.666249695080932
-6.471339679738307
-9.65849558431577
-12.406068458849886
-12.176091673406885
-55.92407020694729
-14.479491731684984
-52.496870754969834
-30.105523595451217
-4.292142666014886
-28.84112752033839
-23.78910565080579
-6.493322734080239
-5.807031972922605
-67.87124358164007
-12.041865753419021
-5.169596801239941
-17.941586471102656
-9.266843711062027
-57.10214354695094
-20.181990938614888
-15.722109820432552
-4.227522081643118
-13.47051294401872
-43.22776681377254
-8.73422527914871
-21.5192110891233
-7.714498575357516
-22.77499069391847
-4.274138254452724
-42.65971148019632
-38.73752791044304
-18.015858492678003
-6.501589168193789
-10.854379513491844
-80.0546981311409
-3.787628069923101
-4.361617675950513
-45.63072417594855
-24.151963220788993
-4.3947053563105625
-27.96055056321812
-18.165397746533987
-74.28171421976002
-3.7125895069641324
-13.093093273743113
-21.32088078996027
-14.006501250825302
-36.343483106616155
-15.900375530601746
-12.129290008311907
-3.4105887962237182
-9.055068455832727
-42.79784121683337
-3.662546760234681
-4.091128799977493
-28.344711703742856
-6.485538531293184
-11.940890668491155
-64.79862954086913
-19.819261684101317
-43.00853017759821
-9.090831924328539
-10.677304990643664
-38.0399906006819
-14.585507066362782
-13.20781229956657
-7.037413352275072
-20.178630669722757
-27.29671955292203
0.5380768017093327
-4.102576579286119
-10.784387416301302
-3.2780787590836287
-1.746270309837301
-19.55256999859548
-10.380829103906974
-8.580082057476547
-15.242732053384977
-2.7395331534572356
-40.94872583316918
-78.58037394688208
-18.604746587620024
-8.189038548923062
-7.646846200283599
-0.12192316725553635
-21.93909657830559
-8.42928093287923
-29.873107887449887
-26.688678570808385
-6.874166755279425
-19.720323213019448
-105.71982155954919
-7.412282959425244
-16.68332084544122
-4.359211849304265
-9.92308352495293
-1.8584071412602539
-90.54334273701079
-16.372181548736002
-28.57874022886704
-11.554922871229868
-3.597263584716711
-10.10433600293918
-7.711938146475167
-18.379777046865875
-12.157877693163783
-23.557705675964815
-26.327608658415695
-18.477131970101787
-32.889301440896915
4.553571951636195
-52.667189955260426
-13.967264240542853
-31.456379440246
-21.24247932730659
-18.054235732050326
-47.6348165070013
-5.9228072040210975
-21.54860988198844
-4.602790470099525
-1.1372000121003585
-8.006256542240182
-93.92103322613265
-40.556544859401924
-18.624888781024648
-4.003290822739449
-30.99913995788159
-42.33177199141001
1.043261161350647
-5.3867670434766195
-26.247628204753696
-14.494873596928313
-26.48316847091613
-3.1258224771773975
-14.533973307034483
-41.4805344212462
-10.928571319158674
-12.401278268697009
-32.05983401360322
-50.81195713237
-2.5863694240948556
-10.967173687377766
-46.731496733990426
-9.833490717167061
-3.3040094549908368
-36.11717011547822
-67.27836761769788
-7.797708403868172
-31.470830945119072
-5.244952586047696
-20.955604601076054
-41.4545971026442
-16.91444684849301
-21.489430585526136
-65.85371854770425
-6.951059996270916
-50.44332303539052
-3.3840219607473774
-29.08651534278636
-7.077354687258781
-5.477732302040133
-10.97612919958893
-6.141112283698042
-24.988984758397674
-10.69953482195814
-9.099760396650051
-43.233298795093525
-20.788437528254967
-2.3177712594320687
-10.69869311049277
-3.70509018965085
-7.9611689802875185
-22.730390902698506
-82.92699583410447
-12.130141475310307
-39.54747262514356
-5.848900858034983
-5.940236033681026
-10.598460906149976
-7.998729899484554
-23.990095670228964
-2.627406172450359
-41.31938116676317
-20.878757901510657
-47.101875362507094
-20.362217418012257
-10.482108917094948
-5.350620164100926
-40.32963162845546
-92.840779502631
-5.310118765908887
-52.319765257133675
-32.848768439158334
-5.432724203467743
-38.11888034745552
-1.4218385384277221
-16.196164085372423
-8.942875613645665
-4.034402910826266
-6.329449895679471
-17.84593276331738
-10.166726420774408
-5.145248725909426
13.007216274642394
-19.580046306378897
-23.888959993841688
-31.912303210904813
-21.419144037765424
-63.24396933937713
-7.9179906623134055
-44.3804686420694
-2.6959902409959082
-7.31740973838426
-19.405745479864212
-5.581352954069306
-14.477801010041338
-7.420909294391411
-5.989077346358739
-10.003550333282476
-21.369051131071487
-3.1930564135793595
-3.7215955467394393
-25.006177750475793
-12.842517758248455
-8.094764857678088
-7.651450339959678
-35.93832178412604
-17.587747626749703
-6.870859256193645
-4.864954455656482
-3.1053346202361567
-8.190195840735083
-2.937715833156522
-5.697742801282139
-5.28327297692633
-22.90584518898641
-10.416792977766484
-5.595741101510519
-2.656319689866151
-6.75653370031444
-6.548361539902042
-8.601892972638295
-6.278192784570525
-27.990451458148016
-9.716026434490761
-35.89101681905079
-64.8587336293337
-7.131153682206897
-39.91270643961535
-16.605957294993967
-2.7974256699579625
-13.08394022630676
-35.90652228626945
-10.085613827251015
-6.842516507874607
-45.01774339121209
-9.640264710381276
-5.242232331433784
-4.805828324492252
-15.68090416718175
-3.837656904335633
-10.7086815619403
-12.567896502608365
-3.6554642353937443
-37.643030004272525
-67.35807472698751
-9.935012405916282
-13.037216767281082
-29.63020520789382
-3.1073068575397125
-58.52400537672888
-23.16504369212456
-10.006298768867655
-15.337270786477148
-9.352304088247399
-53.69379270353569
-44.709872629987714
-22.63399289831417
-14.875623023594212
-13.73588523892114
-3.94323030910458
-23.391797470702002
-29.028054321512272
-15.01585948638725
-7.05082316010334
-1.0498865175819991
-2.173805279821448
-23.35665018608086
-11.414634229396826
-16.243390808024458
-29.273872110179
-52.711154338566054
-87.01327554305006
-42.04960273928859
-1.9566319617119248
-24.9837100325094
-128.6428173452972
-9.069292035759295
-17.13966300647189
-5.269669022421627
-17.8553547313575
-15.296540281430604
-4.734643453892904
-22.00881949913406
-48.66792913595084
-19.368640842739673
-56.16366055265461
-57.612870586445325
-52.43990807148939
-22.25973352746419
-6.558288983827434
-60.91055474570775
-9.041604464399565
-5.561570455908215
-6.917434452456667
-73.74982532172635
-25.249647184328587
-18.243987410896448
-7.594809436232624
-14.660898299790416
-4.4268061156326715
-20.94479520864656
-12.629552668175968
-23.13561172220664
-7.181059605811792
-7.419955168898396
-17.27904189440783
-0.5451541973834462
-40.971552320647795
-8.722372375315974
-6.615414933240437
-4.836116334284729
-10.30202456588554
-23.48679114773693
-27.11039536727473
-2.8369279350990655
-25.14830374573678
-56.31758484122692
-19.907574033813457
-60.12722188504065
-28.59127812320946
-38.86795048005444
-65.22555008271725
-11.194548571832156
-4.883653882430969
-11.364149726331382
-15.060965541428763
-23.189463989247876
-7.655251155157547
-11.07703919084305
-4.018424928602146
-26.099532433823384
-12.89338982002237
-2.3721909300821236
-6.757700967380834
-1.6447036720853447
-68.83448240964574
-20.531399683055522
-12.66053186543714
-11.905638731371416
-4.484389717845351
-51.63702733267389
-28.996363484798298
-4.104553289713974
-10.744984501528783
-25.223278601910323
0.14519442861931756
-2.9092814555155657
-21.093977242100035
-2.9133514628349966
-5.418399627039945
-53.959806640715556
-21.671543658595308
-1.7531972451280713
-23.968580313094918
-6.915273615731907
-27.556812186978316
-15.656395179524344
-46.827826907135815
-14.285495679759824
-4.602036739699742
-6.960542984677618
-5.748159541683451
-40.38968261050466
-14.742322553022838
-4.594841625889145
-6.758188467960056
-20.619797052423035
-21.825757997015412
-6.960929528540588
-2.5489560950887564
-2.951932286092444
-3.6402974939316026
-11.647288268753833
-17.433078310226495
-18.183839722460814
-2.931320372627563
-21.351372586858464
-42.52273542472793
-31.65625548877111
-10.594419934811702
-1.3470274716539794
-2.529797021664703
-17.879277092202518
-15.669802047116486
-52.87191191858734
-40.20341025553113
-10.005159161177396
-3.4200577439544113
-15.673463742188492
-24.604746309883485
-19.9092162475415
-20.694148703921858
-22.065089589894
5.373704726367581
-11.78190482148465
-3.585233334592445
-19.526993545731408
-20.42537161006513
-5.432240829619244
-27.37655925379677
-20.735644814849802
-9.393415627762076
-15.933303645542633
-10.143518757690591
-13.372298993607222
-6.656466572248193
-16.21951919297029
-5.132587071003894
-12.427587516646309
-15.749416384447228
-3.236306924886726
-29.667584056071938
-2.9407688212224548
-6.7060283048432066
-4.533816947292446
-18.01524948929309
-6.239680060030196
-21.81949386441603
-1.3987065653988893
-29.672551798669854
-8.25593729772595
-67.85676110938668
-27.233419348006766
-56.44850633959522
-5.568313052497014
-25.077149834593254
-17.439536099463087
-2.8828886554648885
-18.08332164917588
-6.70351776860599
-31.6552361126248
-16.202065548880825
-51.32621780767132
-8.276760501532003
-49.92252177874153
-27.396685341038168
-3.0949451180300795
-13.554207568819203
-11.981867525072078
-13.52321183608082
-19.810070031856398
-4.008667682806663
-1.9083776463022912
-12.977256651304895
-3.6026237208374865
-68.97531438970323
-10.759098992388576
-5.217882459664209
-24.70550180264348
-9.7123301789593
-21.68844467987586
-6.8505353674613945
-59.09377432710416
-6.023604534490674
-17.137086878275507
-10.28598381030843
-0.9945623025163364
-20.235244500234238
-11.754241280279581
-11.560104969527925
-18.116546853375084
-9.31588376591741
-18.783445194608376
-2.8784289564367005
-3.3993846980310436
-34.33312258971862
-2.983463574250759
-8.158476318580885
-6.48435190691175
-12.104466008977084
-6.490089418643257
-21.82048701086114
-55.570374471314075
-3.649395430731657
-13.268285405859107
-2.3770364108596116
-58.43458002193789
-37.81666888959109
-19.45119121608959
-12.496588380086575
-27.826821297300285
-28.193107618131922
-14.62060392197681
-19.843201379702915
-83.8948910793784
-17.68520968757317
-9.50797119653615
-2.3830550694554535
-4.834990151921002
-7.321273201174179
-2.664829832903191
-11.629867987668323
-12.93571897627416
-21.785248644283854
-10.589216407368735
-32.596178402405265
-7.622522406015181
-30.61856591508296
-23.208490132943684
-7.375366111705489
-40.49243023847729
-2.5721207281437883
-6.326822299113465
-3.4526886291773593
-71.00056673723259
-10.958246993161486
-15.337046192311947
-20.15555986296311
-17.139502679976836
-25.48533269175855
-25.77506376738938
-6.9506052739766995
-3.618500894797874
-30.139678914000438
-15.164683109742363
-66.29746253226665
-1.9184321743085906
-3.3640111789540548
-28.345390062205983
-2.108068996244988
-26.65295580200036
-6.25073961820841
-18.486171779946595
-17.16271534831254
-26.71598153540118
-3.3148939761836838
-17.122269168065245
-5.708969828503679
-19.592280040829312
-19.249635679962015
-44.262668786137475
-6.9111292844360035
-28.94229258335296
-19.326572125641952
-15.61676894286971
-22.304741860945967
-81.91130571880512
-29.178093616538092
-49.68014273513292
-17.28434099662926
-12.311726686063965
-24.853926478192545
-8.7323855651961
-23.3159298884159
-12.762429816622761
-13.843485349240261
-10.16177035687542
-1.4771627534933853
-41.71557735865299
-1.4335974688366184
-21.103080137317576
-24.13480234989368
-3.581669834081543
-1.3963667899568737
-20.580539743481296
-37.42256846964291
-11.748606283209629
-9.70089866764828
-3.7791854102590148
-25.249653545953986
-10.519328242172685
-14.604594637152838
-7.923166069200839
-15.824107718938368
-16.362748618395177
-249.8813715756508
-48.50934331079518
-9.467496367460406
-4.3740888336576
-11.663214417888806
-9.731860178258088
-6.900035088925816
-8.216354338341707
-8.596065670016523
-41.41327477805743
-7.826561427985896
-5.742746115236581
-48.382231567184974
-10.054096011387147
-16.52275339978158
-5.846556599648359
-4.854813204017056
-4.749525856876849
-5.068513289451591
-3.786344639489663
-26.447735224239082
-35.56223954247769
-4.581375305018479
-1.5204309559474622
-17.933935935455906
-7.033476472460976
-18.59862511145102
-14.838033239985263
-52.53489263146011
-21.726261441680776
-22.901320725587734
-19.14431196015143
-2.2924979196750224
-10.749439931570462
-42.410030303821806
-16.986346263857232
-41.97230497519673
-29.053393850819187
-29.023583816193433
-10.22129887727165
-5.647088069327803
-5.062980006573435
-12.513181407844094
-10.053019999002517
-17.45896646054444
-5.276785348765737
-6.808364712673597
-13.476372632558695
-19.12984453450417
-8.491100975285923
-22.232323932109022
-53.090778248285474
-27.900447331054984
-4.032015712281182
-10.168690947895758
-11.300909338012367
-47.30861544442379
-41.22968216579463
-13.701616935654394
-49.66508356392505
-36.15158035248338
-4.789687108779195
-14.273898973795008
-4.7248255859321615
-14.334614979133063
-13.257443795639958
-17.92745153226091
-63.796888791920004
-5.602487418045019
-15.225334676849934
-26.95872567543585
-27.6335536310307
-3.983216882756822
-28.511844755553398
-22.736458922472643
-7.6502780566042565
-23.051417433863296
-16.81219665134271
-9.842799394747528
-3.4161924226361444
-40.38372073185051
-37.57744724928818
-7.985516997337065
-13.916886384822842
-9.583372963794572
-28.006107677415446
-8.181123160956925
-6.713369824675838
-14.281804724820086
-11.186631613551796
-16.768996032609277
-5.009295890441678
-80.44577812744093
-16.123977063335715
-33.081362058002284
-12.599731394956354
-12.126686981286161
-5.169551353915372
-21.23001166503611
-24.07489761227219
-1.2695865703752025
-35.680996312064565
-8.18275041030705
-18.17297809735698
-11.087896058333396
-34.63728144639934
-11.365222752112457
-107.5895342341926
-20.571261211548293
-17.633697593262905
-17.151429347565177
-13.120171003854088
-2.1630851215351985
-1.5767956172560171
-43.15425766216693
-7.790911299757103
-16.622525343972388
-12.967611557929148
-6.425606788736933
-5.7714433800352705
-13.297357970328825
-38.09837177107612
-25.60512643613813
-29.041166498011957
-17.497542270303242
-18.157152895759552
-24.52945229461715
-17.555548864898718
-7.553685007743634
-38.271245885809286
-10.338135230111414
-39.18938932662686
-12.596680388195706
-2.278761637143902
-10.480360664159821
-1.3737619355791408
-18.284624477043003
-11.067159678066739
-0.9608591460267075
-4.190378958468242
-49.56660333212258
-17.70845485951716
-22.50738448314062
-63.53698259397681
-9.875347707556681
-16.92694164280764
-4.5311098874893165
-23.22392071766766
-23.291463891077353
-25.23146098521508
-10.220137422519048
-22.913853161343113
-15.02522882848144
-68.22790679009029
-10.80581027458112
-4.473757200039846
-16.639913936375184
-27.876781270966926
-7.4537277406468005
-11.389893507166692
-8.269560504215606
-13.692378791754237
-64.4647444450588
-32.948269627680986
-16.346989671599427
-13.53466554197186
-5.481568434994569
-30.5821071856609
-5.893570525817776
-34.29759353262133
-2.9144819791464576
5.663992587223638
-7.189821073370987
-4.502292284820678
-34.213459270968855
-10.572023193838328
-12.165069540337365
-26.51322031647742
-17.767691119900803
-25.878953635635884
-33.69060769963959
-103.98802755581553
-4.593001690845881
2.2108798601286783
-23.51900610174259
-4.915622602267733
-8.882350136355576
-26.56365648192339
-12.29837172439007
-5.912672862751114
-6.6060248084487245
-7.574270912284043
-2.565595918344756
-11.505357545305884
-6.288297951439236
-12.95735907911695
-25.028095809418733
-15.860606452325898
8.085953544107582
-12.229847343256813
-37.996912666101075
-66.71669202059206
-14.676733351965755
-5.209227032994563
-59.2129447711351
-28.599168632795042
-16.881953006620904
-9.951462935548134
-59.2392916623319
-27.407372738825543
-15.481083450751308
-20.278453791115364
-1.8620489150716357
-23.453075202823502
-25.297757828037426
-9.792448311451803
-19.500599029209095
-1.398942260850159
-15.85544723117742
-6.682378068133942
-8.36569931766355
-21.311577742721376
-6.863580555337414
-4.232792090455916
-29.21875955692706
-9.222942014578358
-5.084813630429859
-33.20927773730268
-23.0747557700934
-16.35312214478517
-7.306959245249471
-9.356379060934396
-7.862222776228605
-47.295695340246965
-42.65204084875782
-22.458756099465404
-35.591887357975786
-31.418030696580516
-7.60017574332495
-168.02859852658747
-3.7452994729041844
-9.564787929276022
-12.234651992361462
-22.42852002866432
-40.751125594351514
-48.558021327333655
-12.24541413685521
-13.033364325377644
-35.760442617033476
-20.89414337787269
-9.456282603872115
-8.743401912442206
-6.273404116649792
-14.788010616794809
-2.8109375548330546
-4.645765359450913
-7.676694877648317
-19.398976868567047
-43.18752408567423
-28.108441526765652
-10.884231189091386
-30.303288305877548
-42.35032109682885
-13.017373969842826
-4.028626286511063
-12.32990753841466
-6.840267920541003
-15.363439117456725
-18.15739309589927
-21.087370046603866
-28.895105341796395
-20.646025123081767
-5.06602529965569
-6.134228727846727
-40.13680415291787
-2.721977294096139
-20.436993362027007
-82.81505426720328
-3.5366289153373436
7.764286511208813
-4.086990067032018
-18.792207038348263
-14.028568377474175
-24.064733019718062
-1.7442262862759048
-2.94104237633204
-13.0982744816513
-41.99188916599372
-23.813420450291588
-31.23511948764292
-22.943449861251278
-15.504370072249648
-9.027238692178
-19.372414253134423
-33.093105599164275
-8.941033115079454
-2.635990632765486
-26.225846297633446
-3.5007349511789103
-10.471536410515697
-3.4515029715958754
-6.984426357977599
-37.35764527158876
-16.942430512445686
-33.87644856270982
-9.916792046065108
-9.903596042524317
-14.302140663486542
-3.4808693982548227
-2.3770364108596116
-14.841399787045443
-52.37055726653463
-3.1500812190509806
-9.907622065585652
-25.701271632129888
-48.195214332944126
-25.672353380318228
-65.91711853823826
-10.509995075999859
-1.0272693420084245
-16.842309136389403
-22.50051209482114
-248.6649189585253
-7.613059517849475
-10.126918953953794
-19.54469307724715
-6.348216513913259
-7.566612172187065
-8.750603650760077
-33.94255346203516
-3.310223242464158
-13.718719286583003
-6.65398194301295
-18.853727259225835
-7.197133076873865
-26.11604423952744
-11.36070831746917
-5.5503463800400406
-4.23431011638383
-16.117122016452523
-47.90464540906657
-4.961857935539451
-6.97230656867206
-72.91118019495498
-26.37913658205379
-16.533730137399303
-6.6308769276487
-12.630027274136818
-5.827345149849986
-3.22110373308897
-14.807976856944277
-12.54536269751389
-16.01134167395868
-14.311979244890065
-32.546065177355466
-28.209070412721932
-53.88099761381908
-42.17241342016792
-6.427265638194723
-65.82051802189186
-10.633764804854346
-52.324945862725784
-29.635267744116963
-45.2404051803192
-9.293925132220428
-15.187124921216807
-14.033365575405625
-10.326677912221733
-15.984868737970835
-31.21759311106518
-1.1242395642848755
-17.249652744284
-5.176532258390415
-19.042715653548985
-2.7088809295050535
-10.927112332715932
-21.70565457706209
-37.03136185888499
-17.88616222826481
-16.560937678299428
-4.2525699574007945
-32.02150965779409
-9.045106096823968
-23.79493190263987
-4.963261264481819
-24.123606309301785
-16.288660455423244
-15.283218918551537
-30.95079067890794
-2.325934943855141
-8.670547281485971
-21.355886092952073
-17.410328120331016
-5.541052439281042
-13.728194064451081
-32.54633189138298
-1.0890930344502114
-4.809229742595893
-30.455140729696527
-9.133888164641315
-13.177661508395756
-99.4428611456996
-21.68195536194167
-6.309340960440711
-1.2944141734565093
-14.924053339147395
-24.705645304138976
-7.145084493194147
-12.898054116674624
-23.200969080901935
-7.457886434365107
-4.585249862090903
-4.557133730391868
-14.240084548010934
-5.803051532040363
-19.70233890025986
-1.5014616547334054
-4.443735857793732
-4.85001183391947
2.3718449939525863
-20.248152575326916
-20.69587305847202
-40.96395657448759
-11.008946429690877
-14.252965832361998
-17.185629993016974
-3.5256746072721654
-38.7293088898549
-7.598010967703214
-13.389264646321733
-55.684175806735496
-3.0163563077241204
-34.48981278650269
-26.314081458814954
-7.199842046030476
-5.626417196300984
-23.55617349956842
-39.483865035029694
-47.502601965080025
-10.239346553254713
-29.314351560949262
-4.119602124311662
-9.89162928415328
-9.074914247018405
-5.889215571251028
-13.312000643514018
-0.8932346017643797
-12.80435141234815
-12.83260673712741
-29.022408662667964
-15.503848178215343
-13.739943083439401
-9.68498790463329
1.40809330051833
-7.376470987827947
-36.098251815676605
-5.515169479846101
-29.64905506107853
-6.0767302086356
-0.707007114870024
-8.47611219817089
-24.932605720357543
-2.9537107615860445
-8.251795740838583
-37.742338582533634
-5.899325005284388
-5.403633259876044
-18.305960390335326
-8.427803539166481
-4.97928032432269
-21.644088697548778
-19.273370521733327
-21.104667198642513
-13.224339866943954
2.429882545303238
-3.434595266208444
-8.9718586645479
-29.28240560124853
-19.84252733463181
-15.826182084507145
-7.942576022561592
-13.994596759933485
-32.98059563238915
-27.462128621557437
-49.34534029577082
-2.861314166378482
-13.48308695523288
-0.17319194249732772
-82.1895285071334
-17.90801755766459
-27.553480241777198
-25.816675153763192
-48.141406009630096
-8.011691774690016
-13.961816618717172
-34.84767299462066
-14.344276440259003
-3.447013257234725
-9.544008722823284
-16.424034039926564
-14.590925117645462
-16.35972723812282
-7.571267565726951
-7.6844330822414015
-35.98550376177063
-19.990446657167976
-2.2712144247652075
-23.092734991833815
-38.49688590376972
-40.2568609657054
-5.604400759131782
-28.642840661208766
-17.66886517263318
-10.81855373076033
-17.899412468204034
-1.4484934485301377
-6.418470048368457
-44.1584784006955
-2.0255221042989264
-3.7663586841248655
-47.1905135257329
-21.319429663042182
-4.021273036892897
-7.549572629991644
-13.406395226880985
-31.086457487525568
-16.762298733842535
-8.839223748610936
-8.819846076907869
-64.69555684427193
-13.026939473216387
-22.226328941932596
-63.0514690319899
-28.412703068570803
-15.442983949532783
-11.468420311193903
-25.09504497526752
-35.8448741783468
-23.565121842902368
-9.351402733867948
-57.77601933495648
-1.3584640762765918
-10.182957940430148
-35.29909492292018
-42.083513321055825
-16.581752419429478
-17.193498053514787
-4.076075312131357
-14.910993776825055
-8.711737927095236
-33.10648950056579
-9.755897627847219
-8.493106763457108
-14.881522293205048
-6.273743050426193
-14.624687198367653
-47.67366006954309
-42.162233698319966
-70.22433153044916
-15.90297586167439
-2.195674269764596
-10.005287139409853
-3.974888314705129
-0.42935240751096265
-15.242826904966808
-22.419869773187404
-7.9425500185569415
-3.636331031236238
-8.16931749447341
-12.561597251299947
-4.503143507769044
-13.342680803778633
-2.987973495026796
-6.757556052328631
-31.79725947930891
-31.080672144080754
-8.389813639804567
-23.02722858399107
-12.828254232690922
-7.177619696609836
-1.8368368834705073
-22.533756449806827
-8.129119740525942
-69.1743302622449
-2.514379237804938
-11.413971053506666
-15.102363042896952
-3.16530747365082
-16.09674918298946
-26.032921863835
-5.109552251060765
-10.980432499517361
