-18.99707242180397
-19.512403561579355
-11.631623806991616
-7.969971436609249
-14.990762907056537
-2.548216545748252
-11.97918581970424
-22.275233705885178
-7.02576658198792
-18.58008366780006
-9.801477887150511
-24.672327514149583
-12.497903363301958
-10.508271105072
-19.51317446631589
-4.09525200892579
-14.902729638396963
-27.129939785419598
-49.8535586062864
-1.7322094029465347
-10.377410149851169
-7.291826923753877
-8.411102599241831
-7.435652238959434
-21.68820380372796
-4.455961561237924
-36.297795137555795
-33.46080358876202
-11.182204787541412
-3.2532817763213027
-33.75640126460139
-2.7829884345243583
-8.252119247657323
-5.016139450818838
-7.3013163375713805
-13.051373788117843
-3.6220688697901067
-15.463582118646036
-9.504247196997476
-4.272331742351738
-38.21146072947691
-5.008855927615478
-9.181989643826014
-15.329859784490845
-9.04218497615868
-14.308521190997661
-11.125658435858305
-35.62526708790076
-11.952102253407126
-7.8376372226403985
-32.66105842492766
-7.003891607609939
-12.226086367147921
-8.271312824692572
-11.86334275241591
-14.26506834847395
-12.822391514508357
-19.78180344171382
-38.12062340465195
-5.741820541482144
-5.9874490558677875
-34.6071173439238
-19.86645315220005
-16.020381271626572
-17.717795462723995
-10.743157051092536
-13.360788479196714
-9.0159163236456
-24.158150801473447
-6.730531726799777
-10.421708498362085
-29.83907872091116
-12.30740671851256
-15.451251248910944
-6.570840072192515
-28.17259160223777
-37.21352434406098
-9.61373403422782
-32.131611672176966
-32.818950621707266
-40.13117384975415
-10.350759657470658
-23.89150244518605
-83.84427167270658
-8.234275483672285
-33.20812015102467
-13.352982292772603
-8.270355969625285
-28.25652431989015
-10.781489269901437
-13.011119127744788
-36.347723161569036
-30.201386736512983
-7.248507979246972
-5.893093171323371
-24.78993827772415
-20.06639289702172
-22.01200945746025
-27.98082979875602
-20.19752348202505
-9.940149792630805
-63.90145336578551
-15.15437126802294
-4.484020763572199
-13.112145435530332
-10.893427142393753
-13.857892154954433
-21.628355325992136
-13.435564640761118
-12.568794880710813
-22.11965731836031
-7.162427360000593
-10.072068696778542
-6.718902474788477
-8.911633921806088
-30.19691510832394
-13.85042828735865
-52.44720882309849
-14.42872834753105
-9.278846954463
-15.180575357300485
-33.626938994900854
-19.507468649664602
-5.0599214741422385
-22.401238923513628
-2.7382130045727044
-21.84639661117786
-56.92849327666819
-27.873694946363617
-40.02146474724747
-9.735782512026464
-21.769557151450865
-46.522897559288666
-20.172405156629047
-26.06879256469806
-43.36925664804274
-24.8141793433863
0.6773080356659971
-32.080356473499826
-2.798644307323596
-35.60441767757773
-4.024286611584158
-15.087857044034278
-5.704972747174209
-17.091053342074133
-27.60938038093499
-10.359566778606654
-33.230180248816154
-19.844654132206923
-6.1975223731939435
-19.559567009376835
-33.347032790514376
-11.961318951019912
-34.766905459833694
-11.494467523229636
-7.347778731062037
-11.790257384861285
-32.00099357830836
-28.691826736425853
-9.613224096696998
-7.734009536895127
-22.899487466732257
-31.445131091704376
-36.99959786546141
-8.02405016240551
-21.837174708579802
-5.274035225768278
-21.150977568750406
-6.243126010870427
-14.11004651495447
-17.94865596999652
-28.17849121383908
-7.696237955240462
-24.458342161489405
-6.0559104359218665
-9.619241882800779
-22.20674532537532
-23.274393849023973
-40.16385392440581
-40.850702588880615
-36.32651842380102
-9.845053899070546
-15.519816306647861
-12.0038890050675
-53.072279213643256
-20.08762158733695
-17.22979536102497
-11.904449105170015
-29.974239943964598
-2.7843140448353667
-31.540965773610843
-7.0965707665804665
-14.059992566432188
-8.081526574311365
-7.2572102321294425
-7.520821431545624
-26.01645059351262
-28.8860833432988
-6.893847563785576
-6.585148642233888
-13.425932506562466
-40.397520462047886
-4.570618165511514
-1.7538441285792805
-14.154071423642034
-5.808004065604849
-19.52495072084786
-18.823266009836793
-17.27149165574316
-64.26317516378612
-7.341582502876575
-21.733367169611384
-28.910147638485487
-4.571752845844386
-3.1916626872645955
-8.112814814646162
-14.93891786513298
-8.61816321609648
-16.70602369702268
-3.580948852527198
-12.774515989302454
-18.8812913375371
-20.977073291005237
-18.917928710933907
-35.014600485656665
-32.00324622621768
-49.43418037848878
-9.81885013814903
-11.873760576193591
-31.501998747400158
-7.04519639552001
-5.817167934457982
-26.695232815730655
-22.986827752210402
-29.080691302848518
-11.416291618607385
-46.23591583140572
-6.6775027564547695
-23.482914719958533
-13.34218755950537
-20.24377077638986
-4.6220316209496985
-5.06305472826765
-30.51319805261064
-8.791693526337994
-24.900403647580415
-9.816854361642879
-49.86060222803167
-3.519527092358396
-12.450500277625055
-5.003739873435993
-7.609765252112764
-11.984661406673263
-21.841428867614045
-51.75092705733186
-65.2216166330227
-20.17920520946432
-28.85203544858921
-4.18680246902865
-7.278036831016405
-35.99510302830572
-8.795340144740626
-10.833790019747868
-18.194458653390026
-4.2299007272598645
-22.497955440071436
-22.445526399725654
-24.60156282225526
-45.81617895622402
-48.838393739916086
-34.294920107163186
-3.0027030646805786
-16.856441039405613
-13.983486350861618
-48.82828013938707
-6.920146045789089
-7.353262742129736
-5.2485053056018796
-44.74653493576396
-16.76059592205751
-15.657725520222575
-7.535206939827738
-29.013233495283703
-65.67389725147834
-8.296907523193576
-11.833314565574103
-33.264635499112735
-12.329836330506899
-16.745379673284763
-3.00655613948621
-18.951585040372642
-10.019499210146734
-31.790199858353894
-5.178951634810594
-12.762706297838847
-10.98183279765432
-4.746283662524882
-55.53239894114376
-41.68279634998377
-13.96483256004569
-27.828368594370854
-20.44479980722123
-3.82733364738202
-5.406383329996002
-53.99365594734426
-20.71607988598807
-8.71206945752497
-16.945357263159778
-13.083405673070532
-7.272192915930486
-14.61637380787646
-8.277638211960964
-23.67102604267942
-8.069720232600565
-6.603024321693938
-6.574158386205296
-4.988174633811282
-30.61290956984811
-23.767602836570095
-15.736855695685215
-51.68833292275444
-6.672800271124585
-16.276809807822943
-30.186374697011303
-17.82631989395308
-12.652238861969813
-11.357802464061718
-31.01123286615283
-27.951429026426485
-9.485752154025764
-15.379912312828615
-20.631761558089
-34.86462012200702
-106.20778948966088
-12.886410705657502
-5.645785699501493
-3.6135475028978132
-12.784085202676271
-8.267534501792216
-8.5520861176819
-14.349309971527964
-26.880962111133115
-17.09248959708944
-18.196062556409874
-13.834345631335427
-8.322535493639316
-5.508507825658909
-62.47117410775813
-7.344733761259943
-9.892177820798304
-24.06149984081891
-12.203095024371356
-13.633070009025143
-3.8749181906152192
-8.787885007457547
-9.069252939653705
-20.55129626620424
-27.244734571806386
-5.282459616697891
-14.5560196755205
-35.26486921206381
-61.090545574486725
-22.024308997827454
-4.239672927397168
-3.0211608215977854
-48.99946485425548
-17.76705052807107
-13.923791852245778
-24.296264425903807
-5.005758014289236
-6.461295207648523
-16.030906445036706
-20.413450484256572
-7.980174700037762
-78.58037394688208
-3.2338619768805854
-28.350229032628107
-13.835987975859911
-37.566454020350065
-33.46466856711052
-31.366731430885217
-15.676544764848575
-18.19361511081889
-47.30846630901069
-1.0684454318459387
-6.968787810973638
-19.852655900221418
-12.737117394309944
-29.409284447327614
-12.699149348820884
-65.00456745977243
-6.2632476072613175
-35.05571070205409
-8.326611024080455
-24.855947293109857
-6.922586642121722
-16.25856533643692
-12.492534161444832
-14.619181002688352
-9.546288993884817
-18.74308181049311
-5.40590035972934
-18.99669655555502
-7.881176715507833
-21.600425106300783
-15.959314323850943
-6.878847350541036
-30.649274924972495
-22.097344299293116
-5.992731869571771
-5.340188122947102
-38.814525297483534
-5.110487151340126
-8.262431048007286
-11.729489231649639
-7.9233179404320095
-31.51615490371522
-53.631251744263345
-7.7307823234406445
-4.969769584383505
-5.805525716446364
-9.917116012213972
-46.21441327851824
-14.824431116083025
-48.74674336314524
-13.952390358336656
-3.2460241353202415
-6.062422692190612
-27.706059201320137
-11.23495937639626
-45.65788427893862
-5.879362153800845
-25.930539009323233
-104.66865359013391
-4.9882948949918555
-9.990229321328039
-24.570358247883412
-9.10382365966297
-13.369691341568535
-4.657927589069813
-6.725445468060749
-37.4131758129475
-5.152689204872693
-9.230213336885205
-65.02504443739086
-15.758044216220638
-22.38706736424793
-28.045090183848323
-7.192343429305136
-13.174356071663027
-13.934079335343421
-23.461798281031857
-4.407290488665546
-8.314405316255252
-17.326888538792705
-13.377451424934987
-8.668579843884043
-5.8931261615565935
-15.749750908012196
-13.030796920691206
-28.86469927505151
-75.96033510739413
-7.171589633984254
-2.744989828597302
-40.25004814085916
-2.803406028874751
-38.592284996685315
-6.886079684345693
-7.624710292865589
-8.431310243491257
-43.23182216032522
-8.045119756198014
-10.264896849923486
-23.93839617803588
-10.362959104965265
-5.951743042300622
-33.94195111179877
-16.215768447821027
-10.262792290379378
-10.040784222452618
-10.543449997541389
-6.6058690744317765
-16.433234091015727
-20.739593954577565
-11.34334208717618
-17.34021115818261
-7.618835918390019
-32.29239016999274
-20.156414369437602
-51.234098413773076
-12.928177720230332
-59.86126956287775
-9.3611003563027
-48.55049034734533
-0.5345031989287191
-7.501466510754909
-5.12060565624491
-6.947125515345603
-14.266009070247666
-16.33188849261305
-26.982696526888002
-4.557604094062116
-7.327905230195667
-5.333746852159143
-6.015910388083092
-49.151260119419774
-14.562839331034542
-35.386836996516514
-17.895959480881956
-10.201501023631838
-14.748384365854625
-2.536457615339355
-46.38427239275869
-42.106623669938266
-7.635687803350245
-21.31419913578965
-26.233535506662296
-13.545882615888251
-4.461549663984882
-19.85572913575171
-27.448468862890678
-67.97404806176492
-27.081028039283844
-60.297369583309084
-18.91177924663616
-14.348627877349527
-3.5458025198588046
-22.573664146863553
-5.510473621485416
-57.172558108451405
-4.458979380283101
-6.438578455359129
-24.692441109483447
-6.132262389479072
-3.788064932752983
-9.31296986685689
-9.399842053949097
-15.680040152983393
-16.299557823626404
-13.390651193008994
-20.181898033943444
-5.459371064898679
-20.734486649815807
-32.427171613256306
-32.11204836071411
-10.67037197570513
-17.543544787941265
-27.85036288662052
-22.141523464588218
-15.988984774787514
-44.59511642301247
-23.968239166837414
-23.389926041664072
-9.60695343597689
-63.85507254804518
-13.476252077555023
-17.328364463957985
-16.09546349815952
-17.745251363285675
-27.538096540376795
-25.075421061447372
-7.346942510083992
-10.61339322995058
-54.27405485044087
-20.079804455351592
-14.987491637669413
-8.272003252772517
-41.856190186262815
-30.73308949541174
-16.071580892405358
-25.89975373468403
-40.83685056998508
-9.28906039728389
-16.961980895079673
-40.976183673237024
-5.24086344340524
-6.989281386505291
-8.159857433023237
-19.331870850396452
-39.96354156977802
-97.38549708449483
-7.870177132118665
-12.736882537135754
-6.267963774486739
-4.017633427312214
-71.82422999151379
-22.890009266321673
-35.965990642563476
-19.981749556949087
-19.04243719663696
-17.75288446695723
-9.059247492345198
-10.990265043212366
-10.003858026346135
-28.51705961894393
-40.74839027297009
-5.065303360101013
-16.95627168323548
-7.475831066741605
-17.790540622985354
-4.758982688898044
-36.8432117403728
-7.8309409286089995
-21.384175451076466
-3.202600753999486
-31.90224564814385
-15.068163542631995
-10.5688870734686
-8.62521534013106
