-15.93753611549979
-18.86865466992915
-5.688725495262684
-11.456861414345527
-21.88489491828473
-25.777001419928336
-2.8754751430729732
-9.853943986945316
-10.007172543595539
-1.7142741773017176
-11.68378846038809
-22.292434216017664
-14.538535936591117
-21.453636158404517
-4.7263417253276625
-7.636775570898458
-30.56211274955104
-47.41526413430743
-44.754346366184585
-5.537481462047056
-14.397905029930955
-17.74446240164432
-6.645723312193067
-14.581723505410046
-5.136012081320403
-32.990809149520835
-10.120614009719676
-14.800446578522084
-18.29262419161799
-14.23212373238048
-12.23881379345186
-4.085965211023198
-33.31790260669432
-8.859835582795998
-4.530720619435229
-8.348528428282103
-11.632040550611922
-26.666224730679758
-5.535365050234886
-44.338408701886614
-9.539717374676574
-20.67708470111261
-13.91883512103729
-12.453685704254639
-13.41684385080371
-21.947302305552732
-25.595982926825638
-9.412582420342176
-9.946357272981427
-58.0233673107888
-17.973085220435685
-16.859254309376322
-9.958936153208702
-9.436514955705185
-33.7146438417196
-3.691966966025423
-16.02654706056148
-28.18186774693282
-9.057652801336012
-16.151179392743686
-14.214678826277938
-2.2312096247066027
-34.57614796397328
-23.86733052183727
-33.08216449282168
-17.45297670637624
-13.900997151785871
-25.08863686741174
-10.850387539054736
-6.809525561458541
-29.048114801122264
-3.5642034708739274
-319.55970003634366
-13.19675865332135
-9.395845849901837
-138.62905664389274
-29.564374139140675
-11.340014489202929
-31.39217864030938
-36.12724872249833
-25.050100799389508
-17.952380395797714
-6.5159875698441
-33.92476515415237
-48.39296065468688
-46.99667799235951
-22.46986795295032
-7.930444483282121
-21.714472318063308
-9.714448401761633
-25.332812227464526
-16.5353958040872
-27.948225942051085
-26.64744938111278
-41.97003410970268
-46.672103797252326
-71.63753805172038
-12.323128516635174
-4.603054638976517
-23.95476277618502
-28.54965276904905
-6.334165332146287
-82.75004490375046
-13.40390264236582
-19.390279314727827
-3.7224322363021978
-31.35296865907575
-21.669150076753542
-13.34318511957126
-149.8368541381958
-38.465852062448235
-9.82313661266983
-10.577512690223863
-26.635916841663914
-38.489503056812495
-4.547223157405092
-32.28071119578954
-47.075143000893235
-4.960454156319867
-9.647597656167102
-4.33953295168444
-17.713343912178
-14.41181165236012
-19.539271909610967
-18.05918596835059
-25.832719395670974
-9.08938091564105
-3.3476990816594347
-8.148244667477698
-6.990927083276742
-43.773768599658816
-23.840234380952243
-12.020917440158165
-23.258350863276902
-33.463789727422274
-8.84533833851342
-10.880394404098121
-0.06101528120114794
-64.42979851168603
-10.610315962338806
-18.637413447713882
-69.53733994185828
-5.37644402161679
-29.395063881755682
-3.2436589209957454
-1.3166469424499747
-4.481188605023901
-53.91791521138683
-15.896009676561327
-14.570933899677593
-23.347213052208684
-113.86241926398323
-1.2595636642144623
-22.992979329498283
-75.66939052195825
-22.91328047667805
-39.168978140084924
-5.537005605945294
-17.51748228675889
-10.438325207543553
-4.457821156619407
-18.151666007956198
-23.963568195212876
-4.869516626980565
-10.866323663169211
-13.525286766964465
-67.63377625757089
-16.330675147067492
-11.055102387095216
-19.31316850643786
-29.624322667538774
-28.30806657970502
-17.27080044704212
-6.494299414216855
-9.470683057554137
-21.40253563834498
-23.738762683494496
-5.02846890361434
-5.733190249461926
-40.54320155483351
-11.385208790790871
-63.41273609797839
-95.97796487798375
-26.484267154430416
-11.295790755756869
-5.310712003365267
-32.71030545876903
-24.048514335794344
-10.920023448087198
-2.6696566554659196
-5.788054267815936
-15.525522230122764
-10.700663053953
-12.847443098300715
-2.502977395359
-14.375083983250708
-3.2877149445359937
-2.4820612247497884
-11.200170516258057
-14.53581570797815
-29.736952339567583
-39.269489733135806
-31.792493236373723
-92.7456306593625
-13.673623159564324
-41.03097639395947
-14.391513162115809
-12.463092969593271
-33.723817361280176
-17.887440704812995
-6.178136517039199
-45.228674844363795
-4.152067294895895
-4.63522767537482
-15.616869688470146
-49.731713973591475
-5.384997553731638
-8.22715195513026
-3.27385506979723
-7.1328286523896
-9.052561661143528
-23.90175440122316
-7.985558090582161
-14.139702611021987
-15.615176082393877
-22.240233330493094
-5.828953779925233
-14.433291586656273
-12.635616927646474
-42.816009422356956
-88.38750028383579
-2.9776124822979013
-53.33642415584392
-189.38002031889678
-20.972594283655745
-48.594741865754685
-4.053821044453433
-40.518531559962355
-19.47520985457392
-0.3228249095148251
-23.42151466899599
-4.8956764738786545
-37.43657046297391
-29.57965866202326
-21.387610384012188
-23.297957003085017
-32.92676487543598
-9.163572989021075
-11.707323569007203
-23.692423261001423
-69.12633103862542
-5.269616362338569
-14.407005636584442
-23.74401444005822
-18.871198602836316
-5.0284961075373396
-69.24363376723596
-23.762937691492123
-9.530018504921484
-18.93317021668727
-3.889446498158415
-15.470511031984174
-46.247974631383876
-13.28002874004127
-13.922689343248432
-61.37256062656439
-34.173729633815725
-19.90059360571118
-8.089243007914748
-21.373845706119056
-83.4713939591369
-8.267489851468138
-21.95757374106791
-33.88997974268145
-12.929020241039984
-9.678581222260295
-28.94454954662573
-21.39149653068918
-83.32193060647388
-13.604900612931127
-7.759308095654388
-4.283049197777042
-29.026469413044385
-2.548650132427303
-47.93424505963402
-18.572159414635493
-40.24067270811783
-5.16899539551513
-30.816674060088697
-33.25091321568099
-0.381379522209417
-1.8489410967620108
-52.32696022339805
-7.965168028096593
-6.294786891610263
-8.96747877043516
-0.9336265572729553
-13.77031703559009
-4.535033141364828
-13.580143143971968
-8.625735039298132
-7.233121007773533
-5.749281072887733
-8.74823917301854
-21.005366210898753
-10.84325822861514
-49.91090713781455
-43.97542948168167
-1.8458621417707737
-22.578202429152316
-14.815006366050538
-3.001065170718356
-9.893246725144792
-9.273785299337193
-5.23722157949366
-120.99100805689854
