-4.683729009433049
-22.393485620630646
-21.814820886697618
-8.737380812151343
-5.113738184653361
-9.571242814673894
-3.4414003693847612
-16.870925076691304
-8.752320388464046
-21.38858714759569
-6.027106041754486
-2.4681713687909053
-5.346010907138134
-10.998376323725369
-6.531314242235308
-15.225434540791918
-17.779010139421924
-18.996737379999153
-20.74267715761315
-7.667729056419856
-7.702266685892105
-6.704659046758929
-6.156766861330669
-8.059789000682308
-6.439079242958072
-3.9973861499598162
-7.8258843311800685
-17.445935300886607
-4.479027698193635
-18.418815696257397
-1.747154294849568
-11.239330414872772
-4.209997810611206
-23.34521640535257
-6.816380629829615
-6.03883496257303
-21.618818012988285
-9.791517156553136
-13.560263990767972
-6.414403016007431
-10.856054387676432
-73.23542910679726
-5.993180903622442
-36.78235611854439
-10.293913572658182
-6.7513519292246436
-46.34432087051614
-8.511733927027551
-8.762253771555898
-9.613254454831297
-6.064845569144747
-7.165741253934189
-28.72583543055548
-27.171004835084215
-16.948769370694244
-6.537420671020257
-37.47956575343916
-12.05126286406433
-7.191691573849493
-23.151611165476233
-12.94294298246026
-7.56712711506253
-5.192089694135644
-43.159778755343105
-23.629842497017894
-19.204832963068963
-71.75416157659593
-15.691767666366106
-7.703820523959487
-32.57976423265763
-23.535834306413374
-10.677835717569758
-10.232268094767484
-46.29687301758209
-30.705558395911428
-13.797984274250005
-13.638398987076457
-10.905237843829243
-8.879773722775933
-1.9773577834438238
-16.415010871728068
-9.477208184929676
-6.392852701659651
-5.859728343423341
-7.4722096334979184
-20.484916881196998
-28.805718899494327
-12.00987708717356
-10.605205287418094
-22.981526767181208
-9.6007482606458
-20.746577900854625
-14.450113918902423
-15.714851415188964
-6.188108028533256
-9.213770219900598
-10.915883559156986
-12.071845760717508
-19.101203103794276
-6.672036793721236
-15.034127761474934
-8.10278211127873
-29.132867111998603
-14.031389561580815
-8.788282874366466
-9.638812709471903
-4.985428832783786
-20.687295451118555
-14.5149370707773
-5.5209721477427
-5.807005865064741
-16.397846120761773
-9.098377508414957
-17.321696293506427
-4.904965014848707
-11.943931333943798
-2.54276566675305
-3.164261233470853
-4.102476170261438
