-9.622293330584258
-46.579796121345744
-29.20217017740107
-92.19006013514336
-10.156880862044611
-4.906675471042786
-9.770177954665055
-34.33328020837065
-7.792284409607558
-14.621899267682613
-83.99122401582004
-3.6344666013968223
-5.184299784606468
-36.10470144937006
-64.04482485834613
-18.598791636627233
-8.29698494079245
-2.189418567867687
-12.175178167485358
-2.5959402244474212
-71.84594655389304
-23.85678147375028
-23.759314467135578
-38.28514679404665
-8.838137115767008
-9.143224490556124
-8.343476271383519
-4.752316346307129
-52.72757767576426
-12.48706145028314
-54.018797468744516
-45.851512696643596
-146.32270351482296
-12.65168258857555
-25.919222060468975
-30.18295936167383
-7.4288847952579395
-3.886987829720554
-12.460526121361022
-24.436104967885992
-3.0785844826311077
-7.827072822884894
-15.028242868297397
-27.686920108889876
-29.957833824757827
-1.9725397701087684
-4.823853675696493
-11.2471256227776
-40.69033216369049
-44.005055552458785
-8.719992402339463
-7.822421646324214
-1.2565690379434042
-12.610461553181866
-15.721701868679894
-8.296140325974777
-5.634789357030892
-45.35047413140471
-34.7124342570515
-20.27495002712979
-6.727827323529193
-21.75416228231779
-24.144846237616846
-23.318511987889774
-3.7878279806342365
-20.674754882060544
-14.493372999759021
-90.01627972107568
-58.20390785608848
-13.800571350142272
-35.67078932083019
-3.8402038227301265
-9.342500529506651
-47.480637919852356
0.36235967054075063
-11.601068200923683
-12.495183069383799
-3.8636480623993377
-7.810890047216792
-11.377908421281198
-7.355137233106214
-101.34928305897859
-15.703186409826042
-2.391173957101038
-2.122881703903931
-53.240364149697776
-10.038194781491915
-31.583371874455437
-36.2960467682753
-37.88980731360991
-12.0034498011372
-8.017304301235226
-11.595448003191521
-28.287763042867773
-6.310647648087387
-30.455897853959932
-0.9916059136758946
-33.71217302892697
-17.78753269899033
-20.16374230993364
-11.84010634368073
-5.0205841705327785
-12.72183594182886
-19.41104365428435
-22.351122890379642
-14.941682884520391
-18.294090667605033
-3.5710004100883825
-21.83270864976495
-7.490587482406669
-16.738081967842966
-24.415841753456675
-11.439945649837211
-7.574075372402094
-34.66297048816406
-53.73909770018752
-14.132039551253692
-43.19144719039617
-20.994660886467482
-22.014084247509672
-56.065008847712484
-3.6468497416101684
-14.614952064450833
-10.440060876597965
-49.88096220097478
-21.42457058875159
-44.87871405134162
-11.70253597292527
-10.095166025633922
-26.20591543307466
-20.317789845077264
-8.102385562743157
-20.86899501471129
-29.4098767379962
-108.16090100020472
-6.517039175899941
-11.124379419877954
-43.13440313244347
-20.112357828328893
-27.516861437961
-5.828383658873888
-18.502484961732556
-13.296116255463717
-4.00340166289635
-22.930782746094525
-30.485857878153446
-37.695697264723876
-58.809266018586264
-23.438222484748717
-13.206120654761387
-8.02895438022749
-25.650238537148677
-20.64830671643057
-32.353102851631085
-3.009264500125865
-4.019266829925394
-4.295851472576644
-21.619534086598893
-8.307399992587172
-28.59042580245607
-11.182662443400792
-15.338540884237657
-30.51676780596163
-13.134549959125096
-6.401375571596911
-41.592874328368666
-18.33974479953838
-5.812937417020278
-2.392912019850348
-5.1612584783302955
-58.66215364406554
-63.14109929097671
-22.184736468054336
-3.5723225312765403
-29.548605810449335
-20.340309187642358
-24.93850077311457
-15.195074672010305
-10.610822580997123
-60.44481492012837
-4.58135512933579
-9.57012019149522
-26.121774208179318
-12.058896287864078
-19.523310685445892
-12.621971797953625
-8.548976794332352
-11.251857783249088
-18.852710963293706
-10.246942211960546
-11.345054740649756
-14.289560944090393
-11.652553653417847
-12.513384568993082
-8.234482729622552
-11.103539909942347
-9.857226957251681
-11.480661178103142
-2.7467964323384693
-73.70955831916731
-15.367604970779698
-8.51546932920596
-16.335436770911944
-25.32755360324606
-1.7509754642791453
-6.83889131919388
-4.619615706022404
-23.51534095325528
-1.3224880360151183
-8.65171123334682
-26.953931031442732
-32.92445766192285
-31.442231360976574
-17.70780045291746
-19.5752222267935
-6.674483384010282
-3.3820293973311784
-5.62085083740265
-8.057679356822584
-9.804736922705498
-30.049488316784686
-25.57674961810628
-30.92792210438769
-7.480321388632442
-2.140227225029006
-12.77265621059326
-11.477995975917146
-3.5995609309560725
-33.42285639443861
-8.310310721259583
-3.1456646486232076
0.3640914245460328
-52.00495304634741
-8.778418779111878
-17.339562168686527
-25.265403652951345
-40.352347775773
-19.463512388791248
-4.847391572092481
-17.14086201662285
-5.438367345181381
-26.660042101497424
-4.3504453828442
-13.40962469626114
-78.18337862526246
-5.5797337837682255
-41.67941412634358
-38.38443499534006
-10.724876593538173
-21.41990917635688
-35.41238605725096
-13.051900767362833
-16.82334074532545
-177.03902331651992
-55.59291620800095
-4.685254380099437
-31.78329295347481
-2.867838198618379
-14.817030741767288
-50.80031701502642
-9.201267678272377
-9.458824844024468
-7.640711958065696
-8.815029623724108
-41.738433275579766
-24.433343073429143
-17.038222585995562
-5.106170818843174
-7.912095986019605
-11.116070546379152
-14.152155757473242
-12.128948753692523
-11.913722609141791
-8.966496171144426
-41.49015103287237
-7.997373712817226
-8.602738669125912
-44.13746512565381
-13.253998347931109
-14.989843218420068
-47.24967996147742
-15.956028587576652
-15.282463980083373
-21.214160722683857
-12.074909130653124
-51.0992145309649
-3.1875561173225297
-29.37090790457119
-13.982346754403427
-4.395277210653258
-13.435564640761118
-12.90167366414988
-20.953992706756637
-21.90278197813496
-22.03757746521465
-12.001059974123717
-8.59019180637984
-59.81323260183399
-8.55099093202917
-4.056212255421609
-11.501210930405428
-10.025581821128755
-25.813934834278328
-6.090430715316916
-26.3871634921929
-54.0342823767349
-3.878684720022839
-3.545042091203347
-6.5043847634250875
-1.619608343464528
-15.420124391233518
-1.0672742109488862
-6.254982943691273
-54.51730741257331
-25.39934129139924
-31.256386629023115
-103.75301320514376
-20.928057724216433
-109.4233647346787
-8.209584605782425
-15.636713140460273
-20.72400602389457
-8.92926442701159
-10.777473824887098
-6.273569851331254
-11.157664608849796
-40.38838105269347
-18.23310423223174
-12.596087317536629
-102.16162953291092
-4.739730641301097
-3.174343072758045
-5.510401758722755
-66.13746824958301
-17.46237168424095
-17.161492815295322
-46.300468613375685
-129.25467137314683
-7.123398237938015
-10.723057230739007
-4.000986980723656
-14.27609459115715
-13.486313325059708
-4.747168225956304
-8.916073867950162
-2.884172357883885
-3.0480058949593234
-62.34258253546244
-33.616831898869656
-1.8918196214859309
-8.849881122620324
-20.735126980402534
-56.450172148206676
-35.57198713136181
-5.012752932611689
-18.772660645598883
-32.621626073310054
-25.934901389442313
-13.272947854263514
-24.16438800142524
-16.709899109848934
-22.271193818904134
-19.723539514428435
-27.547915359208158
-9.000741658872919
-2.8972457024603187
-11.214658022850818
-41.51263789942869
-16.80229279606224
-20.474371616147813
-13.475628431525314
-25.920889920118874
-5.651369842195802
-22.147377738818115
-59.93482312316282
-4.400010680834199
-25.557429256660715
-16.641286317104846
-10.304771394052528
-34.021422647686734
-54.3371753449017
-35.364999198003744
-54.43795917815865
-16.020329563161518
-18.204885490263663
-17.421669436615137
-15.40029250727764
-9.183647841493336
-12.698223070668666
-11.816065553720527
-17.12239336681449
-38.709643367955685
-13.57787190585267
-85.08251588060904
-17.338300139161408
-21.89155304194273
-42.192921005865145
-7.757456509637306
-12.7092101861308
-31.81687224512233
-16.18159920119262
-45.87538541907037
-7.83217851127953
-42.959375178093545
-2.628351404887415
-2.511244543746392
-23.91278122478978
-5.273572949255567
-24.459430473085906
-9.840521919318599
-3.821363881219885
-5.468123856455077
-67.47326035328875
-3.8601719101996386
-11.645396450906093
-1.3583277439725696
-5.41095988473575
-15.327383604234813
-15.324780866918589
-49.05046286502774
-12.15014980887436
-53.743004053874834
-36.700301630609495
-23.100416011863736
-0.3821589492749333
-18.06810110134753
-12.017781333211321
-39.72202534951252
-33.596928859238524
-25.699154773777277
-13.381867480371175
-4.789736432507556
-10.572834767790045
-23.522681893290127
-13.310270628407494
-9.097969599260933
-19.99846628886716
-4.551931131160416
-7.101146537742664
-8.928026863523044
-16.315039930654013
-15.576124707958007
-10.936849241085445
-5.861733565509743
-15.252134610909808
-14.487488674311578
-63.77906243796858
-14.556556704593916
-42.83411326646639
-136.60968711382176
-5.401678154957659
-20.069832021060385
-17.37357691675271
-6.133080477488162
-27.426311933289018
-11.909969471456773
-60.64638006993866
-8.55693508096343
-4.148570525362259
-24.205418481206262
-36.29388732659976
-13.862332738603357
-4.335800793347637
-38.429418205796615
-10.079526921456432
-7.816375074764158
-21.274400494683817
-17.321309732512827
-19.974641089081135
-16.809691072978232
-27.472134023480248
-30.798481410844722
-3.089931213465267
-109.28322117277835
-37.78019868940489
-23.359356715361653
-40.16333824482781
-18.234013715601222
-12.703598027157476
-16.08940886368735
-11.58309095117612
-10.131787615962988
-26.522403228405704
-3.8468831841592195
-14.300189032327706
-8.551606854087378
-14.90301493271707
-15.173858437595204
-14.873019552087268
-13.380909151297217
-21.85604126155017
-17.763317610252283
-15.983793305310545
-30.343318772411678
-10.578641365652038
-18.04249017101183
-70.06563697555393
-10.732390860576974
-57.398403176818505
-20.241222535119732
-26.95454171818201
-37.248245659923896
-82.1060831423469
-18.64855370650353
-32.730431001755974
-15.893426085863723
-20.43760532622764
-14.066720643926507
-10.33268084153883
-11.201231360189915
-6.005964774836843
-12.265958353485596
-36.626418319591345
-1.1734455182303782
-6.982326315823628
-10.010873125772015
-6.355075135780422
-10.821073962174879
-27.83815738754739
-10.84887954208217
-51.178829365302725
-6.176702585990637
-30.54481597838699
-13.834234032810079
-6.014795824322238
-37.34441797103175
-5.144426278904055
-9.27584266101386
-8.014275219900924
-18.05006421638457
-6.518795571864695
-14.73063480251504
-44.190208945893986
-26.365607461280746
-31.413457703435594
-73.58511100910317
-4.9777693706812105
-21.82593012986433
-30.698643890834152
-25.24397470479638
-8.425456404274266
-22.091958226724266
-40.86629266393079
-13.700278015002942
-42.99487278831708
-15.963111432885036
-47.72169778239601
-4.7164814254600245
-33.11799536533163
-12.943815803074488
-10.798302772396104
-36.778396509719194
-64.1875813230154
-26.218253837539763
-18.56537176341121
-39.930088466231815
-13.791676703970396
-12.786325875717452
-23.203535261321257
-10.22847317388305
-12.917321018915265
-19.313791492572033
-12.090152095416624
-12.38993930283499
-13.016471518095138
-8.593251407170499
-24.219897217723933
-49.598569805407834
-12.21280011295708
-0.6251985591888854
-12.56310322714461
-32.46982293980372
-13.502497298654182
-6.7613265149262345
-17.93777988856917
-31.33817174432741
-13.461443660575
-23.971094435629414
-2.0912577515722615
-87.60399586897147
-12.280236170833108
-21.583564927465464
-25.876579522853316
-2.3528872573411372
-8.484167263366087
-16.048259457763148
-40.143036986219876
-4.186823922068057
-9.053221883801472
-10.638127489436034
-4.6121944366234375
-8.214319856670338
-11.2846657384285
-5.655187613614311
-7.440137890936292
-71.2365759518534
-6.317150193663532
-3.4557402126947854
-159.50735254757262
-2.107292876878574
-13.547525462844055
-59.38256989859096
-16.836705636410134
-10.421652942890816
-9.31771936016191
-16.638257282129988
-5.558268794905399
-11.974659946149115
-1.8503850607851753
-12.981180572706483
-9.632563833677407
-17.385307852056854
-3.0764247167226406
-47.92815639753676
-15.53207307912284
-12.325694533848575
-26.460991448070963
-37.5034789964171
-84.73117649088519
-0.47790917265804345
-2.780095854186029
-7.914697585743389
-6.861016878865337
-14.051447547894485
-22.223447310734414
-40.51900923909842
-13.523353762999248
-11.722987488572146
-80.0546981311409
-6.911062101703389
-33.727086020399945
-29.78537362053875
-33.45408336683729
-36.488906392422706
-9.513390263520094
-21.09858565076661
-14.663292273282975
-9.590444514119449
-7.461990814883229
-34.976739841469524
-16.701497728388215
-9.194282118332158
-17.91716631295007
-11.357282949659227
-14.614322803242928
-9.068198180713807
-11.439025011320602
-36.762592506463555
-52.417626994666065
-12.21380253181344
-9.35668016965877
-82.14446113891056
-38.92911664290441
-24.93026498267993
-50.68034487072073
-10.958283016584378
-5.05363139391751
-10.952655332963651
-10.293136909781275
-12.614660638844732
-8.956618160985034
-4.994034461087148
-30.756255112944938
-3.8707171519356347
-22.685508573442895
-30.520024875060063
-10.846727935209556
-17.446093770320292
-0.05737876183586566
-46.58569826291666
-58.337250266768734
-59.48496958134339
-10.694664371576945
-59.25913564557143
-25.802344188062524
-17.37678158876576
-8.732451084815526
-20.389575812002104
-19.11252493023987
-24.171375234087733
-9.643233573948361
-4.792520344871368
-19.13676820626363
-24.84247755838301
-15.66261787557474
-15.024983747614263
-4.19727920906531
-5.796305269236014
-18.620222940480602
-9.170959626221638
-8.012445907503851
-16.4285319329602
-22.701483350441492
-28.79349967002013
-26.173800470659547
-25.444900303115787
-4.842011433922576
-17.73713441339766
-34.36063132353444
-8.216320690708217
-33.210330122087896
-4.062991730099233
-12.848281982062899
-9.765946310080736
-10.412394868611212
-16.946165254776428
-3.087564244562911
-2.432114148315497
-35.206468942550735
-17.565837287497878
-15.616130321460368
-11.03696625998458
-16.434490954234672
-5.869238545133152
-7.455422030977726
-1.1180028931436525
-4.312858051509005
-20.611915000298076
-34.275192242526714
-7.971617381912625
-11.39090370395044
-11.563792728018509
-12.08315998046602
-17.431661125924983
-11.706346229299102
-60.12722188504065
-36.6097923152747
-24.90239238897169
-5.596970891231666
-19.895353942332328
-48.62285462937582
-5.923328888833974
-6.465755491027602
-11.933818097542888
-15.138002222556187
-20.745778575766735
-17.82813783483987
-45.521601373236685
-22.542633171160887
-0.7572263858843026
-43.25861799258814
-15.44346899588714
-29.937567123538294
-6.685390578527442
-18.823820297739694
-84.45826870742829
-18.63737839565477
-12.037604762867018
-12.532223644627555
-4.354124614738103
-25.13065405062625
-17.081772883037704
-7.7213514934061305
-17.04013284259512
-10.604726728506783
-27.2518722997326
-27.509910542115403
-4.575750863221848
-13.462913058265691
-8.03871604084875
-4.729909100241163
-1.6830625382030677
-3.837492355351423
-39.32256094583457
-13.678603563222316
-28.269431169870472
-18.35868709012657
-20.471634879308276
-48.67999883319941
-14.325572119898032
-5.80658369752525
-9.141452670360097
-83.09680959333053
-16.49947760750035
-33.484323850451155
-11.501431448233443
-3.8923822540250073
-17.855175190627836
-12.624279322201687
-17.827036045583494
-31.280078013873283
-3.886622675207093
-17.70773918622238
-13.030641194662666
-13.226939816050818
-8.251034738742764
-16.230262292697972
-10.249388119698267
-2.322820047881164
-27.32111142236502
-26.894465115609773
-4.381093789482709
-3.6613638707616647
-25.436449095176126
-5.597618349567885
-39.39836017641022
-4.892383302123233
-19.302262441276543
-9.34539159118966
-9.6184644035947
-63.97962964693187
-17.33886979519532
-8.201432791641896
-11.533809015885263
-57.352957432507104
-4.629014444846828
-12.812557283495885
-12.2768672183367
-6.710968673686033
-8.520655833589633
-7.84396004089074
-3.4670322162496308
-25.44276889055081
-15.075507764292595
1.0195099430969825
-21.839143245043736
-5.751285007526349
-13.723943770713857
-11.730183392791758
-2.6166948037790734
-19.834616635603656
-29.890963285304814
-5.199916964534277
-7.844125271049592
-9.043662255638033
-28.686782333379032
-3.4397232272771037
-8.454621764663852
-55.08636363194917
-9.44744807178858
-61.27412144415829
-13.790901054925975
-16.91171004820911
-47.77429248054129
-5.643658704110926
-51.38078450061689
-4.751661575883566
-11.274678760260526
-7.001734779880155
-2.9298073704692635
-28.125113252009267
-20.870334201248504
-22.995346235162938
-20.58023615306486
-5.5273913872185885
-5.305570309326591
-9.03988579028401
-32.283839024966575
-30.881095908100633
-8.545931213541206
-27.343741908620032
-6.71323582282029
-2.7551532568688444
-58.70372242714103
-3.161480541859319
-5.20751312111951
-11.265238758386069
-2.3862573036124304
-0.34780215293948413
-10.528766548958265
-10.187329518776485
-3.7280425670968365
-8.316444120022993
-3.6668931668931943
-69.20037429628002
-52.378931715146095
-18.274835080394354
-16.137609274565325
-30.878483260779564
-9.494214578668663
-13.382051518162148
-9.642347657154456
-6.19607558555581
-25.273027498429702
-36.27724159955491
-77.68315358722789
-9.351934458386232
-86.83259157491548
-33.6196429960422
-64.94808141746086
-10.74984301944684
-7.663906343303454
-23.896326605674115
-26.49568022175591
-9.528104708710618
-15.774445224455887
-4.381316345125163
-16.754496595094444
-10.784064466198979
-4.191221962060923
-36.819588409999724
-26.819902147591367
-29.704566248304605
-69.19454342007849
-19.21209499261898
-7.8342158209193675
-18.435346675393173
-4.8038368180791515
-14.402311489109763
-4.933368551750412
-22.78659870194547
-10.094182048711192
-7.24173086118482
-36.708102791812664
-14.173197172873907
-3.0388815999284455
-11.811343712770443
-40.48087090620267
-87.33224093440722
-29.306270899266906
-31.203657755057208
-6.477535061329074
-35.74412899105952
-11.666968729050959
-49.70888361919916
-49.272488411235564
-38.895596041604996
-16.663441149758075
-12.254233626703169
-29.02639540415249
-62.9268110979267
-12.64291270971357
-9.439858807414872
-8.775621976169917
-30.835285160840026
-37.804785022194544
-16.77934834493374
-19.803594751153916
-2.266064145016719
-7.557612186854897
-11.769148902454306
-2.2717547178650084
-32.5185381759187
-12.217287936705876
-0.339270181261108
-20.3483164007615
-15.698337279307141
-32.055134235859036
-28.152690142997578
-4.195327202022422
-6.813163228532996
-3.981707091491307
-7.338632390855723
-24.034209255306184
-3.276015350635976
-2.0859244385964897
-28.189789586224204
-7.3239247458743915
-8.320388484667323
-23.76832090983699
-11.915664315275462
-12.153293609173227
-16.69617947730952
-12.165935734795388
-12.810847615025482
-38.339418788153985
-20.593039115042735
-8.902417072306251
-11.987324389584701
-0.2992843382862697
-27.08545684818109
-52.285070455244835
-6.84832536009095
-3.3126570429721283
-30.414352214112522
-24.5915058887412
-5.210772515901484
-16.27135891037054
-4.937604125741609
-7.44214324557054
-19.57282166291026
-5.649840790258743
-0.5161484296152805
-11.731436293780433
-10.67620508310388
-19.362690963729595
-12.38897194576868
-32.89160120057918
-27.41976643302197
-8.82811265909829
-20.163806633948322
-5.0421189894076575
-40.462955212775654
-60.69688371295613
-5.863825744349608
-1.7013772602010442
-17.047648273079357
-7.997572361520834
-8.041256658495941
-13.36984485655459
-9.639828231816372
-90.77651145970151
-25.539519315117868
-10.687087176135842
-9.49780982738729
-11.591906477483864
-4.494577475632901
-21.767777931672462
-39.47720089522371
-23.319053508068027
-12.486332392654422
-5.588191397647877
-1.8915972852165597
-23.31990154843076
-9.191776957187843
-17.894648553814918
-2.189418567867687
-20.28470903378557
-13.250640326016338
-16.65265433293849
-9.968133987758236
-22.763425062699106
-8.243284924895189
-33.92155670262237
-6.157208461970305
-8.300378746449672
