-23.414790612437237
-65.67814553744947
-43.129672626913994
-9.463120913986138
-20.742513444731763
-51.91390072751313
-19.340652602063763
-7.392387778837703
-29.003815525818624
-23.552889855112213
-20.4265308953129
-11.068014719271844
-44.59552976587129
-18.33478666332374
-12.064961341863118
-17.967782857889212
-20.393031656668352
-24.821752266586444
-52.86414427608629
-33.793843299173076
-11.319774159688187
-22.51655472675922
-9.774895103535165
-39.42107158436004
-22.806913788604476
-20.287492147981553
-63.53144707952701
-21.80291164464738
-44.030191782871725
-13.782403583027339
-36.093995392513655
-33.59746886443158
-2.5650499745876227
-30.795761957559048
-36.34513490895775
-42.84920454116928
-26.55547543676317
0.6186492497700863
-12.758201013283163
-19.045265394308498
-20.697316085405443
-16.611541511074638
-14.151213453417512
-21.785852374110988
-17.043218918333864
-25.15488979607598
-64.71676200432071
-37.367306206030435
-12.94709655809545
-25.84101048553758
-207.94502904879542
-67.31435395642312
-15.643323645574242
-63.37062760363521
-84.05970097979781
-18.924035455228008
-37.467526345948066
-28.215423763319507
-13.193778068608449
-20.979520269487683
-8.244809937142769
-14.202391495249334
-23.24214196390685
-13.72571017839757
-21.14315871823948
-11.37010429586392
-102.03394155283904
-8.776404615493147
-15.465838585964441
-20.100528516689113
-8.579552930174097
-21.599352641446934
-6.470024494078251
-28.923280350379112
-98.88123697938416
-23.490163663833272
-5.6885077321592075
-19.246234765553538
-19.434334935499265
-22.990234419425857
-86.51094541172675
-14.121246983967097
-9.421529146361433
-49.98980337756004
-7.813288617338963
-180.16466481999686
-51.63013090192762
-31.931048904696198
-12.076575680826927
-25.48534858697996
-19.04302597224456
-15.041643756623907
-83.42337676297765
-14.18958090769893
-47.19205996252317
-14.947329658416459
-28.670040619497613
-31.107314381404876
-31.154472676165653
-10.518239145844115
-15.48508308072613
-52.88358285997874
-60.953358653371936
-8.106040562326852
-22.5344171155568
-46.79019891802669
-47.265638574193936
-12.328519700472546
-35.969415289398675
-9.769110426630304
-27.585521196718087
-30.5279701292198
-33.87478189494288
-48.60792639973039
-35.45534243345268
-35.92968446461584
-17.86005873355243
-20.259961713199655
-38.92333034332976
-13.263115471285218
-40.396081282805454
-13.403075752826604
-11.889731209405827
-6.681058701536918
-13.790820699569396
-41.54907270248619
-48.976091085786834
-25.769460153893828
-6.895778272126594
-10.740631868765501
-16.560427675680057
-30.592621911746395
-13.360769554224088
-38.89127470283776
-26.989662749263978
-87.2371804941107
-41.767287200189806
-62.27390273683957
-15.913505519006618
-62.09753738087749
-33.10490098158059
-62.3367221428002
-13.450196522069595
-101.82476765309579
-61.54584630762375
-16.662108157794854
-9.003356594905304
-14.390903696165818
-19.190505161900756
-95.23867226662951
-12.63300031475916
-21.21164901835146
-25.87081295098466
-20.04133818692777
-39.38782407366938
-8.296264803238852
-19.7511759967593
-17.007117324574278
-19.848671382051418
-19.80873080398133
-20.36439003994702
-14.738534279392836
-31.14953505558466
-19.05655161841625
-50.37420296025762
-23.16024104524423
-18.534100832615813
-43.33062735136545
-61.98403961212529
-22.6989288870633
-17.280919862107122
-13.067029870548591
-12.708740492650422
-17.293263610372197
-106.89832745404077
-44.2013629061973
-16.10580979945645
-11.01475099004505
-42.062996662089894
-27.096582508255825
-56.72636551778451
-50.67380979288488
-15.721741290430518
-11.830559064740676
-62.4588553977986
-43.94052779789659
-31.10962735667236
-13.649871348584298
-46.524382404918924
-11.341360924330708
-43.88596699300949
-10.13133097208835
-10.55148820701103
-17.434268571091167
-82.72475290396908
-10.04993676661169
-47.726575351563014
-67.11399623340537
-62.00785787596933
-29.52976959501514
-41.39669511446587
-16.240174828196785
-6.626104233639898
-11.963484134114792
-16.30007306778066
-45.19705277905498
-23.406273061040533
-11.147735170031158
-51.30200291542287
-37.18748596392264
-18.79350251105056
-14.738236203955049
-104.99789901419358
-16.51603385627565
-60.336198444926524
-30.261387957721695
-46.09835137718855
-11.802571849059037
-17.731756512674746
-41.795262570978856
-54.06054474522798
