-2.8152238272937207
-12.105558486634862
-10.403261804759092
-3.8251891720195985
-5.199377637533542
-43.706793511585744
-13.544452378299695
-20.370954425225758
-39.559365609669534
-4.1804775436208255
-8.249679607621612
-5.593133049827775
-19.331694117567704
-32.38910302767013
-20.7851336207844
-24.555836472194724
-4.459174947684105
-7.997134182684769
-48.328035366233394
-11.631574165773074
-13.05483515435398
-13.38006593394913
-27.649395423292006
-5.270801206997003
-13.632114639943547
-34.65963074807635
-5.002224021622503
-20.31582856642956
-3.6335816947829627
-27.456190410591336
-58.00718964028089
-43.29842246434064
-5.494788482039466
-67.50434925362921
-18.006347435714098
-10.888750319098977
-3.6021320781176045
-9.575907278882315
-15.930536340289855
-3.2374528946470535
-9.158977564344816
-2.1281879335370104
-35.53471282566266
-7.643122751155665
-4.538043768719371
-2.140521684196649
-9.213702286175828
-5.573558722700215
-12.191444485683352
-23.589246914613387
-24.957833686270448
-15.812623938250068
-10.017570382518766
-6.673756443187179
-27.017181939714394
-12.884792304187249
-3.523854787473929
-14.989167343641164
-12.970385658613113
-12.375328324978094
-10.88858459584732
-2.3606538815804607
-5.968648001650511
-9.31413119637848
-26.314576916586176
-2.84325759149198
-15.659352377148895
-38.400082258107446
-14.913108782437769
-14.995688869261313
-5.657830481649644
-38.70775024874346
-4.891221904539242
-7.336233003146145
-3.819669536132882
-7.587163206962316
-4.451778178013661
-21.07521170185259
-18.414933975121997
-11.434092003044432
-14.94074133493517
-32.3619213711914
-11.441808465458866
-4.209597659826427
-7.708349805883504
-10.687459157686417
-7.652779999121669
-11.168298770597179
-28.306697330792616
-10.482178600771734
-22.457095539929053
-8.629678242166749
-89.54066324010185
0.04633998039378888
-82.07305166269148
-63.62771740725002
-33.233915288112875
-9.177118515469106
-15.71182690937967
-32.3802884922516
-24.683762291850513
-11.043246449417863
-43.5942380218718
2.1744058103331443
-26.933062538651235
-17.12296468300131
-38.30132297565147
-5.3407847869948855
-45.19705277905498
-14.7720611163698
-13.298731039772264
-3.073446933773837
-16.043397754686463
-17.21986954907656
-17.11864959128156
-29.400254896798337
-60.271341848313654
-46.733217047375945
-4.056417020012426
-33.92855685735041
-27.58123133817416
-19.195987056511246
-152.07450923089752
-11.315160008582994
-16.45681771455709
-1.475427082856499
-25.38562618832996
-16.534128048413425
-5.952372995952549
-1.9916955968500192
-11.23474400236444
-35.58036789159415
-15.874861406476873
-2.32994332277036
-11.940619087321334
-4.972532090455187
-47.700545234508525
-9.682203374040526
-16.138842375740467
-0.9569712430339717
-13.96398389347702
-16.211643457686353
-4.838439924314397
-21.71732501938061
-8.110795315903065
-17.754838502742075
-54.27773002117651
-22.770972148167466
-24.602399424779605
-12.847683609261457
-0.9513993084198809
-3.1258516996813843
-19.193946611346806
-14.137520656890349
-12.78811158702746
-13.09604359789148
-25.147025768363278
-16.510711231528997
-103.25697246287857
-0.563967924858208
-17.325812447260606
-8.367120269010687
-16.19710694200511
-25.88343750608951
-9.171509423864375
-14.359341976292212
-30.900367151959358
-5.199017558666095
-46.37704702311255
-13.850570175056294
-10.568061403571793
-7.311855300721886
-12.045909685826418
-16.747045672753284
-4.912239382167972
-6.25829707498902
-30.93798265015743
-11.594000094901464
-38.80113988616274
-10.489924165789695
-24.946780651037344
-30.455897853959932
-13.358640229402365
-17.7805934574408
-13.73881573834666
-4.5813174700757875
-14.257455559871264
-11.90922857640783
-33.98297412482909
-2.928645064314392
-12.267410627823576
-31.664151778767817
-48.838393739916086
-128.51280384608256
-15.375424396925482
-57.749154096411075
-11.824442391278245
-24.182169201049774
-43.47006655419443
-7.222228000292499
-12.29374225505181
-22.465408273342803
-10.868622586746808
-23.136814104843733
-11.621851602139591
-18.737509544755348
-103.98802755581553
-5.054527828000089
-36.27724159955491
-114.23704485578578
-18.263712116853743
-1.4230944779460077
-10.96735418733675
-27.005770569089336
-23.136038772884397
-20.04929469294902
-28.32619781763088
-11.119938650793205
-12.366621673545152
-18.285694291045118
-27.321828682692615
-12.176977613473785
-9.670386942130957
-7.680967355136995
-10.081346418581333
-3.0756232056997272
-12.094139269986472
-12.092046411696316
-12.10056704753631
-8.218356526434906
-14.775850155664743
-15.584522941430501
-1.6261496436241516
-7.391327120060101
-86.72929213398332
-8.78282879605124
-20.842495648759588
-5.291906095139243
-3.4955703872815707
-5.870551724891759
-14.686277149622288
-26.977842853705592
-7.283003032432813
-39.57935296371277
-61.831505002547246
-3.1843510480837174
-25.349257401152197
-25.274979082385787
-13.697328947624342
-30.54993276842233
-6.149481366297104
-27.46756635608274
-19.851649609237278
-12.808121098526502
-4.284041583425699
-4.009308674165103
-3.1735492043671023
-7.959643446056363
-18.038109541287987
-12.046776261935642
-5.060479828909049
-13.025526581100097
-3.900541933655487
-35.250428577001685
-3.730505988476786
-38.51434259274732
-7.843011572974034
-21.781448167773505
-3.394691462196071
-4.773868848118276
-13.098852006338157
-15.151834378410177
-5.5869155699434785
-6.396673732626146
-18.2675716496757
-22.203847955589048
-13.08147092979018
-16.075198791386445
-13.632199736787612
-4.836764146639378
-5.216287589972063
-4.935019288186164
-4.878489669083677
-13.017309436340293
-20.377541058128458
-5.353632685921325
0.031120452647306614
-17.38395400460663
-8.455255996665661
-11.676522868668338
-11.792041413673028
-19.54667019150657
-12.168138542311207
-40.96340232423137
-3.803173531486233
-6.831109447006866
-5.742478439363735
-8.640270483957021
-17.315466844319616
-8.737127815065667
-38.968077472477724
-12.066138278593476
-17.187213772137156
-3.24324821347139
-14.68244656961213
-7.28083461690777
-3.665653106338254
-29.93463138863532
-15.44069935723993
-18.943226258427476
-18.98434431513823
-22.314978439665087
-12.625363407788496
-13.849552060183557
-9.978982337656252
-7.974231005848006
-6.438653664734751
-10.062348315036918
-11.747606601282778
-5.798996054947538
-10.41236588310667
-11.974668170037422
-5.314611352559311
-4.0399538799514225
-56.61697945793349
-21.225135956588066
-53.668938658593774
2.213809879031115
-16.586700854813007
-29.656399429542176
-3.9185328443006355
-19.478256575277218
-18.115001370686223
-6.282854395130337
-27.350390892346716
-75.8883527988295
-18.261439597506616
-1.1705418754065702
-2.679055057567859
-25.452042368826348
-3.566006492222326
-12.73478049190669
-11.339399814089
-10.295913166021782
-37.194234219011854
-5.3897543777092585
-33.53753114589013
-9.484217325842389
-10.213998639347682
-19.524654319159023
-5.8351000066956065
-18.981811618649434
-9.189920839031178
-8.756009853059739
-19.953112754759367
-35.04903399468025
-10.827002856296339
-26.574329214217304
-5.4429428352348195
-11.681683103090784
-12.524787930072534
-5.068620379793059
-17.34021115818261
-10.770120566325081
-9.739049612003571
-26.142845567673664
-7.579386496108177
-32.5573259228161
-25.967808882235545
-43.57371750338593
-14.140394867123703
-9.552746902349536
-1.1722766636025004
-7.8728605772178994
-8.492826530635005
-8.15744645554177
-3.7859417784801606
-11.59110231206542
-2.931643445160135
-10.851650468808238
-17.92984375490507
-53.438602048568114
-33.057155370527326
-35.62334853498707
-7.306235007754027
-95.53586512054507
-1.8231098229074039
-7.607751666091002
-37.012393223974975
-63.14880704716535
-10.39657844201265
-25.03311474436362
-28.750174450980506
-6.478372820892986
-9.619853899802258
-17.592674387137112
-7.599734214944581
-6.122664671995801
-5.038062885018524
-16.002858166415432
-3.6272796401865235
-17.67710267998498
-11.820160615932958
-13.840020043535166
-13.223686472209593
-14.966785858866599
-23.85310112556015
-5.93168714472425
-33.79608905404893
-19.25095950445511
-3.160061980054178
-76.37492959015138
-36.05390354026092
-6.30733036963093
-7.526733721968828
-18.4532425463695
-23.794696037913926
-4.854653006191629
-17.374068865735826
-45.68483295958194
-20.5558100925832
-23.218732090292036
-18.24860950106902
-14.008270055319821
-31.836702832929312
-15.024838533984584
-11.053304420222545
-27.182259186527556
-14.906173424837702
-15.234203353260718
-7.633109515615581
-39.28174419993808
-27.63449915225244
-13.3640526342313
-27.10533074081216
-16.951180818092567
-3.236868439471506
-22.64835772972966
-20.79655995670506
-14.542965473268048
-13.629823395794583
-37.595932136681135
-6.527197358970871
-14.354043685362495
-16.583888603053726
-8.5780650037522
-13.441796164439682
-4.916404629785657
-20.545127052183105
-47.19078016553131
-22.968790166018426
-8.59531273296089
-15.262603161491057
-16.006262035694316
-15.094805499827967
-39.38782407366938
-9.085985800376823
-12.927652049565399
-7.693718310356944
-21.73074056081698
-9.285994297051653
-4.3734049078088155
-15.63880923584938
-12.547025889598425
-4.484223076871386
-40.37025647231421
-5.7756225411142195
-3.80926583932169
-26.61406683771243
-7.354883834308329
-7.651962633434094
-15.721741290430518
-12.309996606541583
-8.4129804460867
-27.39866221075127
-21.04225954868636
-6.712680829673478
-8.7816836791685
4.2528570266910055
-26.72531536547575
-45.17885686930786
-14.890396827999947
-2.940322318405825
-8.773277160406233
-23.209753580074004
-3.0605987545229447
-36.15071035017815
-5.608944342557805
-14.352773144526902
-8.206631671313371
-6.594569201694094
-26.380548217614255
-22.278687689446702
