-21.849121193943173
-14.001678666289644
-29.978783217962512
-61.299266696818165
-7.390240073555903
-9.151079582515322
-17.35689881637805
-18.755604540688758
-36.475261775579035
-37.87867285108738
-7.669183835650153
-18.38421430918062
-88.82069275875342
-45.63932499544339
-22.897272416158142
-29.567242444683657
-109.99598236924056
-34.772597080511616
-8.319224926287296
-11.177077621193384
-19.25382929017325
-37.68261032964161
-5.800983361249228
-75.71224114287097
-16.398522032214817
-10.912014856185161
-4.628293521465138
-41.20517772121863
-19.201511971932103
-17.245943381672205
-21.37527290715367
-6.281200442896139
-24.4402175660409
-19.187133465972657
-65.5833133526571
-21.00267941452489
-7.358704472584975
-7.860591822128728
-24.739176933477353
-75.34992099290648
-18.979705392442096
-23.246599334113885
-14.233049285804228
-54.09350622823681
-12.717484680750085
-46.9451254065505
-33.28745473574244
-12.601396766590238
-5.580364114198855
-4.071708420747984
-69.21739646149335
-14.156221992338503
-10.812787469674573
-11.032608154893447
-3.7142251011275174
-4.7730217690594925
-8.839403539694006
-65.67337171195787
-8.88405681884955
-22.873805944080445
-38.759442182840665
-7.7419124398359305
-11.125558691838075
-34.59263861860899
-25.048311224418413
-13.811464769371394
-12.18772644753002
-21.76497945337728
-6.000573824411228
-46.522897559288666
-9.229739072877022
-18.61775499772705
-16.416648376421705
-9.907957816603378
-36.476836123142974
-12.735521532842862
-8.012991317803799
-35.19570443967039
-37.426564064420646
-14.204660261020386
-8.844130324755028
-8.048281861550484
-12.554392867095439
-12.690498338500808
-4.106419969618262
-9.527633129621734
-16.165531484406817
-3.8995536866464606
-6.05626805761462
-12.65373331619028
-7.512067357303318
-9.21514840559445
-15.846225587963097
-15.869985115846303
-27.68540006304824
-12.392835596668522
-14.791374953898478
-18.837535058764782
-18.945959943386466
-28.034893707216888
-17.65753566092741
-11.785793324030545
-88.2902017059406
-15.38133368538859
-43.60005407429609
-4.467049504757684
-5.784237104621751
-10.608881830480758
-24.447114031784153
-23.495931250054515
-12.866957196324183
-6.063643296472822
-7.207115378366984
-25.66343318154528
-17.656867082954182
-24.637922853214995
-3.56097771465301
-20.828644742022313
-16.158956772041712
-8.590435671306027
-62.55963722031027
-14.674340350133402
-24.716994787546113
-41.07309600630161
-50.64279295938737
-11.371469370606269
-6.229611650621802
-41.16905635277064
-38.31487155482905
-4.687654049034868
-13.292281503430553
-68.94342735316806
-31.09017329359417
-16.071594187380136
-6.893136535669121
-15.68095265541362
-9.327996531768513
-16.09496465467858
-8.984116141270029
-7.256289934254584
-10.633454645539267
-5.023245016806579
-5.422161715558367
-14.872624042414776
-11.274332889079695
-10.268481500895623
-13.339520034175258
-27.97980874874887
-16.472421972561317
-63.53698259397681
-14.91877124153048
-26.06842944276911
-11.561948706674043
-16.556775738601818
-6.6777917071976685
-110.57076617347907
-9.340819202068738
-8.35486151535183
-9.970669174395802
-60.93464389065572
-6.612580110637065
-4.991954607057921
-38.19884892675362
-11.010878087011399
-46.2797796015833
-27.67121613811182
-6.915782454141181
-21.069600134141623
-19.1160259513988
-48.16660059379939
-77.58478567547223
-7.925790183000601
-14.332084540807003
-27.945377033564565
-49.90713410428935
-19.621090932767697
-20.457259644144614
-8.181711121130183
-5.684581355329027
-7.0904244790039135
-7.398925163233181
-21.177157574364767
-32.65972800013981
-7.35269860781554
-32.21603734995971
-64.3081240668052
-40.73003903883877
-16.297226010876802
-17.385543320774193
-5.267125365108154
-21.090042065954414
-8.58705215840662
-3.326592833963756
-12.867023029577954
-14.160801767856045
-32.88016242691514
-25.97051248384347
-19.03041491464862
-23.111363002883653
-20.410944009162513
-12.878026506673217
-7.134674143769326
-21.4896273720862
-2.307891124151042
-9.52429895967942
-32.37094728054122
-8.427452485781709
-2.7783642278929324
-15.616653668691287
-72.36586495208856
-15.074274458725492
-9.38102426993131
-4.369721180929869
-64.20827353753954
-65.50288327999317
4.123544000533478
-9.8908921465715
-9.467381098534991
-4.38060164599874
-10.409887942388302
-4.323412989561536
-79.67124975019696
-25.450067165352888
-17.102230903832368
-23.537547771295767
-15.966478864422822
-24.727845217936448
-53.462203143265405
-6.941939714155799
-25.89569723152255
-41.495272805869696
-12.0163357591102
-5.226788815456831
-21.971921929752444
-10.73432174718796
-19.119350687773345
-3.2496526817526115
-9.679272898303214
-13.701591458850679
-89.4682314942259
-24.346845342648017
-14.373041584874288
-29.296524459322413
-18.84546306455449
-33.34124373298956
-37.01057497421192
-4.803114321089128
-9.640443901895623
-59.885828141041884
-15.459639785352909
-12.596939293497257
-23.215118841355284
-12.378095914544692
-5.1702801258879525
-19.67454506144837
-31.284518971766964
-38.17002659855452
-39.970805746889056
-26.89989769144086
-6.015790523219339
-13.913837151423092
-16.194838314908065
-23.90683949571999
-19.74183762984621
-1.8490426503569677
-26.934674790646252
-9.849022775407162
-50.4200290145725
-12.224665108034705
-26.120927179250817
-19.911009673860622
-21.388101630485263
-7.569922248498843
-10.766688804010071
-7.803555963601335
-16.89061372624675
-11.745657153884661
-14.659045677367617
-10.331540640678451
-6.191964839062263
-23.414790612437237
-11.961401766875852
-11.013662817199156
-13.937256432572608
-27.77287449981394
-15.061115039637432
-48.88576720463535
-28.037624397570195
-10.50832611844947
-3.3306112629564755
-35.01338467487617
-25.45235620529071
-10.26838326772068
-10.38009816335415
-39.976099426281976
-17.93070232408311
-15.861369135123836
-21.632178729560454
-12.742588945770187
-33.908726553735335
-31.10257761594231
-22.45554141972501
-4.506780048972205
-10.47325159775365
-7.016844082657765
-8.36775480647997
-69.19251972044422
-11.10019682594171
-6.235231509109217
-20.18686953629678
-17.50067193718252
-10.391679664153354
-35.507959529569185
-32.69776094968842
-38.30710795855174
-6.080358823110621
-5.294714988748293
-28.865364349663704
-10.496939750099017
-7.7525695709680775
-43.70348601535075
-68.23546137907285
-26.021400943274887
-56.732699979032795
-21.341101854931832
-8.13273307308132
-6.386907307994516
-15.988984774787514
-23.524777512442093
-4.931930714071451
-5.7350184059431495
-9.871747096671596
-13.333091871339457
-5.453761180538144
-20.5922118680572
-6.4838907454268995
-5.828522724369533
-10.899957471563686
-16.764352149996988
-6.4449036688572985
-36.01812259481965
-11.789410651960708
-67.3113881321913
-30.367634754711325
-25.742982488881893
-28.471233285218428
-8.836751472637236
-8.005746324538007
-17.452949237952296
-11.771445882016538
-10.141522246671018
-10.909564978855519
-75.31156229987246
-13.511965151446091
-47.43077351775663
-7.613368447493998
-38.52862212623967
-36.424176720430395
-21.075329612716416
-10.256148478480455
-6.4171211757342395
-6.484467268193267
-6.454712811115962
-27.789966650674096
-71.52060076231196
-6.5716534167100065
-15.09239875162184
-4.59341534748091
-21.588051359134987
-73.43538132953375
-30.49252789721623
-15.405778077345749
-32.02451971641207
-24.91865637843715
-59.52725412036073
-3.7718806837716827
-3.7933162020211677
-36.662131546684265
-6.3729036645805905
-6.603851977821027
-8.431951448940888
-5.618161171888719
-16.049280704324275
