-11.561680086579623
-138.06152747013678
-41.75485248750897
-6.764699946586043
-19.628250955943756
-8.236994522651255
-18.935068268782512
-28.786535397416877
-60.63800786857937
-53.78737703754757
-20.40118820557769
-32.521923417334584
-20.771095472540363
-49.946854872823636
-43.13608330536726
-17.912977489245925
-27.926161940345015
-19.426305679600315
-30.346544511347982
-29.19223465514499
-15.377057060126745
-53.90964327824839
-6.952252841039166
-53.687181541463595
-19.248389526387623
-49.9895188758653
-25.369151074165345
-22.28299551384885
-34.265053338489814
-6.375124233543788
-71.03257684807097
-10.189390619618417
-3.3240258871896216
-14.01773006944062
-10.609187682490438
-12.196512501160557
-42.50474632989254
-22.5906870152674
-9.2093345728331
-35.15015894804162
-15.289068998385217
-7.450175510216912
-14.376148661066654
-22.594623251033052
-25.422104456655283
-17.83977631656194
-8.431110000375682
-42.408160838145456
-41.105069688198995
-17.669802191809755
-19.422982703479473
-11.792766069791433
-53.887425556296755
-17.6635943875945
-12.14133725102034
-8.225890555867773
-42.352535186489
-32.3567738576886
-6.9913235302918135
-40.3771241598891
-46.661623693313516
-22.750611213252018
-8.9259580902708
-3.8521016558705927
-54.254127371263195
-39.492313541807796
-51.66110614941787
-25.739461990913345
-15.799425889136023
-29.80358895479582
-6.094745753571358
-81.31063103208986
-29.054650452343406
-32.6064619237872
-6.924589230432455
-14.759479004687819
-39.326645802007214
-39.61579965504032
-40.320016596624015
-10.049451575669172
-59.969909077913634
-11.116204647762734
-50.7214217870617
-42.001801564806875
-4.680077554408668
-13.761632151780681
-5.290139993560152
-19.227788158976672
-64.6968109546086
-29.854495003687266
-11.363237242864564
-69.63779099257764
-15.593123853732575
-31.596360196218882
-66.03942101732991
-9.740656349811566
-79.14958935219285
-18.13458256283063
-12.758335504174307
-38.176718136726265
-10.413054652892658
-30.89388083443085
-15.715768025655427
-25.378517316488335
-19.740819382001906
-11.222090637961184
-59.18974466150734
-30.19242898972709
-48.615369144694995
-40.521678368222446
-21.68248727484552
-23.069313982490637
-60.32324680282246
-13.02727999595729
-83.44761883580271
-136.28432308612474
-67.02169416039109
-6.984743310989772
-16.65106394063198
-21.302801620733412
-9.423837466353785
-64.41787179422815
-4.600851809519127
-11.593936762040354
-20.727384101341954
-10.539511736244316
-39.11845695308764
-12.782473953427917
-9.61851675340223
-5.328150440482985
-4.848907825500066
-14.765134394267035
-13.592879676878331
-2.555772441149103
-7.350515280896739
-10.333819656490322
-5.588862394178423
-16.46819451102476
-26.69153031133392
-54.06349576206248
-23.97064598837184
-62.523986510653494
-20.90207724254995
-14.624546451087046
-46.421645016091354
-35.34440670942033
-31.805195283738104
-45.2917915116865
-30.92122809236516
-12.79317876805613
-12.001059974123717
-20.39301278546859
-14.198744924781163
-39.57152212560772
-137.76738137117013
-33.32179247578739
-33.467998194781096
-18.871884084024853
-76.20519852286883
-57.47047508591015
-3.36197882421992
-25.18437041382864
-58.850447595186914
-14.246399655845472
-34.01188308047609
-12.143416458765948
-14.697942659910677
-39.80300984668004
-23.20295913941782
-4.843586997820788
-17.25142732213708
-11.446315689658096
-63.325012224040975
-105.22807058608815
-23.487194124839384
-10.446186600692332
-29.281915282454143
-4.071856022761678
-46.46822092682262
-20.73936470924367
-6.0978431341434645
-4.934840881817836
-54.4985666254825
-35.506236096251804
-65.43850673559639
-32.3657100932789
-29.479317244993005
-24.125726227789333
-20.639757932648557
-47.32360957585026
-29.0671198770455
-17.844066113991115
-13.432238713123104
-17.24921756730832
-92.01229283504442
-27.58592551283811
-39.19174183163758
-20.575817089129128
-34.752609188607494
-21.525090843810464
-23.73837071185953
-13.452591044034072
-23.702803116792552
-41.75554595797931
-25.83295291810204
-33.069670393496125
-16.92704301826689
-57.07458363267042
-36.7859740717865
-58.325616279116105
-24.691119281314446
1.9243968369020588
-9.60452237080584
-21.688525755506237
-33.90228988493223
-4.111366459705536
-15.710959603065954
-23.328494469189806
-11.237613952750568
-36.50031615356527
-6.804041352132176
-10.01701279318716
-98.21579009981532
-46.17017718291496
-45.92094490332881
-28.079128080827196
-118.52695313665156
-26.831327430646905
-37.716299447276754
-42.22274098178885
-38.77460549242421
-12.153912796035536
-22.078238738712425
-3.9673017493709195
-17.498517288843836
-97.2740676838879
-36.26017715767795
-19.23233039307852
-23.2494771299928
-10.601227344489926
-70.661193977532
-17.86400511839805
-15.840882277596624
-21.61946857811847
-56.95363012412969
-3.8600993045133554
-23.610056917339662
-32.840499102865806
-47.34320631311093
-39.20658174508116
-39.172258756615726
-22.248974888337848
-71.38336071984972
-51.83457184583532
-78.38749715567796
-16.315211846174478
-6.557642091187178
-5.959020200585184
-55.361759527937416
-7.501962048684127
-11.356317600272877
-19.915368394168343
-60.68383472282442
-6.835068970442931
-18.600457164704572
-18.242297784514154
-11.613478728542306
-21.347105432198198
-38.908309348125535
-66.3778401478762
-30.414556908211264
-55.9786389548053
-31.971955395405626
-67.76910390082506
-26.781479828676456
-21.231097310880447
-44.8462950805581
-7.094723433004215
-3.8838798979276925
-40.38901871301679
-32.91381545487643
-25.710181143323872
-10.713040651476007
-39.18047360196624
-25.805939556951255
-14.597768900442519
-53.73824641412755
-59.81261732564249
-15.25555065274435
-17.76996789244847
-49.78150900475121
-24.054346490546067
-23.440514903811177
-50.2910621927075
-10.550780287726248
-49.47419846879408
-35.21313798087889
-13.777243473153568
-34.95674503804622
-30.368085534961658
-19.91392051806994
-147.21522302654648
-9.440677657392046
-29.997208754520205
-31.28703659430946
-38.41049356684517
-33.42178091500763
-47.01638262627963
-58.91662810556502
-38.72049843397282
-20.52359458003031
-35.30953151725394
-34.46974550128631
-13.945702286113715
-4.130279927717783
-64.24315156458547
-12.96211131404683
-20.484539818143215
-34.025162573916894
-7.743985849246492
-16.746072437602614
-21.121431891257682
-21.85210198924002
-106.50372987355644
-1.8136143922007781
-42.97705242793687
-48.3177805824239
-13.195505267911285
-24.29003158435627
-68.16780836803225
-13.510874267889996
-10.092153167548908
-43.72497033285861
-52.59220938030156
-12.702223423905036
-136.50474522729914
-2.0039969535377513
-32.80208287185509
-31.274301293849398
-55.562448249911796
-10.606887831111973
-37.35796418144284
-8.732991709550468
-5.010152728558766
-109.59322544794246
-161.055060732462
-17.755234509847725
-69.79651836861072
-6.883836284592762
-9.54164563385924
-66.06722262728084
-15.57445292640776
-26.608116673840506
-17.265464074006804
-42.42212501058844
-12.61376531826007
-114.72286229606672
-32.58774476717706
-27.947790704688426
-27.71889210550998
-35.566624363687346
-55.44058090119543
-32.195783129076275
-9.573787744284642
-18.962322024549007
-18.810802482997456
-19.822368008762336
-58.391250568047916
-33.45408336683729
-12.067428877059974
-30.424686919550574
-19.715368560857897
-19.785721044562525
-72.97545764800773
-6.572025759540149
-59.44679688833018
-41.2481881570829
-17.059113794308352
-21.235182855623588
-5.9962707609293355
-28.476818416314494
-25.051079172001046
-42.3543468686924
-19.784585278957476
-6.81684382470469
-18.690720357380776
-54.196877614749255
-24.699538758576825
-35.618585871144774
-50.04213734425641
-34.9129103085917
-14.711234599183578
-45.67599232664425
-68.77253910820808
-25.86359491209483
-16.75334089221307
-5.4640981015976555
-43.638668108287085
-28.992393285083793
-19.563436777008057
-9.949461878775395
-10.293953924254673
-26.880962111133115
-14.485301016682172
-17.710224221176116
-20.119294616676438
-8.248328949285382
-39.03205268261221
-22.009891716669163
-33.64651599074175
-78.40706141221874
-8.170751163612179
-18.822827186945673
-26.438701329314952
-49.183236297673375
-22.25748375850967
-51.945386995775635
-48.42756421013189
-9.97298020501472
-24.204316846323195
-27.006567884434507
-44.62813359850513
-39.939759916727525
-7.983922485036474
-37.87513034131395
-59.62907013364902
-30.155173538040636
-14.560324009394852
-47.00493616125347
-23.737533780375177
-34.2520995757929
-36.498403199502334
-21.64310500702107
-19.1883199171519
-23.603307570182558
-5.395066350909691
-40.94444151698709
-25.867966633787624
-15.741909544931632
-6.358994273237461
-34.98077089293752
-29.671062607629274
-21.6791627830267
-24.854039354296457
-6.0914159610712275
-10.762624206063371
-104.70748797462552
-14.514388652721792
-8.609244950579015
-15.21569359535718
-23.458453658014637
-47.406837771201644
-21.777502659862403
-6.896453164530501
-30.783686396118426
-11.767198317682857
-35.24009073311194
-9.90739528706193
-9.909919163255932
-40.99877794138757
-8.34921528356356
-36.37533432923823
-33.98616903783001
-12.38047325738171
-26.31849377240161
-25.716808140038143
-15.036677728985602
-44.77494335992563
-17.944449611932523
-53.04569698234413
-42.570517131028296
-40.80256463176937
-34.11228933561403
-26.135908867038626
-12.241834965808383
-33.51621621269032
-18.074315936072274
-15.908109738513257
-90.70880786666235
-23.05696224154216
-30.723715853502753
-15.265419510984199
-14.923382464267096
-12.291857824291911
-27.03170005336281
-16.475668228122125
-28.910961471497973
-20.883608865772572
-39.985269586135416
-16.773415544569236
-60.37826174595501
-13.042594026129693
-34.46958238914626
-35.77422849309703
-35.0877854508991
-5.76754932664286
-21.074296157844476
-7.7690424575074335
-27.197052442160253
-55.04001799118192
-39.792727787898116
-34.831318001352244
-13.514109587573095
-78.91317310012356
-58.49251997662918
-14.847950907535084
-14.016491399992486
-27.569222613948035
-30.62046793884568
-22.43737459718881
-8.865470805774459
-57.29065925597739
-35.7809704406344
-22.117416081131047
-14.289624506163019
-62.92594794829988
-11.5915807937119
-6.1664515180103745
-20.709177199125573
-3.400555553468199
-25.561677447785126
-31.806574588909395
-49.50233045793193
-19.808130106645454
-13.368669630916541
-11.717469713029855
-60.4774039058952
-13.259009983684205
-46.86031570349367
-13.977227990242861
-50.59438856302468
-28.183801589271155
-41.00596030750781
-50.99377125525687
-33.0667727743252
-27.81558762561858
-89.16363364448728
-55.71143092014959
-41.31305224362236
-7.235611394749425
-63.14109929097671
-55.099779516033855
-14.52647486080719
-43.43481486337997
-46.68059194919231
-29.622819067193454
-30.149875482103003
-37.629983314650474
-18.876653569381897
-7.317518456459276
-12.169089616223534
-17.953182174177975
-69.78116932423916
-5.9589578653456226
-24.18564032862046
-6.6514233454555844
-6.66610694681113
-4.638175890965954
-12.644515562546264
-11.391309518171461
-23.310148413167393
-91.91299964317126
-10.467703828617736
-23.969045849379924
-61.66812471666838
-65.99292988591654
-41.393354764824196
-37.25643619167073
-20.12659990809655
-40.413996469967294
-26.410404189126552
-36.65410374041513
-29.680902430494534
-20.16177739226015
-20.37536636599861
-28.469052431577808
-28.405183447414466
-5.338254748789357
-18.32219771313691
-29.786455010638864
-35.07895792198411
-9.192347079322948
-17.750942356859216
-2.788471965188226
-23.03064632481267
-28.361456310145442
-33.74130377961761
-24.389066749400666
-35.93832178412604
-10.335743958048452
-12.325277380420284
-21.906055577239332
-9.71278640300733
-8.805621410381926
-13.516838132130529
-4.867891581829445
-12.721825468799215
-20.08517771932038
-6.195516476436943
-8.476536694305459
-18.780726837524412
-60.241067537978616
-45.38600314300297
-8.994219764894334
-18.31150874976823
-16.65657271997487
-15.783565609766445
-47.77200599933606
-41.01496852126898
-26.36114311937309
-58.85683307018096
-19.24581742032535
-22.885340109959834
-23.674730099229947
-13.094207744379554
-22.843659816003747
-17.191844875481877
-10.564662608549058
-10.460598996081526
-3.199274868440912
-17.146212308352567
-7.7357802228473
-33.27575001043876
-23.215024762395675
-18.12090744178729
-21.854562481165303
-36.04340988515414
-8.115747968411947
-26.77814593073276
-17.556583763887634
-36.70426295160045
-29.65221540365449
-27.32143675724483
-8.527221151948398
-19.331506839553192
-11.708055002116401
-16.87151336398875
-8.564425836175237
-10.497546532208633
-16.98612624623825
-33.87550381639732
-60.52168593740834
-92.36880808464484
-15.432645143619961
-8.750136445802019
-9.420606909455458
-17.384503039092646
-41.795340627784164
-5.594704761871956
-31.917034035344273
-18.06702459615528
-4.403989680909039
-38.5653306631458
-32.3494010950342
-5.665894814515411
-25.55651682938995
-32.89160120057918
-75.86971320534177
-33.33418214546134
-17.812951049715082
-4.492248356766821
-14.244705477393422
-9.330945711219684
-21.71474648224711
-21.421770647571748
-23.290010326200687
-41.72057913459138
-27.124172839067572
-55.51001524616752
-28.69047982387746
-37.63825937053327
-30.016676402920083
-25.202240845572746
-27.255806558537298
-21.053633585710493
-12.902700093559355
-28.625549495474502
-38.31589425019876
-27.23828610984986
-30.506923321861496
-10.803126645219967
-7.499769498652594
-59.13582698309529
-5.108733361867135
-32.41813291800809
-18.243669526639316
-27.79707259501716
-66.73764476971184
-71.58004187036708
-60.47806794086677
-34.09842796691461
-16.064272707203756
-58.832205499434195
-19.480913658959746
-6.141962051839569
-6.706648808041871
-13.841910054231477
-19.22198338179704
-53.994984091695414
-34.30225462730808
-24.55383324071006
-46.08079916192518
-40.36712335232527
-67.96432722908109
-33.91397868953771
-79.00756635065474
-36.30760404332685
-29.42949475439393
-44.37090593114
-8.897108162670982
12.469803123735714
-94.57256280283934
-72.28899059993272
-33.71896618354904
-18.806855744840014
-20.735646910164473
-22.556783851662566
-20.75646948846489
-51.10994023380741
-11.030272173785155
-13.379752234037639
-2.7143250956509326
-30.64110432191052
-41.867823437185095
-5.700692631024357
-31.839457106989705
-18.281100239372524
-4.1537398908653085
-34.293740108586995
-23.01028293016368
-34.57733011490807
-8.80854230162251
-22.72579256387391
-6.845794309717763
-20.88835993739147
-10.778773842844549
-66.35970295468864
-62.31787639768305
-11.756744857934855
-18.031697798304712
-32.63650516181577
-20.106551230174798
-19.893245446604535
-44.882317427841556
-16.231186197854296
-66.50217460549162
-38.59891002080318
-31.828081284267114
-19.810251991547876
-23.602418370018896
-37.43991348286208
-11.37774924584575
-3.8277130726593986
-38.55438166048347
-9.26039954864395
-61.03017523724659
-21.98197747951221
-31.546288328989075
-4.374116193516961
-29.01503174624819
-11.29347777059418
-119.23013539695246
-23.18943602320027
-64.1745218081975
