-38.93894384566776
-11.601621733397247
-14.764048423263603
-121.45468583153591
-60.520318989450445
-25.603788364955506
-87.12613600627749
-3.14938582464186
-21.826610937116047
-20.817270428026646
-12.063569494826055
-58.08282841287198
-19.6419924915125
-1.172247038613522
-9.952662584500748
-52.09090227869753
-69.1588403357366
-10.86931907456833
-7.20250038423633
-12.998011248528933
-26.95647705293221
-16.64170516839808
-51.260173242821196
-12.147885267400445
-30.09264564184966
-12.531330246401717
-5.522089699392911
-18.46369445671517
-36.4784356466067
-1.1034130141696215
-25.161545676767087
-5.873601662922483
-16.452875148275535
-13.36386185977967
-2.15753961785073
-27.78789635364466
-50.36570770508494
-31.87476602528995
-4.148319180141317
-29.537438922014903
-37.593437049018014
-165.3139827205822
-5.7271465378482205
-5.829395043158978
-6.5049307311336095
-45.82367924306475
-11.74314592862149
-10.788630926683295
-22.409367047649773
-2.8885635256185025
-36.94181589273525
-23.667796577950263
-30.775937336144217
-12.210718034746199
-25.71442384203549
-9.019202326729701
-27.228699710469762
-7.69000763863753
-12.684641498303042
-13.42451333737816
-24.743394600497574
-11.446765818026098
-11.881667785250404
-6.998031301952156
-42.17882427820834
-19.963770381249933
-11.97747352514869
-15.459278704758942
-11.40138627297254
-7.511979431225556
-41.857647978649815
-56.37416377929129
-25.36438578905385
-28.902850509606562
-15.24843773811438
0.6792583825688253
-18.696509410319354
-10.668900700214708
-19.57989859628971
-1.0075672691025028
-7.523829685934166
-0.38375429129075744
-8.455705420277766
-12.131558753816243
-33.95401888894079
-34.99880785270649
-10.073430297862133
-58.45694176591186
-23.342239756366233
-10.113545317792925
-7.335976702327985
-53.881234492227705
-44.485948176407156
-16.99190340619852
-24.94506225852198
-2.827828580242651
-61.73038390805987
-15.927753161127349
-17.48222209748935
-99.75627130095782
-2.5903758094950566
-8.308963113543333
-44.663936217513715
-25.12305795618883
-48.138836088385005
-23.188298241795483
-27.812046717832757
-19.483112387438577
-13.308980076225886
-1.8301896249586924
-38.77926021215142
-88.68760636588007
-18.546099903874044
-20.994479621070717
-4.710342279827376
-8.627314843483877
-3.3514245929878874
-15.121293364679163
0.970900399506873
-6.586535188810229
-79.81001351784226
-37.81558612831368
-8.001199429520092
-30.363772369416274
-42.89535622456238
-2.1195056484621695
-28.010795843837684
-20.561131543623755
-12.493184167806424
-31.127950542904053
-15.589057694043916
-20.217836013993388
-33.436204118647694
-61.553262350193314
-41.099013711885924
-23.175539299637823
-69.78116932423916
-30.234840771378362
-23.512053798883485
-7.962749746351946
-0.08551332439296672
-12.884558198377249
-7.669736341312018
-65.8573618729701
