-12.594307692634278
-15.883547473730744
-19.613468085098578
-15.402771401488632
-10.26597524361025
-16.365363356291457
-5.371216677864255
-22.735916684414907
-17.19461452762881
-6.9996175689601685
-32.72461006529116
-21.655615122461384
-12.266916794446399
-24.28188441298027
-22.852251149447234
-6.978315982971155
-17.065415185854636
-15.291847676600996
-6.614282382036777
-13.672850689396519
-4.974243927198347
-55.37311105376895
-30.261868749845483
-3.5843467047413675
-10.562135340333699
-27.0613546673149
-15.399342563143957
-12.462662996612016
-14.050714651503323
-10.567635749667645
-9.17754756100857
-13.882952398372963
-51.49175267990858
-27.688771892535737
-32.899496465640034
-8.670462620149733
-4.930118701443224
-32.09567771032361
-10.059309458214171
-48.883436254835836
-53.912917518362875
-14.639403169180303
-9.541694616756596
-31.248694747543038
-19.181172792285803
-20.60078460172608
-12.346849744680505
-26.488405549764476
-8.733875766415816
-13.939605005287415
-24.280822147438407
-101.71047697957036
-23.40354992343628
-21.80719578861044
-15.101918544120274
-11.207125651384187
-26.255691151003166
-11.1845553956623
-36.87046245279112
-7.046447986729159
-20.4710908969422
-98.66217267408459
-27.61951550002997
-16.351107637301237
-11.161173830572801
-7.127461878005258
-52.79062320638006
-20.476915745716948
-15.631249953113077
-13.26040190458821
-12.486595724447557
-8.92459261763391
-11.383367867294636
-20.88086030493105
-9.561159918189823
-9.258639368455349
-16.518890150458823
-19.291426142221646
-6.938160592823467
-20.375021171136694
-14.601530505687188
-13.326233125835863
-12.628307200458654
-28.221193199115085
-9.560203296842507
-69.59899905230114
-19.356785874111484
-27.931802170199735
-25.066693561461253
-61.65793821019927
-17.000177959870133
-21.452720470269767
-9.744407340242676
-37.55094178043908
-12.26643041440467
-9.531665157440782
-28.101854439886118
-9.920311386522693
-27.776240492883296
-13.84568705739415
-16.725335976309854
-10.966952371227682
-13.359058693909903
-11.331502989165914
-18.492735204430318
-35.98346802719688
-18.443421418172093
-20.866157941676807
-18.986715742027123
-19.935843273639126
-6.697664162201708
-12.384111271240778
-6.809308399299792
-32.178796002547614
-10.7288963633359
-24.39602516419163
-9.234130795381853
-15.994557461360902
-8.88545644989515
-46.2740810658703
-10.117219638466157
-10.443219078657632
-16.747036125874544
-12.50031936990254
-19.422201235373098
-7.661191617674308
-14.233432485271184
-17.9378240486936
-28.36778518135634
-5.92346371292779
-77.18819626430705
-31.87351970377002
-13.270677855338533
-9.007857389337165
-14.413561188469545
-24.008073884609974
-22.758168054025607
-14.516845627898983
-6.350385333548759
-24.554512736170025
-12.263154701011278
-36.592825814474395
-68.68378702403635
-37.90982428640602
-11.860076054810508
-81.9175668855439
-11.746957649258214
-14.942665930352442
-8.609651335064063
-64.47907148686704
-15.75636157508576
-8.182021628536466
-20.904851477745808
-14.128565671423269
-26.492861444891172
-7.614726259043904
-17.342154854451795
-10.341373210012794
-8.318602077489402
-30.113667557169506
-12.005257225461188
-35.107960906526486
-17.520258453158153
-3.9605174815390707
-8.183785448027272
-13.182173644176817
-67.3373368782086
-11.561729090560476
-30.61099086342064
-22.379030833405267
-11.75476635178364
-10.33858290367788
-9.562750551417722
-15.094802197730443
-13.540435294243808
-43.888079264339744
-5.046923306467563
-8.766051892374172
-5.046531918913071
-31.897648078774154
-32.82215398946777
-6.122509802064939
-60.47302770551147
-15.914203350407114
-6.044373528764112
-20.385690074032176
-11.260403099006057
-19.681749394445276
-10.060263004881433
-39.21687582452989
-19.59264307022017
-26.189503490217803
-28.329116571754824
-22.584975575579396
-30.058106306228623
-9.06755259839509
-47.59831440201919
-18.63737395237718
-45.61537372655994
-20.46084979874658
-31.630863965262613
-32.11543357961733
-11.41205179388784
-19.284575956288133
-29.802374071419734
-23.20633821719002
-55.76083657489858
-22.75354064078552
-5.901489379455048
-27.817586812312395
-8.507550495959508
-7.574156487718339
-24.29697972891164
-14.280707542344805
-44.47422151038002
-12.09265466666589
-10.605082854283964
-48.86087166483726
-24.357327350417595
-59.54991516398155
-10.409253847834115
-13.207830795956907
-5.688134205625247
-12.856668376128324
-9.307002705606596
-28.489224594565535
-20.997637083816713
-18.390106542194903
-17.719611753680212
-46.47427406410339
-51.61102176047812
-25.513039725167292
-33.69272449101688
-27.734328293919464
-18.14813569081992
-23.652833308405743
-31.832176801689148
-21.144326338692583
-9.758291069131124
-15.114881854892898
-8.06953392094341
-14.365253587589113
-35.12521869836978
-11.435868852891431
-13.220212489861535
-65.51999488528084
-45.03061872404796
-14.473812867772976
-17.44280923063205
-17.613545017597815
-82.91780690756889
-6.186327711280037
