-4.6182510383548525
-6.973834564257699
-31.93846053629454
-7.285025007042682
-6.30328059440778
-6.952588797790065
-11.245351838598006
-6.437910783059855
-31.81712250701786
-9.053276269928508
-17.079955499698617
-25.98476207328791
-17.047635248567403
-1.9062241116355008
-4.56972806839635
-22.711899136881254
-1.7713204212094704
-10.991127420345123
-5.722112831051005
-42.21023231101041
-9.87793943371094
-8.772050908410915
-4.214175380740404
-1.6945067406373535
-9.433469857729696
-3.9068980070316046
-3.523640488227397
-10.315983727188689
-4.808105523639989
-5.185668766498136
-10.81629900408485
-22.249760612673896
-8.524421421174008
-22.272240164430958
-39.761298629290636
-1.8886912804261622
-57.648150610514264
-22.37771725508578
-7.848174830218655
-22.57167702954466
-15.970024273562906
-6.236484853752253
-0.6222925543984879
-19.87024329849731
-5.833107022707836
-48.8885158281627
-5.516713561292484
-12.078025817550426
-6.958720216136346
-18.679357698388646
-3.3308869021996648
-8.555092045514773
-18.518563587575315
-1.9166512440011307
-8.594259071359193
-2.761865855673185
-15.872967603179585
-21.424648806798725
-8.981608577699884
-3.631432587369433
-15.955533408057867
-14.461187117559426
-13.112541223765374
-1.2181846906493914
-18.821806068841266
-8.204382038674167
-17.766808254875453
-3.2371401522659777
-9.02297065206874
-14.971076032944781
-16.19012952418352
-44.19794752661826
-7.151228630837736
-13.39362884600071
-6.736928225092072
-17.384545532829087
-6.374508365472753
-4.864006822592718
-36.89147203424642
-19.201185526006796
-5.9229684892737655
-27.85214948040333
-3.175025151974964
-22.154512841904737
-14.547428997084724
-29.954904401407745
-19.549042402355514
-7.188748751162267
-48.08306309145421
-10.998696197502609
-43.27464044597999
-6.33956254530264
-5.6812959811211465
-10.018408835419928
-14.515058941418843
-18.842943832663053
-2.4155321046540075
-78.79893336809258
-4.970341447775977
0.23088415986839167
-7.212044788354349
-12.032523926818318
