-14.542818190630394
-5.730163933130742
-15.29743851735937
-82.99200187088033
-8.359138323959193
-18.764098785884947
-1.418822182477489
-33.90876277435418
-4.947565902522093
-21.540665852999226
-21.254684814329146
-5.7930633853422755
-12.570652976040721
-16.19036721182824
-26.20093419870302
-21.75495861502288
-12.407132239393116
-5.208275280266726
-4.307638243229185
-3.623115091071956
-14.244351816545937
-25.998482100881915
-24.123308739285484
-16.480385044902334
-10.515750168843024
-49.91154116354242
-12.809445128463013
-15.5023941137846
-4.608258714440375
-33.85746743191478
-30.50951844288872
-35.29833403920721
-16.54254900229467
-6.778647796053487
-14.848418195016412
-65.84334555243308
-4.987877102679936
-16.361450612360215
-7.621194776833199
-0.09133606618809084
-13.425382525707066
-7.768197058337822
-25.37540673877745
-32.6087530219141
-29.205685451404342
-16.29998720016705
-9.66962632523874
-6.148218174203613
-22.223875911599777
-24.416312988442304
-11.609809037834795
-23.22612992667783
-28.37421341079354
-23.504122779021674
-4.49245032683951
-4.970458424737587
-15.718509349540817
-1.7782077351890706
-2.2139163583338375
-5.291936408987795
-12.098755104738641
-26.073148522897082
-18.792442996464057
-5.356553363996286
-6.019349599391007
-2.2417452287125
-17.43117545894025
-44.98727768137116
-21.640808924742196
-48.505498261809905
-14.627699191053912
-30.418066109033386
-13.19907984382643
-3.1624027803217998
-23.5037732003789
-9.935016238164332
-11.9493563415045
-10.044809270542034
-4.676477961041618
-13.883573718007115
-31.098117695839
-4.535698229196642
-1.0683305366473033
-10.128641228811851
-3.0801289126952742
-17.892079201831027
-11.956617179600187
-9.507465031461704
-21.920812829104165
-26.11536138354674
-21.993163509534043
-13.852200310820772
-1.5815827551933488
-25.450993727872433
-2.132973873441628
-29.064969690639927
-62.76500587106729
-40.17870901266588
-1.480183963565724
-22.507345431304564
-33.48459402916369
-3.629541500924969
-14.805739046920117
-28.14171276975313
-49.65258127649447
-38.91374083753153
-15.514188999699634
-12.769882644135414
-8.956777266410498
-21.990782534131128
-3.2982947037559294
-21.511946769771583
-6.49263258011343
-46.027959961165045
-44.74948218329014
-18.451991883450177
-4.648789486568051
-50.406721200951935
-4.862870052322996
-43.660132169438505
-9.137857691449861
-21.145561084106106
-8.776423345716967
-3.1884253545909096
-2.1195518011339423
-5.2606120336170585
-5.121642443898299
-10.45153051512206
-7.154822221197962
-0.8665751474139526
-9.427455982722313
-14.556186276800256
-16.945595111603303
-16.224035342070508
-4.689201199332583
-11.635163711154911
-24.846972456922135
-1.8509440234073808
-0.09133606618809084
-14.056094367950433
-4.50534501717072
-7.789981732418045
0.6337307047440249
-12.224653588711906
-6.79699498541145
-15.579845613745427
-20.0890587483556
-5.416207807469292
-32.75490864484476
-55.32899550853427
