-8.467809025168272
-19.746019033663345
-11.11730919044436
-35.01848892804753
-5.615198232067964
-11.222809478730913
-47.591446476895406
-49.08521217340479
-6.990526324250732
-14.24830714948514
-37.50600112024646
-2.638115704406027
-14.148598483898676
-10.246557889196861
-21.197753341579002
-7.7718201154770705
-20.482846251002904
-4.930954369789763
-36.63585889297651
-3.016470214936551
-28.40617222399356
-51.12342877346612
-16.488729225537284
-6.135248709776297
-6.815971220860052
-3.6487417679014733
-20.920468109226395
-50.44114328407739
-32.387292880681194
-4.8659818671547965
-7.5790598165581615
-5.281709540128687
-14.654911438619157
-5.779735666980665
-67.55979431111949
-15.279817061860982
-3.2192594551940044
-6.557380763484015
-3.419722226324753
-38.12222283554815
-29.64504670231617
-26.572932822302715
-14.5010872275224
-3.99044660040022
-11.129391427081613
-6.697987560980628
-9.895288237643728
-11.765891565345001
-17.685844997519645
-10.539119797122835
-19.513320874289448
-7.720925264290545
-2.8582414589477225
-64.70270946857764
-29.650335514204734
-11.439452220233138
-8.518428765512041
-15.250215920992641
-10.234422460435878
-12.17028707961022
-9.85050230650362
-116.96921455211888
-4.051557809330731
-10.590632866542368
-11.165344743534268
-5.491318806210936
-22.458478629576724
-8.945872785887754
-3.4632450096184972
-17.62982662080498
-78.14713574043063
-40.633393592889526
-10.807860064039954
-12.389639127146634
-8.468228792736792
-13.661732662002368
-9.571972993984843
-11.90729179725937
-12.62089168224843
-7.644830662117204
-2.7967061311932366
-6.023279347273477
-374.6953708573662
-11.518574180100662
-6.620931233136676
-4.72964373564617
-21.39182562112459
-33.79996287160869
-11.96049142334588
-4.904748010725116
-17.79467500395581
-9.271930582268462
-11.528236628122741
-42.38703122351951
-0.6519963801667998
-8.010330547107053
-4.688419274279987
-4.61233305578824
-10.731456506145783
-9.39871774352516
-18.02746080440525
-127.13296052646943
-6.842899372497397
-23.28444771344801
-3.3531853623609984
-7.0818230186917495
-25.111359169582734
-13.80178756481132
-82.49453310048452
-5.7858852990392275
-6.816729046451583
-10.271498518394939
-17.940325832641204
-14.97423417291236
-38.03604499507246
-7.835939130628665
-28.548288664403515
-18.219175703861108
-43.49337325397915
-9.472002324302228
-12.06592962050153
-48.815585565768785
-6.616308226110194
-15.423811387440093
-7.234102294724711
-15.061758922489258
-5.852193325086328
-7.351578094179726
-15.77202513543133
-13.004667028531317
-45.78891469932086
-20.876505443029142
-42.254003531232776
-2.2967716384611587
-13.44514365977347
-24.281520167629868
-28.033349106200756
-12.359644025382934
-3.5677992830092635
-51.315885410880156
-25.207028676153154
-9.708417117297763
-48.524655824759
-12.116043459271651
-1.8555022176459521
-37.67179187367302
-12.088917351941555
-58.11078096639076
-6.385807556328604
-3.2278215403871537
-3.919322323940004
-14.39136043965878
-8.282785595962476
-3.1219009436736282
-1.4470740759565737
-9.440460460204296
-16.596487207130526
-50.48600846391971
-5.721550436545914
-3.9130622252346385
-5.264248786049137
-3.8682597320743173
-8.243479688870915
-5.2117059340808005
-11.480061013378316
-15.174707744185987
-5.910015314296907
-108.64930863753406
-7.987261502588072
-7.49168604167393
-28.737027757111466
-11.557265083082745
-20.84922220028933
-2.7336863596509953
-27.692838259418657
-11.302084265387828
-10.251547818945477
-14.517129950703206
-24.80014457189273
-57.9778228171779
-7.143108368729285
-7.431120847468186
-3.722649114612885
-7.51772055089194
-34.385649160188386
-13.96918721301649
-26.11536138354674
-12.383187668464613
-9.18855289682661
-2.8613890773927935
-6.451833080860453
-3.773611218569686
-0.8225384367632333
-7.558373541705046
-10.45001197174163
-4.795929947304258
-23.257191526759158
-6.168243599600721
-35.53639912689263
-17.5248920204452
-11.894946687539502
-8.871904503662691
-27.66675752476505
-15.606308681933575
-7.901186622658202
-6.950692754821488
-7.044410493178929
-82.0100398146634
-23.049497555733616
-68.10354967408374
-16.582613116501186
-7.558049807927871
-97.20268857275002
-14.813479601173427
-8.052898541500966
-20.297347260876045
-44.6807984736658
-6.578234943551148
-26.533318153152784
-21.455853037478878
-7.7143105521693345
-11.244303811915682
-12.428248214238275
-4.223045243727218
-61.157733383545406
-7.111448397374059
-51.490715298502785
-6.653137843887768
-3.544187494510706
-14.492976366296578
-8.55587265425986
-56.335948581476345
-11.15139136974568
-8.734229738130713
-9.796327032346477
-5.260774313503709
-22.588508956283903
-6.231233145751118
-9.566120761792659
-18.75467532658162
-15.778109709286673
-24.738412907559177
-23.137980916673598
-20.438931704246166
-13.64777277266186
-26.225154159314386
-82.99200187088033
-17.631436602777935
-24.58102429468267
-29.95118474196733
-6.5022676227418925
-5.064667496464474
-14.403222757945164
-34.803473407060295
-23.610073864013053
-4.349597838509511
-82.58557317642283
-4.727812632128429
-17.63884177101051
-11.139181131727165
-10.127210370893106
-4.859047253246022
-10.169432584534647
-2.313159487390481
-5.936356390775693
-37.218353208495024
-29.255019514473325
-10.75014974467871
-29.31197385413277
-11.334142923443054
-5.476872250383346
-12.45104988307626
-30.38575168442289
-5.371155287259519
-9.181882643186142
-21.42523431935999
-47.3933435833426
-5.276231408812054
-2.1117034206372587
-11.632919090864991
-47.153651810680245
-4.465992673936294
-16.934320938171584
-35.73815053727356
-19.00781934762291
-4.464391293307346
-33.86643123155764
-10.184535785842469
-16.330192006596878
-8.540302129457045
-5.986093150726811
-0.9905665729701767
-16.488532085321555
-7.673152114070919
-28.254530261484966
-15.066272444465856
-49.38213673987559
-9.3070394343164
-26.465790239361016
-38.01718855082775
-3.2403136262120946
-20.772263613956007
-30.520497986899795
-14.247160705678427
-19.58611726952733
-127.05059550909935
-28.143435783712157
-5.813027681233894
-9.0166479205175
-9.356416416091594
-45.96010976494544
-11.987802692024133
-24.758790045762773
-5.739655405772283
-4.139884100952075
-12.202679056828016
-3.904514430433705
-9.671408361460484
-26.52007465230697
-24.662982712414305
-18.247105153607972
-5.467211138540739
-8.87954383158417
-17.973401034908996
-34.62339483982389
-14.505014845832012
-7.039964036812381
-9.122273801248244
-7.104554396700052
-26.64245754405444
-4.8822612567060215
-54.323203873896716
-43.810258609479725
-9.183201781739532
-26.942926636003477
-24.825060006910704
-6.6216163523879885
-2.313159487390481
-14.858724282929508
-35.34639029671889
-29.448439843577738
-14.57673361179486
-22.841687304444605
-4.0043495352223974
-8.448935722258081
-8.004244885831069
-15.421186161506107
-7.490842822260159
-36.727119662771244
-18.910535351524068
-2.911915941545793
-5.737154123922841
-10.225753278045216
-3.987947273702064
-10.894267988060003
-11.507239561151623
-13.311563219837245
-7.51917870830438
-2.667098967033776
-13.95855291455067
-3.935480665973447
-12.390295623527436
-42.41194992515547
-8.126802810208185
-23.386328912520735
-2.7933597829700223
-7.155852995369259
-18.888672779740933
-17.606010994764244
-3.202843428565836
-6.074433649503047
-22.51820948732224
-1.7056362309251454
-51.50435231692519
-6.624716820070864
-5.851645742133942
-13.589122379505083
-12.408150570514705
-8.933185636084257
-11.688552819213495
-12.831920008598761
-5.200110068728549
-17.748120924734945
-14.635856947405145
-17.979023031585857
-9.423125212855544
-26.499692077983266
-2.883002536017751
-3.6726272216086744
-1.6566846906658164
-2.301400556981587
-6.40452239045332
-5.8973230833924335
-13.845594304367454
-17.91150687565969
-17.19095704311145
-29.275939851617785
-4.932413895360488
-4.780572516766937
-14.423477152703594
-8.26250612689444
-13.790773547325054
-23.67943625203623
-10.589934320574063
-7.684524586923471
-7.9383174160834375
-8.195310961866623
-10.452762134261038
-15.33164695844988
-100.15341320565041
-9.28710903927416
-42.578618388381145
-25.27710054464524
-11.860225267728058
-2.8900137348486
-19.079064718262288
-4.8982717537561
-13.691395068148351
-38.54191021783227
-4.708157038391119
-7.045638515225471
-17.565693420064314
-9.56463579638388
-18.734971754666876
-18.380257110152
-20.58788233692378
-5.583220946111256
-26.86348865229818
-7.42552702776348
-5.722225743718182
-2.966007389147217
-12.00011906013571
-7.990377178049389
-4.895324694488723
-16.44752424375038
-5.608503208314318
-5.634079023358494
-23.263424190640002
-14.259396823373597
-13.389727025864465
-11.913336489751083
-8.629604792823502
-3.2548756616112615
-7.408262674590912
-45.832947435874885
-4.353893357687256
-31.70303920669824
-4.5048031442741205
