-7.287192297597746
-109.6755412008077
-24.522921606711165
-3.117116891799197
-7.921871478279042
-9.948115122338008
-5.673600653869194
-4.419509808440898
-5.0523806670253
-26.972076206479755
-21.597340221163186
-2.8761272475265645
-13.717552461907447
-12.459448225655027
-21.627444575846287
-57.78527715672155
-39.268056725433546
-13.431515874234064
-11.568662123806531
-54.47040108509695
-25.096109736441065
-5.894988359502426
-10.878330308333178
-2.397543922135633
-8.826982273471662
-24.37754696314146
-11.459575173156201
-15.655470419503482
-9.006116783691564
-13.940872677659206
-5.672158392714428
-1.845296887072097
-6.148702257171353
-29.784240673313942
-1.5270335633665777
-1.7019663043515125
-33.05817276877883
-16.17941684899879
-15.73933546835822
-9.942056986518368
-38.13184106496769
