-12.762183222449545
-16.194091119033445
-25.163014364646767
-8.087715037283823
-9.24211678791614
-3.510876131323991
-7.670605205021859
-7.461882905791149
-10.072856961653637
-10.081580797028295
-28.306761553748817
-7.50902220891991
-18.208677097899322
-38.69163666589352
-7.641489635142151
-31.01562693074531
-5.446491860113535
-7.021886130715664
-11.18963182112641
-5.444971144776576
-7.708778455978868
-23.923921549265298
-4.2747059991485425
-20.774264955626816
-6.161192576970798
-22.14518510722183
-19.570943152630374
-1.9750758080081605
1.7489276030293885
-28.95420928140291
-4.213252979765169
-1.4284099148550338
6.44960462739658
-7.420960861681779
-6.657804267139122
-27.687907001531286
-2.107906690850334
-5.244789337231143
-8.155873442837658
-72.67954770452361
-49.87561938357898
-42.95592480092435
-73.58690785079482
-19.2595954654306
-17.136995086056817
-35.80478507943421
-19.949092907443923
-48.4809810978005
-17.15173620006008
-8.83874923954114
-12.120648003601842
-32.59386459237816
-14.757891265393043
-14.01551446375825
-10.558303676461968
-17.572361043584976
-8.347074524989582
-29.568316130239342
-12.318825275513024
-7.419284136918972
-14.760587614356899
-13.77607332807352
-6.1348030619273715
-8.49429876833974
-5.573354096984679
-12.612333401830034
-10.554084561640055
-32.95843472548036
-45.6023483287748
-52.999516458462885
-35.898860309213255
-7.294249261741363
-14.337780513611964
-7.641294953375986
-22.76985462941855
-22.341932254730548
-27.939348333253346
-3.116744003569303
-12.352769738280726
-21.831950312467164
-5.755754414947355
-28.23377211199255
-19.95721161836544
-4.203668572870019
-3.1498033309645734
-30.707197116947818
-24.3429320666335
-7.238865835902632
-28.771546962192183
-19.657414814386975
-3.993351916496576
-7.101171006162398
-21.971597763716833
-3.004706768587648
-5.681194243397828
-19.820475766272335
-13.264801534492483
-5.17608029402988
-22.91196911034864
-11.618384238659099
-7.843888029249389
-4.012592221315597
-17.16277856953741
-33.123872030365824
-27.918274547396084
-22.91644712414145
-7.236988635969925
-11.995000663502658
-3.5179742754229397
-13.557462734399238
-9.733528620434818
-18.109207438152694
-21.341323109931892
-4.309600953697088
-8.365335694456249
-5.924089723053974
-9.375281994826146
-15.376392803996465
-12.82659406897121
-39.90222494119172
-3.1781831200664996
-14.483207809299818
-13.943544989125614
-55.96020819991973
-15.700250932770142
-33.99255120675255
-9.966412598853163
-11.149447927975652
-28.03497620633598
-21.59259983585929
-6.833006980064898
-33.79476783176782
-10.936807555353736
-11.88553393657576
-4.923146746902303
-7.30216770411495
-11.544253457118309
-97.21501904720901
-12.173738137597985
-16.794214597887468
-21.851257679057912
-39.70525369485937
-7.370579799082063
-6.394346985281162
-7.062720048176987
-53.240364149697776
-10.10462269024301
-5.7346452324618
-4.155950589530169
-22.53248550443192
-10.43050301382476
-21.154979351978294
-28.229371942174218
-9.71782343977401
-22.176224971366427
-43.20708120927891
-8.964348170999973
-21.705764306604177
-34.865270470213986
-9.373266705237697
-15.833964975517311
-4.2370205374738275
-4.726583817082149
-55.84143510912457
-10.267050679221546
-14.513945385241833
-12.935950966864725
-41.14902975069807
-33.43863142558353
-14.792685941950284
-45.51727981155854
-24.577967774695875
-13.38929864996418
-2.7838172642913066
-8.181066966296626
-3.992085609917326
-14.419482064000945
-15.014765716272269
-11.865778288456667
-9.552525403232835
-30.3529630367041
-8.655431481310215
-13.409322974076867
-34.536322041951784
-18.41200672597403
-7.857484404043278
-23.448198936130552
-15.223400050316974
-12.140779639176388
-6.056768909577312
-7.736697662175171
-16.76815202199251
-23.068530399333476
-36.12773496431854
-20.694012032683244
-6.3863631471569065
-21.3738437851012
-4.023349974904666
-52.109861429547664
-31.268382311550184
-30.978642576068726
-58.96421711965185
-13.679946736860071
-27.223594781645467
-8.016926310553583
-7.99007735511981
-13.023810722434199
-17.627999798406773
-9.013739025731898
-12.441555956133366
-21.488162028412905
-64.47314394292668
-12.693153816592723
-31.79081597308647
-7.951340371009696
-5.2640591913126125
-13.583691245668643
-13.471570436071122
-12.260063917764674
-21.12649903823901
-45.90338077687833
-27.110618393878593
-16.340269986908112
-14.758326785526801
-19.384766766995167
-34.273538386873774
-13.979482679943096
-32.156944461954154
-20.049858819358843
-4.247562493215961
-53.715436676608434
-40.00059053557555
-5.872669621821325
-20.886649654760745
-19.93689009418724
-17.39683385051783
-11.684312087809236
-10.630533599852768
-27.42663498288095
-7.309588788530148
-16.84873023731798
-13.565099174275456
-8.95033868477074
-6.900714432658931
-23.39893365769136
-13.55311097147223
-33.253398687945236
-21.467647676179638
-5.8929479333650185
-17.66582283181397
-2.271420962560518
-23.691539726631724
-17.655213689988773
-33.571624525675986
-20.418499994537953
-11.769008392442691
-16.315198580195684
-23.537547771295767
-12.669483864541233
-17.391454633947316
-30.489415195661476
-2.928792126414967
-5.720511880889395
-27.267779553638437
-38.80602367138308
-26.3895367274166
-13.608504603867404
-2.547575977934341
-45.13714939471923
-17.762682074063584
-10.32332275065663
-21.96343806444363
-8.29617590357947
-24.074668838687728
-12.42353519274629
-15.080555820511188
-12.634416092220699
-25.0028235282192
-21.61826795152319
-20.579252456817237
-13.295382562177426
-8.127023099342752
-13.501423409163891
-60.72474466438855
-11.558972198731107
-23.759089097333312
-10.91218347481976
-15.94260647822432
-28.514587639986264
-26.972219148980432
-6.110744429812074
-22.067013905800188
-38.68761818905587
-4.7600082864921225
-10.52923482401501
-68.79942876354556
-16.20865888868164
-5.392493939067786
-6.182929182610102
-7.435825642337086
-37.128032737919945
-3.412184662965343
-35.26558882178078
-6.68221780892869
-9.394475015292288
-29.68026314770212
-8.003212564272564
-8.38767643708613
-20.045885439249638
-15.253670078837713
-19.408851765377268
-9.673793732263102
-32.83856066744226
-58.168327353026676
-12.779934653011662
-20.2327019148327
-8.58073707169725
-13.421800578844241
-34.20587058043622
-17.98471365744584
-4.885119287112346
-8.51136350387168
-6.884180689427763
-19.243376974811177
-9.342326479145479
-13.78307060889715
-22.62380801112331
-19.244954542462533
-29.691542920188944
-22.280672208173858
-49.98155285154253
-20.647856488024566
-10.873522891011852
-9.400038652090823
-6.459431207253877
-10.075959739745473
-12.669546464872587
-42.528170710252446
-81.56045734649162
-7.491698025796394
-4.855669389171171
-10.384720430631402
-1.7191739274969795
-22.844065979809876
-57.44900597866447
-16.427555355754976
-9.37138077949613
-6.859153688410028
-14.031613819586555
-15.09274936899294
-33.77990647474361
-11.593460770382505
-14.965662890832382
-23.837685923403825
-15.297761616485282
-36.954448976948925
-12.449343411847659
-11.440188450878955
-34.24814409317937
-4.407884104992742
-10.500271306723524
-22.716165425094694
-10.9525413065425
-8.236650868467386
-12.615658110754435
-7.532191557720645
-14.162825012345383
-21.185506830268746
-35.42655247176013
-20.22945437375596
-31.282387591293443
-17.81496017029431
-11.099146514059825
-12.346018186830376
-3.970705113198676
-10.580013378796602
-7.397906870840969
-8.873630394065728
-25.806338793058572
-18.889612667225045
-15.424974040558835
-89.9614524278481
-6.316852793539183
-34.42434959909849
-9.758493605228836
-3.5501144450945454
-10.053179862281638
-20.381997140832627
-48.464913741544606
-7.404233884635037
-6.096021756612946
-20.724128063166177
-6.627956631786864
-17.75919648009369
-29.5597633406892
-19.41600001787483
-39.72407883194123
-25.61620135593261
-6.916276795408308
-18.634702592749466
-18.102096674745408
-41.57199957566156
-5.831407689995321
-11.41951628049542
-40.17969306839611
-19.116011192294522
-13.765963440351157
-9.439209593620944
-16.31083361283354
-15.588927064102698
-18.94161688095841
-34.23641327570895
-31.285137375105474
-9.102361911502232
-6.784470226257045
-3.7236744136141873
-32.83789829542301
-6.439855225222409
-5.831072669666058
-15.45410500557152
-10.24257761692006
-17.31806591788815
-10.093888094487593
-10.326234924287045
-51.68304638123541
-10.303710624267447
-28.66403419753662
-4.972857074579668
-24.55327814838355
-37.12180463176849
-8.86602009466222
-11.284432976002252
-24.026047134586683
-9.881060317339388
-25.237504208197304
-22.620983435620122
-20.378361678254794
-5.347101823715711
-12.724491152822083
-15.101996877242138
-19.9497530970187
-9.034074349529446
-9.011053031515395
-13.119537012608523
-10.650441671316315
-10.828973570828811
-39.59558204829626
-23.82712024058908
-22.61289511861468
-17.40992155652193
-40.10310675632187
-5.009893848128651
-29.70670716305199
-3.774268843112302
-18.289962340549646
-5.721570572354088
-14.911031723300335
-34.920157573064145
-10.765318404767726
-11.841187325254987
-46.42648226765687
-53.290959187708225
-2.407352716273512
-4.479026275558084
-13.857152076466575
-56.85939880780112
-8.676456245978805
-52.15536099087956
-8.585699471345341
-17.153200039431574
-20.533298891270565
-17.475333968591745
-12.936195533908215
-7.477736821437566
-40.67590391494996
-4.1892663090825275
-5.283236846843494
-26.149546310182174
-13.528125070443087
-6.374914124590312
-16.78096528680758
-4.824277033216965
-24.575642620279666
-12.885474491640917
-29.663089720202723
-22.75050730575782
-23.29264505509774
-62.64191003747257
-2.6866021403713107
-23.445504704872825
-24.48051732891574
-20.4517878589578
-7.327811682484436
-10.90952484731366
-10.702749042165339
-18.345580056987753
-25.064790649188637
-10.512666818353415
-15.802399840249777
-17.627085052948157
-7.112227020511855
-79.56037194853143
-32.14573396073005
-40.51596434605667
-23.609956284255773
-22.56995533984139
-8.64047868607806
-78.59808306360658
-8.454094622016102
-14.070449295358673
-5.548111217594845
-9.276238569649331
-9.618670548504294
-12.110164904221644
-8.051800360104732
-22.040865958443806
-34.91061910372093
-18.360877912307444
-35.713092648105864
-18.68993145583378
-11.069282849566187
-35.30739936061009
-9.91715464474222
-10.747312836532885
-10.396915135860953
-13.19119492523613
-15.465824276617573
-53.44679020088274
-33.10466541887614
-12.506565564522717
-12.262457066231578
-23.025318514351657
-28.709228154928798
-22.502846622407432
-9.749639233702728
-13.458383697556778
-22.68799537225119
-9.225260061146233
-9.212955778536248
-28.707853072703248
-5.661819201807837
-21.70853490283501
-15.012540546379771
-5.48760742155499
-7.448645684598841
-11.481018074834138
-15.25365303710121
-9.314881986223263
-10.092096164637379
-16.25494290685623
-13.832087449423518
-15.254257603496765
-7.526773669925628
-9.365092014199028
-12.213679720491049
-43.88219713810838
-14.048832391740946
-7.011821470444418
-8.386039461120628
-13.826925261855967
-16.229864857508588
-2.429051126038746
-4.587989086346465
-11.060572060042073
-14.910657741727336
-12.057330064438073
-14.434288512696556
-16.608734524589636
-45.011936096075914
-6.873827051478113
-17.95253738158281
-8.865185906787854
-12.33439270857094
-23.888312263088846
-8.867088002927474
-14.632809024768148
-5.009250866291061
-39.753985141741325
-6.6268812565050705
-20.537874858383375
-50.83647862830928
-47.653585042709736
-27.016124592188376
-19.281095490490685
-10.73140057201029
0.06347628426970216
-8.898813477720845
-8.766992700563204
-2.6969207537692954
-18.010348950367288
-3.034837076527261
-37.641819962391736
-11.039801139314731
-18.699235826399224
-3.331375157989869
-7.606826959378431
-9.65844015149009
-8.703792795148496
-7.599891491723444
-25.405088888962236
-17.8472337442639
-9.923169234506503
-6.978888466478811
-20.92673973767876
-21.882105735581437
-14.384268727520197
-13.625436419731894
-6.617613855150037
-57.081196934268924
-25.228216312978162
-32.61482434050844
-18.996532558301592
-8.99278567493489
-22.271193818904134
-35.37399900075825
-10.76055536707556
-16.494636681251514
-15.196538684515788
-9.423321872800216
-6.842917750669489
-25.716018969815817
-19.628998570703036
-19.285189971728602
-3.5870841115908014
-30.62593248858809
-24.903994453902577
-26.880297049566952
-32.509330230228564
-2.997488277315953
-18.148074150493887
-13.74650931689941
-14.944565484068708
-32.47356999636838
-24.875102875989494
-23.2365020500085
-4.1892663090825275
-9.662074525112182
-14.17852406536563
-36.44179065902561
-14.65715506747388
-2.284398830340873
-3.8069399876796477
-7.822326642350367
-29.558657919061098
-17.051749680410047
-9.590140506500525
-7.549468569965478
-7.95675148288382
-40.10557747991309
-6.452037653604282
-39.16547335215001
-9.299312013549835
-14.130248823353787
-14.70327485953648
-6.850839344119045
-65.46948805977529
-28.476818416314494
-12.744292317682838
-39.266674970809895
-6.125690677883872
-16.357402981449216
-4.2661819435338915
-11.977996754069132
-12.07011318347864
-31.4196227052345
-6.990118198690667
-10.41884986263042
-55.666626473686584
-26.95815206536728
-21.30825639537124
-10.454980790049014
-50.23309113698315
-35.79647876026779
-24.554732289256307
-14.102244967425206
-2.0459335957103817
-22.46423766385947
-9.563006746528947
-9.449685068752387
-17.566836120844165
-14.061336674693008
-21.152792049482173
-12.982023399718953
-11.016126411518735
-12.574090783215503
-6.4676830149974975
-6.462306175840745
-22.759368102341888
-13.017799328368149
-8.907791578329217
-15.847676234353866
-15.97706475396854
-19.602698837769434
-2.1188313162743646
-17.131624187544155
-11.99102357984518
-11.514669178403704
-12.276791866171532
-4.552773733712548
-8.344064679391069
-12.601579645873825
-11.413680677361576
-8.330523159750927
-12.194321003919388
-2.7838172642913066
-8.301462589964787
-1.5174185382636305
-24.34084249062975
-7.620689815838843
-7.143861308383427
-45.602282823534146
-23.108641844077056
-42.4066691056804
-13.828245163783407
-18.931964315886933
-14.348042266820277
-12.839260217797559
-6.936995412666629
-21.535942891173516
-19.37766374783871
-3.2911509002947588
-23.49067300715405
-5.404430298163657
-10.673362783661808
-45.42211834718107
-6.624335770803207
-9.776677754643899
-31.67546511974259
-31.732956781007765
-18.498378177991327
-11.766992360609866
-4.177710218999501
-3.2116646127988235
-18.307411041150733
-14.2322948158421
-8.436987584963227
-12.002251418134284
-10.57433416646534
-6.951032663828822
-15.294978324148722
-7.186985852528935
-45.73527518740411
-14.941774743568669
-8.331705319252727
-20.914790282826818
-15.176975597764255
-6.7835996724087915
-48.197373384755565
-13.714606727324732
-31.713009973837046
-40.127245754890765
-37.898073870351844
-35.168983950520904
-9.395865761897486
-9.629315714884886
-26.456416932561417
-37.75887004305347
-7.942172839661715
-19.630497852997024
-14.638497468156482
-13.373585543039788
-7.460544613509965
-56.885911071394
-9.306670041458283
-44.78625582871419
-77.93032791436397
-18.10178657392202
-67.65724561865956
-22.651088994689207
-5.615072754913651
-15.850467271993539
-31.228947593320044
-6.032846660342426
-7.730171990281179
-12.255215823423198
-7.696960992797284
-9.175540672949404
-5.593059654900076
-7.671807548092681
-27.22328616364418
-28.24617939062409
-16.710737886401265
-13.982972032683309
-2.724575321626161
-17.137074215175193
-8.413505921558508
-18.50706079473566
-29.2951336197024
-23.07235390957816
-60.48011345007428
-11.444932145090362
-7.1012693238349645
-34.85760101961741
-6.485919942055353
-27.010076283321517
-9.026786175193376
-20.000608905898872
-4.991271744704402
-17.521927365826514
-14.656513339532047
-12.292048610389923
-18.23480713988744
-10.576822726287215
-26.44052696710207
-16.905741024956278
-13.834680814981354
-9.305249224403799
-17.56260710269371
-3.827836096109989
-20.147827007776655
-9.011577404389767
-18.321078051198025
-72.77321239010175
-20.75855837261447
-24.213526108049464
-4.757500196374831
-15.209607558953282
-14.2541209813984
-8.243788018121204
-11.322723306652566
-34.33241621822268
-74.38289154061219
-2.7838172642913066
-37.725346477069344
-13.570416130718602
-5.884945723345854
-19.178220766385536
-13.628901182373557
-41.67855769910326
-10.137377067191416
-26.927785351996462
-24.19171523311107
-6.162226749404474
-29.892504511012184
-28.137482905147216
-33.44721338935554
-19.74323060424727
-19.736232337994785
-12.887117196256193
-16.564408415509522
-4.884564700062504
-7.42288517527825
-16.147381460437554
-67.58349059424451
-34.359821068839025
-5.0698007836157
-15.86263997804995
-11.449848102853498
-12.281327803609608
-8.875649020860877
-5.914629347054383
-25.674804903889516
-20.11311635809208
-1.5292074973712275
-27.396320551490867
-25.246842813624212
-8.944836614195793
-15.516582127600516
-6.44456695757194
-9.922761555024067
-11.72064407213883
-19.097549878453595
-13.16973498597153
-106.58389777285382
-24.929734795489434
-8.11577927359226
-26.921533244567136
-8.656593428833231
-6.929634457971954
-4.114507865932637
-13.347132880344379
-16.07047937017195
-2.302117229019862
-12.282544184679637
-5.627084867767846
-5.569431211547351
-7.671130432569651
-53.01528839795496
-15.931559818607806
-29.299263542844912
-20.17133097815994
-9.911275938929668
-23.2768199314357
-15.315199384508494
-2.630806515272098
-10.55676935201105
-16.544392990906914
-68.88014762928155
-9.790890866683865
-5.813182570074422
-44.8239145820869
-26.068829010058444
-6.159358347725261
-12.707799598296207
-15.362254778151723
-6.490880191080237
-14.984869676492483
-19.522700323430815
-41.970145211967036
-22.342588185253096
-47.634984867433545
-39.77992732814458
-38.62965038594101
-76.76807257861572
-5.960328884388887
-27.118691469457236
-17.630771770738786
-15.808718903730968
-11.107839659536813
-14.904188051009243
-40.75424600881127
-6.341247449122844
-11.304179906683949
-20.931933622839274
-4.950723614371925
-18.084001851166665
-7.704423306393866
-7.627535630480366
-16.598744625345493
-12.804527905431629
-24.023678092437493
-14.38919284166189
-13.751136793332192
-5.488636650013197
-158.42374325350156
-6.190571841384399
-11.313136086681467
-13.156349226412765
-35.1916643070154
-7.900327489740336
-10.387990146416383
-9.623273165022452
-23.77414211241167
-16.088490871099825
-8.288379056214614
-13.928296263479202
-21.005952539704328
-57.648150610514264
-15.782733328848472
-11.118450995912456
-14.02202880688376
-15.182598159874239
-11.054107945707374
-15.849475412300453
-45.09454042879557
-27.578833167238063
-12.767843326304451
-8.217646610916566
-8.440420529778
-18.870555135062933
-27.761633935754055
-33.148604996723186
-34.52621973536138
-13.89442513957274
-24.48927270854279
-10.757975832013805
-6.244236260855798
-16.077732240283936
-4.539638538184547
-17.414122900800614
-10.554478125229183
-9.137319659516235
-9.965665636561694
-2.415757985864958
-20.78080063093727
-11.697979163140118
-18.093487703871816
-15.94424576688711
-8.456876886674593
-6.776680656520717
-11.787620094591228
-11.870509382428974
-8.091326353884533
-22.750277732966474
-6.460962051102474
-8.213797190373668
-25.307201542996683
-6.815355033207246
-3.6882753720193193
-7.6796721018453145
-9.93471012150501
-8.11907122658288
-30.929349241459775
-6.653025811330788
-13.666535370662128
-39.99323066293405
-17.023745319996245
-6.5043818348873135
-22.685989450687337
-10.971887680444583
-5.943999705589873
-6.5077484646726775
-10.979252971215656
-7.3418592403737195
-109.0251887726127
-7.7658804436359015
-32.73237518285115
-18.709296794324338
-12.066909322417715
-10.941850220584291
-32.50497347796687
-23.35844654543799
-3.5098132185490307
-14.896729625715139
-11.507310262064324
-22.084745691349646
-21.686556092927887
-13.929600756018944
-7.586605840317892
-41.047569082435736
-6.140318073166558
-43.971029106978946
-5.488009403437127
-5.126898633914749
-3.188810425876796
-8.388371561770136
-40.99895210507593
-12.301652430914633
-32.428919581333396
-9.987730848472939
-52.37637439194672
-20.465401519539718
-8.641811765246546
-56.570257843578446
-5.9156954961827655
-11.58744376750246
-6.128616211958428
-7.302874222711285
-11.037248015899566
-21.70460896512152
-4.956055098502302
-26.7526949351941
-10.09869012491646
-17.747413402442437
-12.022149043762358
-40.09274266736063
-5.026823520081649
-6.43453110987821
-5.908791619635453
-12.018841397512492
-21.664713327217285
-12.47617431039905
-49.934666866097565
-18.639803530043725
-68.27007713323962
-2.856950487716638
-28.017693435776
-10.26132143938479
-10.570524607347462
-8.136930213314033
-15.42574827729041
-6.666275816798429
-14.804997633504948
-7.9601890961443145
-4.676537775087616
-1.849556194490884
-11.446566767277572
-10.245638755835845
-14.898506928567185
-20.89176964246484
-8.325722326612729
-7.3836974204992565
-19.85760759871468
-4.010715826657962
-33.87951775118449
-78.47697805519779
-10.002167910369907
-12.207695926708993
-15.245219253798115
-33.67680550360986
-36.12594519352494
-20.334552083183244
-26.010640077412877
-79.64079894047953
-11.97414347647971
-27.925377397434218
-13.190848581207112
-15.836531858886408
-15.34503809028975
-6.535596596505444
-4.145792190629405
-14.064001194408142
-155.72261584931962
-9.168601720795131
-4.118341917519206
-10.834672685738148
-10.934048112683177
-16.307440099528673
-6.127114530783618
-13.513022537509581
-4.44974287966185
-5.647873043082063
-10.95528974798169
-15.043315743245394
-15.724153034031277
-9.351488334120937
-44.09814010654121
-22.13223993291339
-17.066808882437968
-21.3710125150739
-27.081141801100358
-29.945375595106256
-8.330444911117823
-62.88008294458262
-12.46730867805056
-44.497653841160435
-12.140124000097368
-79.6014341806785
-16.427779276912833
-11.56980651399359
-19.92782468992266
-12.05978543778519
-3.9308224005747943
-15.574698630713657
-52.64417855329226
-14.213310236002975
-7.221403349056431
-31.61321313358372
-16.24981152990603
-8.226434812323506
-24.815137940650118
-5.654752335797742
-11.197600438542587
-15.634758219894469
-15.17218846421692
-21.014199052342633
-10.253978569965096
-12.99803012198904
-5.853850905100188
-19.29288176586794
-20.34184968424883
-10.82823781460729
-15.4498793023212
-20.42297892995586
-23.019619109409312
-12.940483016550075
-10.224445333689516
-2.8311426685235452
-7.4127874931261175
-61.43605296875379
-8.093297482755998
-21.566298135443738
-15.957917104189226
-10.031297437800061
-1.7386348660423334
-41.42301023962532
-21.806840887542013
-18.595601801266042
-8.258470578529648
-69.87286106750317
-28.301691646929495
-11.056746001430131
-6.927680332959076
-8.965301778601043
-12.739845028113539
-40.48465121661449
-25.61995901778517
-13.530456397808752
-44.34687596028094
-3.981670776009259
-11.110890312570906
-13.708784006190944
-7.053208766831487
-16.629798089695647
-63.57917055748923
-2.393219255041171
-29.368262233151697
-9.688909424408642
-13.69781273381808
-20.790944100222255
-25.321456769155095
-10.942717740498134
-8.58420334176347
-18.13092267281941
-6.7159931009970375
-3.658381039034235
-26.013593256314444
-22.309131334295746
-13.575263471254683
-30.12496639036576
-6.50463221460055
-9.435340822348726
-13.042594026129693
-11.542435130009617
-8.612150205718569
-4.498674038408163
-17.99702309111177
-11.865521786040379
-20.01194508954146
-12.654098149393482
-13.202157402120983
-19.1605882587306
-28.47552934981351
-42.47576710422071
-14.039766562976084
-26.05588822141797
-10.602894920475162
-8.848508661973472
-8.03614736288577
-30.718447230888458
-8.508276329548424
-39.54747262514356
-75.73286795004196
-16.563815188927126
-11.425901733382883
-31.93937074512772
-9.632485998213545
-13.345197801485625
-6.11070362710968
-20.609702072888222
-34.67646353560991
-36.46704938498745
-14.846505254530156
-37.926556669885336
-14.261863329510408
-14.000775048306622
-12.514262016213891
-8.117671031576089
-19.728353514028424
-11.662117085892014
-10.71934794612535
-7.29987647770762
-8.124624033120726
-7.338256326577633
-47.57712533862674
-22.68161970718294
-8.756403647614839
-14.057865579402902
-6.278192784570525
-143.21386523283655
-10.969029470371119
-6.752229503438283
-19.27633647815771
-40.83009385501168
-6.436279862184416
-12.3845273481136
-51.990016931817955
-18.49514728827605
-14.710714114899893
-15.981010600048538
-13.885708772938369
-5.622509224029363
-12.39698303050857
-27.763049427698004
-19.656244613110886
-28.436538486708418
-8.371137322875292
-7.528562327469074
-8.583130035954184
-42.95555123482088
-12.603224203874792
-14.625623736869608
-5.212683375295641
-7.0950429583604375
-25.070553946247887
-19.357893750911394
-15.622358416217887
-10.282341804251937
-19.379102901035242
-12.20855308632124
-19.466733752980396
-9.120481350476908
-8.687005333720515
-24.736035599733295
-6.2522832324544
-19.716298716868316
-18.633642535238668
-9.30047175348528
-8.732063702681694
-5.377892523462724
-73.74982532172635
-15.55482936563727
-12.048590632055875
-14.320387311336221
-25.74620781966936
-40.44063339083078
-6.2713803289103875
-21.892785350751996
-18.044267024225235
-12.308885166059186
-12.966164237099731
-5.553741357517563
-15.027475048616987
-15.3173934450739
-6.3635641855853855
-8.088869580647723
-5.3756958453103545
-12.13754214251924
-9.644771670077048
-22.037319822726413
-5.048586425882228
-27.964963848157918
-9.871618252919474
-19.862501471164435
-3.525481013883295
-13.695055467672498
-6.371095069467244
-12.126344932627989
-14.459199926383514
-21.77287198322213
-8.056498304350475
-21.41731928296654
-12.810255465477619
-20.866676854050553
-12.437986740209864
-22.882384203599027
-5.770280851182273
-12.750379748252323
-9.135264485842958
-14.11203851784995
-36.68956769783333
-4.328639372022168
-3.0344360104589807
-3.999180244327738
-42.67967533208083
-56.603455662190775
-19.02418980629757
-32.12410517570726
-34.75043884399654
-10.751913488519483
-21.065119796262593
-2.641603635683773
-21.302205577477437
-4.601173464519703
-11.007317372461646
-20.490444342293884
-52.740677513587684
-47.03354668171268
-7.229699450763557
-43.04081084982528
-17.182426685261696
-6.518022988830089
-6.3454950097173475
-11.493524834901164
-35.27498405727353
-16.663384564540102
-10.24729865116188
-13.10866958214443
-9.848650980205814
-6.265605283717111
-15.902555120447817
-4.91377196197127
-18.08192204533649
-30.46118488464718
-8.078071195300804
-22.675511665002634
-30.257752196043757
-4.739468683885112
-18.232500510269908
-12.940571670390822
-20.00498036371576
-2.478145605246538
-76.62250163515628
-5.699201287860079
-6.116943462505651
-6.110220330250958
-7.743013719485182
-5.9090490506026665
-12.95905650132013
-8.197424076443331
-14.596557132840394
-6.6771737686726835
-23.13772852587666
-14.464388616242195
-41.20517772121863
-3.334017047440266
-11.403126756298422
-8.855695835274611
-33.933101396308366
-20.539195232901434
-12.483712747032024
-7.178908561517672
-36.87998886891938
-12.472745739826902
-12.117051228811354
-3.7016494666965745
-10.618816265941199
-31.45327942244567
-46.632966703316114
-8.857659806448952
-15.332504013058292
-51.66656380417184
-6.156976191560321
-15.591060243726785
-6.060736047525371
-8.374972115492138
-29.571577488296168
-3.2354115342237746
-4.864182400325876
-7.0157392621957175
-6.7821679223861215
-12.36314849964829
-6.169722050393556
-11.307607236213913
-11.704608538786761
-46.70143064334229
-8.62169971522863
-10.053909681469882
-4.782787146055789
-8.555860995005084
-15.293443722657061
-5.581643277416166
-10.336038771891054
-13.053872442059443
-10.44390974385055
-30.41607035820737
-9.635184102038657
-5.482100788143349
-12.905243837820334
-11.306433941768402
-49.193197304487
-14.577140322101952
-7.501231398424096
-11.524591395732507
-29.86944075780031
-23.356301821957857
-10.684440095292842
-17.66981663897804
-19.728818876404745
-6.319266975398124
-12.314643214121855
-48.50934331079518
-22.897207568721303
-4.137615493292909
-17.219017164656734
-8.743726654212871
-8.471091623288983
-69.6747626521002
-27.460072965871817
-8.197213793310965
-69.82640686488497
-16.952182227861808
-9.318515054982873
-9.958878467778863
-16.901347811993602
-11.434858747993987
-17.835191946798776
-7.254761322284178
-15.843253642680287
-4.779002481149422
-28.62077993547148
-5.107679230094458
-13.033414017502588
-6.054686114888497
-14.924679144088897
-30.878631824168355
-34.13775545560872
-26.86535981406505
-25.588744688077124
-5.089880150319362
-27.90505923036438
-18.177766033674967
-7.088376698185543
-10.7706402870189
-24.443547718620955
-7.62731600238399
-40.70238350089269
-23.91913994765502
-5.582176059221797
-10.066091077617129
-30.503046495779564
-38.12592740907405
-2.893381416256433
-22.846699730376123
-31.631766774345646
-11.931579090567315
-5.376932696263216
-16.11089616660248
-13.838486941358868
-6.03305729054853
-18.911789227640767
-14.760732008015346
-15.86433815234241
-13.380669258058754
-21.717884385284712
-13.216178293874263
-31.537665758328757
-19.34123239690925
-11.894757662826278
-7.9499353279004685
-33.95263579247556
-40.29294041698093
-34.242775656463344
-2.850001378905637
-59.8203819301257
-45.55311725354499
-24.556068215581373
-10.237318400016543
-22.30858415209741
-21.66215627734606
-15.367796941240366
-17.07145638722118
-12.219858411540654
-6.367205713336205
-33.63338400674608
-8.701392424645695
-9.07710460588506
-30.179197066535465
-11.346718835960536
-20.427044714681813
-7.3391246161663855
-11.598594653173805
-39.641662312551745
-5.534060136821963
-23.574632044782838
-9.831790959970766
-22.016400131689974
-26.784701616404515
-63.53698259397681
-15.482207260799461
-5.051073375402092
-25.57961492507962
-5.714518639185063
-37.2004562035561
-52.581033268674275
-14.22089221310387
-47.21778381724356
-32.01559402531315
-37.52437030312234
-4.27171784669892
-6.772021463782274
-14.74400939185797
-7.941241300154129
-33.722218266449175
-32.75758859799792
-29.866474360903787
-20.722092018139517
-13.284835442748294
-15.20093949319662
-39.02959630254924
-4.48525761524342
-9.010765323487997
-13.234253674892262
-7.700497536120358
-103.98802755581553
-14.140042255106813
-7.597096580308083
-12.889852572356684
-3.475194713204574
-12.035742205677616
-20.510386579014735
-69.46399652493734
-36.40163169927805
-43.04132143746404
-9.212022174752757
-8.024806609331122
-4.922348414433086
-15.703608696348937
-26.87290859488514
-13.375562623334025
-59.2392916623319
-17.790339491652365
-33.87163830787945
-13.172944697283397
-32.95424473513586
-8.224491820633157
-27.068463197929024
-8.448613056259976
-14.639781144782887
-16.410887256273778
-8.216344966214825
-23.742370127030707
-9.384918070914543
-24.10284919008056
-22.98325958818003
-4.52924374782676
-9.179024094637272
-10.589450731230386
-17.974798337248767
-12.900682793402586
-12.91654423589305
-25.197941688672724
-2.6808425903548594
-15.679464836096527
-3.885041550236562
-27.99560494598373
-20.020034319937896
-40.33428989342909
-20.921872348301523
-22.834205639606086
-7.956385855599441
-19.76307946311929
-19.323120606635424
-12.562121710259964
-11.799240017951531
-17.197683279894004
-12.23319208948023
-23.453611468856074
-7.606435721838209
-42.2509250731624
-12.081728722657674
-9.53446201331679
-14.420293551933321
-12.293487284612455
-15.228841973904846
-19.747771682997378
-9.473329709208281
-45.61196155147233
-14.671670435423515
-13.555184680516287
-13.457607810756853
-11.761269583753322
-12.553259397071232
-10.37723362333964
-26.792964284618495
-5.030525558109744
-11.647849435365705
-12.765394876181427
-21.213318959685715
-46.226016601463535
-9.44462572027028
-9.321076648947068
-17.012804868147562
-10.020749294885663
-13.070053796211859
-10.975609895243792
-32.48717001807335
-13.523243311407736
-5.0279105394722325
-17.757244900046565
-21.15818700627352
-23.651438400545924
-3.114557442947183
-2.4699116799719465
-14.183284139544618
-14.564263823731956
-46.14369971396389
-17.61295815692823
-34.713487242915186
-9.766714254407292
-21.490769042984816
-9.202178812867128
-2.896247549192796
-12.491420983871722
-62.127224255853086
-11.021898593054534
-11.21818322823265
-31.673670541093873
-16.696726116686225
-7.468865761935096
-28.388488223604625
-11.61702861077465
-6.030563768659222
-4.44159960029788
-13.829200382178252
-18.063463354279484
-47.41948246842259
-41.363987875277765
-39.655763936656996
-23.865542654089545
-9.674174005480182
-44.82226972355211
-6.5298947810641295
-20.604531338047465
-12.77694569035233
-3.2257186503270794
-19.77108791529118
-33.974114706436026
-18.001352375551434
-20.33842186226527
-45.0411846877651
-38.58406375532529
-26.033540728030356
-13.563718625859714
-27.74778422212254
-13.699798106967174
-7.815830733942396
-7.204592740163578
-9.144001534064282
-11.09887162166757
-9.236083360968621
-22.108767156799434
-21.906851518517833
-14.277775032830823
-11.02532904761436
-24.889829240736084
-34.83724843870744
-34.464700385703146
-29.940647536826138
-18.844822174112526
-45.71979211856432
-17.682642689416838
-13.230149125016315
-1.956453704583912
-17.932472831775176
-28.291137580087078
-24.06305225572712
-13.909214464668512
-17.674061789663263
-23.973541371540655
-28.358764653755923
-3.487402266323989
-16.0990884999524
-5.916263174342747
-13.412737187811791
-5.7323570224187455
-7.9498302781859564
-4.444377386923976
-21.677806702682677
-1.9241954779893382
-6.21483376329178
-37.1549560565544
-26.236057223061703
-18.0930863619431
-11.354400176142894
-29.424725676874445
-13.687672562323517
-5.864392894837661
-6.737305635053473
-5.0267036344844005
-13.692036260752255
-15.508685183777395
-10.678482388994517
-19.82746411961055
-41.29844555648062
-15.714719650113835
-10.757642682474499
-12.696430696269143
-28.88769247771787
-16.483726348741154
-13.587211591545785
-4.2798877334592165
-34.63556474038724
-7.985168038718311
-45.742875595970716
-34.12451177848054
-98.88759546655886
-30.489076390592867
-7.96371523674703
-17.07446864415737
-7.580823401527086
-50.03104047881346
-63.0514690319899
-12.429818768497775
-14.63760975807867
-20.975373015198546
-5.205819871097881
-10.306632015359344
-10.14875395653568
-21.390731328194814
-11.842096765063184
-10.094703689712343
-19.739785384088698
-51.13383500354672
-32.34194941858295
-21.98708003914894
-81.82158892694149
-13.671718495933716
-24.042739975436266
-40.31698484871508
-27.626189238201434
-25.41333240851092
-18.47935047067549
-8.61428991052724
-52.29820656888915
-12.562077707786408
-34.133683240386105
-93.5956143353617
-12.428465845905782
-20.9779054152829
-12.032495262978046
-15.319435650093041
-10.737753794423599
-7.681658618359501
-38.242068176475215
-5.9176997095193755
-31.975792788934342
-9.09190314346934
-14.532993870482045
-16.565716668965145
-31.51795035459271
-15.206800042438779
-5.328478179035977
-24.841780463853603
-5.997318557292139
-8.789403892007378
