-16.014445572118014
-9.255119924596368
-18.961020038243404
-5.23608346144964
-27.50777069509169
-61.43836676416805
-6.1986417384205135
-6.918626439541987
-12.360775065219197
-25.831399435304313
-12.577512843042607
-8.270232515284096
-12.14042750139148
-10.397988860196438
-96.32113368551556
-4.140154350960222
-38.95315472537731
-9.711118129222214
-36.559147401105896
-58.86717943671562
-7.824738141680237
-49.071414701607615
-8.997476807791593
-2.22553996646637
-50.80031701502642
-5.8355875496350045
-18.969061746828068
-10.696435078889282
-20.253943305698957
-8.401305947214649
-14.238565419124619
-35.6285718683852
-6.22795604238388
-10.616874235576029
-7.644508493773652
-5.961400246082271
-7.447642364655146
-21.224514028341943
-5.891318734557264
-29.603357736377806
-10.110670725405852
-28.474984758934248
-20.78498115095281
-12.211572385805283
-12.277274879938094
-31.45560116583869
-7.277144510565318
-5.134487206509631
-20.613316532923157
-18.223306954794634
-31.541342192700842
-2.0237845772330183
-13.807685993048334
-24.7737155780756
-46.99275327980524
-3.8824486310201
-49.38747292036897
-20.85896334491188
-28.395092202147808
-19.295901044718622
-3.411664231693141
-58.663759183917854
-23.515551333770595
-9.525575045893833
-72.11925223793449
-7.601045849197515
-6.725644050753068
-3.5228633465345784
-25.664151121862794
-15.678014991977763
-17.75197488436044
-22.898674269538848
-28.47071662666221
-9.293193987154282
-11.424580036016826
-18.917843339375253
-18.534487784459902
-19.925974375274922
-15.243329195003321
-23.32574252315076
-14.66735542147788
-10.06216926095137
-8.075936665401361
-13.765963440351157
-4.258898048750692
-25.38790524992122
-63.62771740725002
-20.0381707287087
-11.2603106449445
-4.638679505785627
-18.077098905283517
-16.500289068445817
-5.193933831071793
-9.4245419951517
-16.20657840639153
-19.080444952671513
-8.113764854266194
-24.509001761026994
-13.12102981570983
-8.902806777738043
-9.087393831341778
-25.11829912484595
-57.67835434816429
-43.971029106978946
-16.478447872729856
-67.25420436082932
-12.033342478434246
-21.675797762963136
-8.431951448940888
-11.860639428901973
