-13.151517598844858
-12.203625143512406
-6.508057629730628
-14.24830714948514
-7.672837932562531
-4.013557469666326
-9.95418533414196
-0.9741949311720268
-20.898406294092208
-3.9569118557468204
-2.34361954140001
-17.283327046516707
-3.3851732572494875
-19.0662385864914
-19.417760838833612
-7.9918908548271
-4.379806589424711
-8.377954994399083
-9.527235133178127
-13.294783202563767
-14.729108016398579
-7.202801261934377
-9.347804499231913
-17.447717376294722
-26.537245940280243
-8.421316773398292
-4.93368896250601
-12.58712002489429
-3.5215319832818057
-5.879066825951239
-0.35201595686192366
-12.629174501262199
-4.083325327921969
-64.49605822051306
-15.992248081014447
-10.435322565578335
-2.5458127890851965
-1.8646932552957172
-20.337958960256177
-45.185928126577124
-4.288496529823541
-16.51344941532171
-30.951169173966086
-9.44840151642638
-6.771436527250778
-10.35925085793405
-0.7330014422326564
-20.703435396803727
-249.8813715756508
-0.7526193433467232
-14.077784522027907
0.2993815617987026
-5.317801685475952
-3.602215300913692
-45.30221805723668
-15.390304250867906
-3.511318143539191
-8.11019525793996
-6.985098144707628
-10.38318179999229
-8.41470382931864
-6.663072160877992
-10.532318280359304
-6.918608143946144
-6.595832840458036
-17.20253069239048
-0.1419258313359565
-16.37264363513832
-10.701496881692487
-7.294562087922113
-8.488343755769757
-27.783846647244207
-15.620958874288558
-9.101075921190848
-14.70238032924644
-14.629318717169221
-9.847998799120663
-1.8603879233933234
-8.853070917568282
-9.043020744734559
-4.4425125133918995
-11.73562711203618
-14.43077663586006
-23.988959680286055
-30.36226931369096
-4.028633272168953
-8.115221138765673
-9.039470576361287
-12.773127120272843
-12.663726966806827
1.5485909344670774
-5.54931520563904
-3.9958846478000356
-7.0103261641052566
-41.28959680748437
-3.094169592531183
-21.756544679716065
-46.15323899500159
-9.459915979953065
-14.098801376001575
-5.479130997120449
-10.549711448597204
-4.721788282100072
-27.29311182821741
-11.498822987712858
-17.760181450127845
-4.767189832114411
-3.125938797540714
-5.205894275279972
-5.065454407239432
-3.695954536562857
-2.3295744646094763
-23.110948979533003
-5.145788943121612
-12.810806637750611
-5.025375892324592
-21.641722810465637
-5.427075201163509
-32.39785465085231
-52.12868937469298
-5.831845638325146
-2.6762900046835427
-5.232080317230626
-13.707570223956438
-101.68217254475961
-0.6336652481754912
-12.382953789968246
-8.62883923423424
-21.192606098616505
-23.033298070114398
-50.02842038950912
-7.403836341184218
-15.146646878297156
-4.803589720056895
-5.017234353611085
-36.27630825116154
-1.9692475286864795
-38.98295224755197
-26.489104462072273
-8.804711787241947
-17.968935759307495
-22.85638600512228
-14.228283635548868
-5.400371053624958
-44.73639093719981
-4.853428869851776
-5.704903728293237
-3.578029522058268
-17.939879771630736
-5.967739689277092
-7.034433234605862
-116.4286787481575
-5.46606178279142
-28.572301134261668
-15.309814355028907
-4.124647210277661
-44.96950347311239
-21.451752217084042
-2.4183628759206384
-13.295817976649754
-13.75584743153752
-1.9195885762752651
-10.24818668827229
-12.509610170356678
-6.5013733885655665
-5.819856378390097
-11.727719253333625
-0.17600797843096183
-24.43058696719951
-55.869472056756535
-32.764853303572
-43.08218153104304
-10.974558415430531
-0.8236617069999457
-12.026357856027744
-24.90239238897169
-1.9934863331615178
-12.380479531371815
-10.317111691131874
-4.0651621485830365
-8.709057208209106
-1.97878237008548
-7.224709759605338
-34.90983279473318
-20.962724960796027
-38.54057157634254
-4.480772007465245
-42.22261146345401
-14.531937195590674
-0.7760361684963261
-7.965900399451089
-2.8000525716513445
-18.224365207897335
