-43.23892254739982
-21.524099095680505
-60.81086889232922
-10.265912350126573
-17.05252631150659
-53.77161695355835
-8.892747088588509
-50.08373039424762
-25.606913074502746
-46.07216785821867
-11.816292587517356
-30.073504462383802
-9.457261656808358
-6.272833246445288
-41.96278366428724
-3.557445083349991
-24.847006384767674
-10.28157111077034
-38.46022504276116
-76.39455689507047
-15.417583250347963
-7.761689840254078
-27.90955821726742
-0.6314196320294396
-18.214322006142762
-25.318949688375838
-27.513937276019263
-15.50264790715756
-36.73645364722685
-31.91886176123597
-23.88544002801137
-12.852868121835526
-9.928918579083673
-34.29397915208032
-70.10573377061385
-71.84594655389304
-11.506533651099655
-20.375073951470338
-3.215070252236765
-19.91005430845525
-6.893250199083729
-40.11445245668957
-8.726253125497067
-14.41245044849439
-37.567634521569744
-24.4402175660409
-27.453625540283042
-5.327304299986276
-9.02022354827089
-7.989687291217403
-100.21070126942499
-61.53384977948403
-4.294707557487363
-5.6174690672696626
-24.94222203066645
-36.40749289300495
-25.698729036854807
-21.090228276871553
-31.753407843586547
-2.732315778137522
-11.73312084604038
-9.337254671208015
-21.350762794916083
-39.309113707796165
-17.360217589227595
-44.06669588001635
-87.91211296460078
-6.167026362858877
-16.324455942153712
-22.57264262253175
-9.687974078856662
-38.27901839627167
-23.081756735201143
-10.194372113456282
-10.201617283240546
-12.170660196028665
-42.674148695296665
-67.6258460365265
-36.06425987643121
-14.319549350722205
-14.802037688702596
-34.21614401294932
-20.374209551703757
-12.419830312732625
-4.714462596965523
-27.63861833105987
-29.87380633132066
-57.67835434816429
-24.68469407304098
-9.714511699298015
-19.529759989386758
-28.797617829080828
-15.471774695392794
-20.507342832784104
-17.311184325088515
-10.25777848351787
-8.111034067787262
-26.148638127558044
-17.700183709640797
-32.01435368757824
-18.800698157039495
-41.43138250857348
-3.337714265991521
-5.694249831974937
-19.927738495665636
-34.49100168204207
-4.897892772389569
-9.505276080381002
-35.2442834498497
-23.856584918575976
-9.836061528011736
-85.82369302767125
-12.89108353609099
-47.603717056815405
-17.395412162007933
-37.78246871298548
-24.114192515748147
-12.178032102803208
-9.307410451262557
-25.665943277703196
-43.75687233469065
-4.741172247923006
-17.70884488215654
-28.077809631611927
-53.240364149697776
-16.079981101283607
-5.496663803095118
-91.64538173131027
-12.487602429632446
-30.113233351063915
-52.377303219349066
-27.00360296124222
-7.802253742566347
-19.80296105886558
-4.4960176321053575
-29.36012838423445
-18.745134186870885
-22.071446122768606
-25.944792116750634
-12.29607714584675
-9.102512812797919
-50.700829334421414
-26.61683000548577
-35.813026198961
-8.783128554938084
-5.359512625854011
-7.7165337833309895
-36.73634293348302
-13.359058693909903
-22.229682967329616
-32.11821871424057
-17.068116541473394
-8.707868151332079
-13.405365216592386
-12.064820694546306
-20.54056290503955
-15.503911057349761
-8.492437593543617
-68.10354967408374
-10.20673969366992
-11.975516500994742
-32.04937870896204
-68.87529631561912
-42.63233206793178
-28.063020033810584
-42.67097389916512
-11.488905439310955
-39.89451053140986
-17.20899412416869
-4.469078425898857
-22.178427876362004
-20.694012032683244
-19.659452839057167
-27.58941433357056
-19.018954032522966
-55.34643256876317
-6.570180407813512
-9.439349063424256
-3.9987145041651995
-25.128407760862668
-44.756095095198916
-50.718696978039674
-22.598293783757967
-44.980336405106904
-13.813118183259988
-13.641458308806952
-9.038623071681855
-8.928174288067586
-63.91668977628785
-5.747183630437217
-10.463869733387538
-48.29107181592714
-27.43103019287373
-39.57177542673397
-12.874384449242951
-11.212227068597514
-22.76948030948659
-13.960814179377662
-15.583078127449838
-4.0796569890574
-17.579938818862477
-6.811504398521587
-3.3001037934514135
-4.708306453068365
-70.18898508696415
-26.0575054558882
-19.330074932212444
-17.74721152643528
-8.724295868176366
-37.619114369405935
-19.060726874526495
-10.604725263350296
-14.012077077081505
-85.37907148797997
-39.009135206153026
-13.67544494322864
-39.69265264539048
-8.250737451909606
-33.85674249438297
-21.02132383420969
-11.921441998389339
-27.45767412385848
-10.922094909142508
-3.9791068188691305
-28.31383462429416
-34.8830924073967
-8.03457995879994
-19.968177381415515
-24.769455453970117
-11.496342822165127
-28.675002102329916
-19.383125957594846
-27.432486635031733
-53.44058217007953
-27.526928528175144
-26.949065603104753
-27.245175857141206
-41.66262911623033
-3.6073507192552365
-30.08786567895616
-9.227126380972972
-42.21652445642234
-13.916199684408086
-15.35338832020569
-9.389402788368297
-5.742296327116256
-36.376457668840956
-113.37000215726641
-48.90580312856743
-116.50021452957202
-15.851116076144228
-25.428496621333164
-25.587311755016223
-18.71517150270758
-19.636778691954593
-6.792961514321421
-33.718900033110764
-2.799459550251335
-6.382459948979123
-21.294458386644106
-9.642709383136784
-16.718640956334248
-64.04046719818943
-12.251308351915942
-16.035279183067786
-59.78710428130094
-70.3271048348963
-12.345879793847347
-45.64662972688373
-6.802831265682279
-30.498596641680955
-7.276546913608743
-3.5581235181953494
-17.27186277434112
-45.2597133509484
-22.676477454299064
-18.22347124321519
-9.309669716738899
-9.467450720308422
-11.313847934781702
-32.320068324061374
-28.053838037847594
-28.573037285269084
-36.66565250489141
-5.027941736830466
-26.25400960650234
-33.72094274137172
-14.323322096372792
-77.72789493097353
-5.320972653604773
-22.261419386718767
-28.652438058433866
-3.161452379919601
-57.41917728804411
-14.032346767150344
-15.759573513314743
-14.986098164364188
-49.93948189200138
-29.09106072427321
-42.24598237646007
-14.490207192321467
-28.33673351735289
-45.446829116294424
-20.291466172674674
-3.8738884694253537
-4.175418514098421
-13.466607034450027
-23.332973999018037
-30.87241262807745
-43.844197962809446
-24.194844139334556
-32.56734505361207
-11.325486519581666
-29.755081190886088
-16.808916653651725
-4.81124765071563
-12.041185831935088
-7.885343051255781
-24.500657811728086
-6.106662198561775
-16.511526296952344
-25.187567398540825
-34.688177595581095
-7.378084542393507
-32.250914761119944
-23.4676795697861
-38.84926848390473
-18.081279282847635
-34.40852634587866
-13.63845564919438
-19.320157344082745
-68.7332919279683
-14.32894021356579
-82.18540624685878
-19.29577693040161
-23.412947188436124
-30.511173377917174
-15.215189725488193
-18.773527528787415
-11.922210612170497
-48.812692356023895
-9.44955367620871
-123.9673226850923
-28.91733677489307
-94.81642679610302
-13.259643472189753
-73.28447557645681
-7.159802005088484
-7.151247437338
-4.08884346325114
-14.336663870255869
-13.5225162010537
-10.480157479522566
-12.316590808577402
-97.70591577154862
-36.55232845401603
-16.286504229984768
-24.557306266669663
-23.39002788294538
-15.733578665726794
-14.150472221482291
-138.06152747013678
-30.777720838411653
-5.850750389868971
-32.310398981295656
-16.75794695873613
-34.76834829192679
-30.938079584781118
-27.16046640432906
-33.21034225176148
-8.624256205955465
-12.07923845543346
-19.017478351587922
-49.86603673787737
-31.80817551420314
-35.17376792546871
-20.351834480502195
-36.24062551403941
-17.812230266595034
-25.788720911545962
-28.859050370612128
-23.850322596139993
-14.56499873225296
-30.192445888314694
-29.959969076775728
-29.70670716305199
-34.72977711810779
-9.069371151874469
-13.156381291549065
-8.39610601906607
-47.52993462537254
-32.66105842492766
-26.16042853024342
-13.307273011354601
-25.512026176998816
-91.08598440395319
-14.342626639307541
-23.567375972937853
-47.777373093302096
-22.188873258026113
-25.715660866801905
-54.4004033351645
-34.25575413524436
-28.061511957364214
-6.115237093784072
-23.108017539769236
-13.253998347931109
-21.261557081790905
-12.98889109893168
-17.994186530503256
-40.02214467184214
-21.327186387299978
-12.072657220948134
-12.744340811451385
-17.28884705635123
-5.469262851145131
-22.42373970178156
-29.176146101311716
-97.3123206904359
-13.218435571923983
-13.858232747844433
-60.581472316719726
-51.5382922287004
-35.5602967556027
-32.11669290973657
-20.405685413236892
-5.061942703913905
-5.473548925815679
-17.64371616039597
-15.504406633363518
-33.10466541887614
-56.50753817126747
-22.54566965734727
-12.891414999165704
-12.449812210134535
-6.982687060043159
-6.953080952864237
-23.160816766622066
-34.211216013031056
-6.410273754446331
-14.992658485918016
-11.168882167340954
-24.859637028019563
-14.536380930915684
-23.732969156700097
-47.961731805607215
-10.287637178626548
-32.8757622053541
-32.383964350656896
-20.639757932648557
-81.02813370559726
-31.002658449094202
-11.697398960424751
-21.57828463422934
-39.83261631188096
-4.8802640563723925
-15.724157459576384
-16.149287199340346
-9.03085876893653
-12.828409186102958
-14.209891495686522
-24.94326230390316
-41.25264354325634
-7.58496133225183
-34.50716320395201
-27.649313435708446
-30.09264564184966
-17.762957217173884
-24.224634866333314
-49.0819638881527
-34.94283222803769
-14.373945040488756
-17.502728084271606
-67.19850030092431
-7.976154288736172
-20.847156985240243
-60.89920500983282
-20.716150796322946
-18.069823643530423
-24.06748477755219
-31.73267961458166
-41.999443747212304
-55.10942548322457
-2.7507664371675924
-18.99710905453262
-8.90987160767695
-31.057610549955236
-25.71799064496263
-130.05460749217576
-54.44272146786294
-10.251431648841706
-21.417586798896394
-11.221718599573503
-15.432745480577529
-34.33290500488176
-9.752264000523098
-25.635117329794916
-29.84015575006782
-40.01071547654929
-19.483170691586864
-36.67696073386682
-14.000151621100642
-44.0564178313894
-7.8069711328811096
-29.659600419882896
-13.246771717908098
-31.54265372954003
-37.330411664342165
-17.978712817310875
-17.149837778551493
1.4940533583554194
-32.114406135840035
-36.25768706208915
-44.47884516093151
-47.01638262627963
-32.66739727859455
-3.638918095071835
-35.01038360104439
-15.451408243911745
-23.366374505496346
-12.724307631751431
-28.611188006613013
-24.040569259234477
-70.37288005894807
-20.191648554868166
-21.77097638250065
-36.998959847027066
-5.693641891306495
-92.89662716309866
-23.501591402091975
-11.889497387301061
-35.348637214793044
-63.21431483112312
-18.81329904744262
-63.43103487143907
-36.44179065902561
-18.749562072148272
-34.326932849344544
-28.06165457350653
-5.353114033019491
-78.59067063171494
-12.747839510278972
-34.40002078521049
-17.858738473029604
-5.572420795023811
-20.215829259677598
-37.370071660165
-11.189559543840254
-20.458416612563653
-14.102473866793956
-11.57282724560772
-23.31512574221293
-21.114678231761754
-6.217843908418659
-8.10190469169336
-12.040176109335354
-22.288720297720523
-8.27387473776077
-22.97815979253199
-101.73930264698225
-28.29236470988662
-43.24448777360914
-9.834040258071726
-10.504445593214284
-9.809055858490229
-12.903813020266886
-36.77404392349965
-11.566994896326984
-4.34534856426289
-6.746988676585177
-17.533460154102464
-11.083414442611785
-34.82214622060295
-9.834136335599185
-4.916994352402857
-12.688986105914505
-8.741582047820147
-7.283764201168862
-10.146304761260852
-5.9650441169347
-5.978924700272336
-22.27652996298852
-7.945638792917408
-23.8835901978065
-28.06841671318459
-25.50979460690176
-79.25298471089667
-7.517512507314677
-24.03328201823959
-20.53231229056913
-29.674128451289224
-86.80783077573867
-13.316097459887487
-28.29778796647708
-20.769568582375218
-15.649340195178667
-23.80235487731536
-44.397992736315004
-7.280847799627869
-19.386698918735398
-14.897921825672896
-24.025668448637475
-18.343480506885054
-68.49058393915925
-6.983909125655834
-5.135658276932602
-43.67789878881096
-37.8569324258733
-24.98118815108977
-42.28744979667693
-4.664592322926088
-6.784172051614178
-16.39041710125871
-5.463304575256597
-18.96222203211259
-50.12426311925355
-46.14581699989605
-26.905805154230688
-12.257998888531194
-52.49973867583156
-11.652451595572582
-36.71140164598248
-29.37466563254809
-21.350853447045704
-12.255215823423198
-32.24400566497527
-51.09514658972644
-27.5247582866484
-16.04672899727112
-21.893242885792365
-5.345949706781049
-53.11845253613977
-5.856449198884094
-19.607356791072476
-6.799007003263843
-19.022990404255406
-20.568956461546794
-43.278518906859844
-11.772984700368655
-15.986802784249269
-22.27785391555459
-48.55809464410216
-15.888081708681545
-3.855266366001115
-42.23095295408696
-21.415795550114595
-55.62810375744329
-11.048069761083083
-43.470427591831346
-10.923828436723891
-7.332847498989707
-5.341066030010774
-32.88166460600261
-8.47206861044548
-45.62390128988503
-61.30554745783229
-25.86509777058736
-12.008977909159542
-11.118894726906715
-39.43706636375019
-42.89361899115253
-19.23782799289821
-25.095539258724404
-26.475550138721992
-9.925365129621158
-36.4403773324309
-7.359898876593338
-18.181972330926865
-10.663013904715031
-20.54475693292288
-60.64638006993866
-30.20416187188869
-19.847508343794633
-25.479256588228115
-26.896119574871875
-25.085645663491334
-15.395089062061189
-8.735907364298681
-12.533023284201912
-9.251496994398556
-14.566661467817196
-68.93757759879152
-22.46633463719451
-58.40620234244658
-13.632026767499799
-12.028359577939456
-2.7599337311972776
-25.423169900842936
-14.671947010294023
-11.41397671726464
-7.9378354525498755
-43.347320315243756
-15.565083556347403
-6.347359882198642
-4.191814356249849
-12.11828670958526
-5.804526018967366
-3.7783409609297234
-13.20232711427799
-50.22238344916687
-17.03254678780891
-18.757494760368733
-22.797372331142697
-31.64416114342183
-15.036266210092318
-11.490524666772961
-20.42897675827063
-41.330769861710145
-7.0747604602367264
-55.27873776131611
-13.347084186248976
-11.950782282230668
-34.39537581844249
-14.570072875692155
-44.39046917904411
-23.94087112625678
-22.157725059471627
-40.17989893502378
-21.90549042477676
-27.30885718573167
-103.5431932727941
-28.38756915619163
-33.744674714378036
-6.873360919252935
-18.161177586334244
-28.966468026990366
-12.62346580924315
-45.222995507561706
-20.584651543361495
-18.595394201418657
-11.620376295876603
-16.871212644605343
-8.111431315061715
-21.79519987438452
-41.970145211967036
-27.37547451859596
-6.5825460062438355
-12.361814581560962
-9.191964249797028
-34.75242487144837
-21.376150594937155
-14.292201315560401
-4.775331341009599
-27.02520577470388
-17.191036162309814
-52.45018795598294
-4.559621131507832
-37.315166586166264
-5.533398112708308
-8.229917830246842
-2.8771222600321025
-26.712915160814177
-18.06229467772612
-12.577426543121849
-17.27650001127599
-32.387292880681194
-29.441648621618324
-27.71171524056112
-5.538436622152638
-24.76677311400668
-9.944334756671948
-35.642741493002134
-36.920330759744424
-14.87626169851686
-31.17442665368156
-4.510670116444196
-13.431571638156013
-13.766874063637696
-5.484615926829998
-19.920938464904538
-5.717061478503065
-25.830196875258977
-27.296519930069785
-22.8807333096181
-6.405585302886933
-27.677842339549834
-21.690317413728074
-25.760449674625843
-44.925288609004184
-3.0258230440446283
-5.011605444771282
-23.666178828314795
-10.049496908827482
-9.284215157030468
-31.77618826409502
-12.295967711027624
-11.157039416004194
-17.447717376294722
-11.809024769441745
-17.354628713966328
-44.87913106188442
-22.83388060480738
-2.065654797165745
-20.102830331455735
-19.989737053715757
-6.149204023364097
-56.5821757032925
-9.440610661273018
-38.775834005114916
-19.187479791118722
-16.178747110774086
-33.374993984532715
-25.232971697005862
-2.9735543445366943
-4.3766582334025435
-11.870509382428974
-20.1462567034473
-9.806260672489055
-30.66567855720579
-23.121310622044106
-13.56219287437581
-6.626775639131279
-25.47814516549305
-3.8398435570081446
-19.53552073944803
-38.41935307599875
-64.63100334557456
-10.742529463774083
-52.44720882309849
-48.02769090994497
-8.463217275400012
-9.017610568024107
-23.383353558592024
-28.351510920923022
-36.89351390818042
-74.14723635848227
-43.061286123200276
-9.495827039867176
-26.00777549949343
-70.68922091009689
-38.111694246852764
-38.05138086735208
-23.35844654543799
-17.876674977623203
-38.427016535830695
-39.15586299663063
-23.492575266695813
-17.471866936993408
-17.703648022399644
-9.19507998781181
-7.918775624128044
-19.50698250991971
-52.11242126045136
-7.751744627407454
-29.272611677849973
-35.459002295640985
-11.949607535314257
-35.166868879289275
-35.47398937656015
-24.437117511603955
-11.378520845733393
-16.662036501414047
-13.53288828991948
-9.132674162095
-17.928897800819527
-10.73087686336926
-13.863793748309844
-18.805727232844035
-22.335184951374742
-110.67520358687494
-5.963143005849774
-70.69792315146505
-42.65628426857399
-18.70219628296199
-30.519975807325523
-12.380420204367963
-29.46638120462105
-22.608662350521232
-12.399299784410958
-51.8468511957338
-25.1645155600346
-72.71721303748501
-9.919772310381054
-1.9294417296438637
-16.28151741666153
-20.197887563773406
-14.530944478305909
-23.4086856199388
-16.381734490330146
-22.677483860266765
-44.278498187667914
-25.6581945345261
-22.125251168442837
-38.3222568544978
-9.911809289903001
-9.145467948344589
-6.969505107673559
-51.74332279765264
-14.882117818994809
-15.263511698491968
-7.150240903139451
-17.061170595406345
-14.206302811274105
-14.634266104601652
-28.91166056388049
-19.52844471829691
-12.990691105111935
-58.96841680907696
-70.96278693358914
-35.88162409440775
-40.10027879333403
-23.19543879681615
-7.427488201351532
-51.79557768025961
-0.5093556213002773
-49.56236146739945
-36.8319704019104
-33.511116343495736
-46.87662569061437
-8.87864679344438
-16.51502423378865
-29.212562764802012
-28.771233058055522
-85.12610791532751
-26.56356155457659
-19.294956050125798
-30.347684291532786
-16.033228953639135
-6.734130537082428
-18.734875078051495
-14.949824155111932
-64.60673951655424
-12.656912035027009
-14.441695467838805
-50.16170796880643
-20.66595490803036
-25.207377092117174
-46.80344237422027
-4.7592778977552666
-15.427374286493873
-25.080084479266763
-20.189004893951246
-12.65629386857106
-17.999302479041635
-80.5113257311345
-96.32113368551556
-78.70615780923943
-8.427120735668865
-40.99407272243007
-13.56285241273833
-13.760580184805875
-25.01758882494638
-24.320884434362668
-114.73398694387892
-38.12817863097446
0.2235551800958899
-84.00832911066543
-11.614944177609758
-40.164134940975096
-30.350465016083422
-26.995475631632072
-13.332818684335548
-41.190564739182406
-5.116655481142046
-19.89801734377268
-13.737976412992262
-37.433849928365554
-8.411598800273191
-8.600675748368003
-24.546279455792234
-5.789051704232759
-14.30599380612912
-34.58540247565691
-5.666654784448958
-9.739874596692752
-48.90556059431401
-12.051318920489653
-14.904005948549404
-29.955938328038016
-6.612369778873135
-135.7469145388604
-12.246213066404513
-28.88919393900244
-1.853498376974277
-63.57917055748923
-68.75352442842014
-32.5118085206521
-23.07157831150172
-9.028643881306358
-30.404704332043273
-59.40233715351586
-14.298858189702306
-20.681902560981772
-110.94081557831733
-10.212547436188578
-23.87830678061661
-33.20466228393994
-22.34655111829664
-13.95550964330567
-3.6383875682421993
-16.32719682249163
-10.775886223113915
-63.8693153065659
-23.32228335274611
-39.147232760601625
-83.24478400699583
-29.41922775279179
-25.466258359341843
-25.48385610036497
-9.93254681473357
-18.348347032867213
-23.86216136514893
-17.665945495914652
-26.606324266117632
-30.601154576848437
-23.508768895524284
-14.885910630100781
-15.514632582511322
-14.583159104065954
-49.821206689979434
-10.21066560994048
-4.681143623669286
-16.449023231290784
-38.2618302372595
-22.20560760079097
-56.47358644542658
-19.808130106645454
-16.320849936305112
-30.15418357561346
-20.788437528254967
-12.286104799875563
-47.34760070208414
-34.54043185195798
-4.820587943953705
-40.28889842608077
-49.92739988141496
-21.787644796694394
-8.63951159643723
-31.169797628190278
-16.918859897165262
-28.83398191646968
-23.06183008251387
-92.840779502631
-13.58293281634003
-32.87986871558797
-32.447222814052196
-22.7251317357279
-14.35381117270439
-45.189479797491316
-1.8637701214109264
-6.879098132441961
-20.38593898195428
-47.77162696838808
-12.00278981410998
-25.30123903842791
-6.412066477686056
-17.789216593133872
-8.503645650628101
-41.20092842148271
-17.801377404587644
-37.73789137755706
-5.771805137756378
-8.96043713667062
-43.73305399737631
-19.857983305152352
-13.896480259743425
-21.509768831389383
-19.903609016877233
-23.853433800144668
-6.564688623673771
-23.683001034457497
-12.678052511042495
-18.092004493426554
-12.033572672743537
-13.715406068820364
-32.74659991733514
-54.83563044442127
-25.548617298953648
-36.586325497031886
-17.64045582986838
-41.889553669391354
-35.92880474160037
-9.037827806318871
-33.91055493984363
-29.38976409819514
-18.095674011219185
-11.903487391183631
-49.58334508644046
-12.780922248991514
-16.093953367588856
-15.34886347727726
-8.604408421651035
-19.22702496156356
-24.018100631343547
-7.762655890860166
-19.90834341699108
-16.432602097344528
-4.0570217552344685
-10.911131681128255
-17.078377313320964
-11.897659981753206
-80.18722946768844
-33.41182744351868
-12.703896978011256
-35.5024629679505
-9.209358167635234
-30.86399410216334
-14.188753101839746
-35.05934233568207
-64.28519550899547
-31.59231147385637
-66.30567446251838
-70.02174561607634
-11.693084961168488
-21.918128691762316
-9.807030966038715
-25.223278601910323
-7.961808440740857
-17.985344302054518
-27.6751230326237
-36.01488529788275
-10.390804765582464
-13.257498237864906
-10.896719906053397
-12.953274283650726
-17.660915355613625
-24.513217750255286
-71.09994380162865
-19.039475444990764
-20.56345042570095
-10.760654283700253
-39.4122436564056
-21.031687938825872
-91.23167245588483
-8.17040039662485
-24.812561486306638
-10.780938464065617
-17.80884778601043
-47.84698276714616
-47.03354668171268
-20.564620409901384
-30.622918356669615
-25.877146165267376
-13.45969720137824
-11.766461300994537
-10.86145046208626
-53.682076957498715
-39.091602115349524
-12.88857872542348
-7.296384604862988
-5.624264468302153
-19.110474955381964
-21.738362690456334
-19.065954533033697
-42.758620197765985
-5.773035852618317
-17.78400409272213
-7.182298558719053
-9.034800809153602
-24.649103666506182
-8.276130415910387
-17.36651831406673
-36.46776901018472
-20.437998918169416
-14.042367588697465
-24.51848642607148
-13.486201323593773
-22.5877053170678
-30.195255724806753
-8.973233924022068
-60.1363119149209
-49.39405896817876
-16.711447485241344
-38.919892500989945
-7.922206428993039
-44.166393342554045
-24.11501455174536
-33.953523964229454
-5.134639621202572
-1.753821586628596
-20.399662241110708
-41.027351493957795
-2.999902588543093
-116.96921455211888
-155.83080373824367
-23.688971768617378
-15.264965533006057
-18.512302694180025
-29.412250060999856
-33.66126876442553
-23.693622068727205
-67.10145398371546
-19.60709649606963
-8.321954713902302
-34.49762725074869
-28.24304555810818
-25.054683509735774
-33.3311324944941
-35.022298797924456
-25.40611960500721
-10.279011212853804
-50.52454279294056
-18.377010671566378
-35.24139700806729
-11.840713884464114
-17.993912180645363
-17.16271534831254
-12.595021895364388
-28.756031577786803
-20.237671917618673
-10.737463490850024
-7.8069711328811096
-23.72581811677181
-27.25414226377201
-24.434611640566715
-16.947420257409348
-8.472187178351609
-11.06703253107713
-24.24337493189041
-22.753923472209237
-18.592036280303933
-16.150495853451137
-14.656916683606473
-38.09836886888026
-8.396645041864634
-34.67430541154571
-15.41469454989536
-25.22739424401141
-43.60409334554192
-17.45631940963402
-9.74498470312737
-40.74174287029928
-32.36245617922769
-9.679835131576786
-25.819213816953486
-29.23977187980391
-13.00052084234963
-13.401440430651043
-38.370039779350144
-9.851134893443348e-05
-6.283573866642209
-7.230524136839169
-13.656424719743738
-20.378107252523893
-53.14384316895121
-12.85890234800182
-14.915694087173842
-28.911267168173158
-15.527284892036665
-12.308411949068601
-7.0165777892337795
-8.261649446481618
-23.743860962059706
-31.322523830000893
-18.912881925168726
-25.206441578064496
-26.85399752087238
-7.835375036625536
-8.16480236852604
-18.04072940225237
-14.149560429198749
-83.90042770958966
-12.567540279713443
-20.78009950897148
-47.85838304945128
-24.72519416161406
-19.29001080586858
-18.672617095282995
-15.47655872776127
-14.836427196862475
-9.495619022496937
-3.0247381187015256
-16.769121510248418
-18.51150710651425
-28.148629722062456
-36.979330482791795
-23.16398798133352
-6.83782636761303
-7.101090720456599
-12.30383987379786
-10.426481241926275
-68.24156254830741
-20.70986997654907
-8.531057055787276
-186.55265282113484
-19.61504585887329
-9.60437493826058
-27.313988594462437
-84.19192628648736
-84.56057614572902
-14.367911068633852
-16.94234554319905
-21.52953231595411
-12.581885357315354
-13.897249965157032
-14.31963700885658
-20.531010871788464
-22.601150383972293
-19.316020503195183
-38.300129602126496
-33.722218266449175
-16.882840991777393
-11.32861901785996
-17.695271171113347
-5.768122042007305
-47.33034977761512
-68.16780836803225
-13.444272253627389
-16.325018575908853
-3.7478861369888845
-53.058109845908945
-18.99355997270274
-21.6775294399118
-36.89830220774355
-10.857614125771374
-26.33327478086917
-16.44219748272154
-45.47055358724258
-13.516421074660517
-9.049024505988644
-18.5253909016956
-23.901689549454098
-71.1909751976253
-10.173199872526888
-51.003263376239204
-13.88790828113319
-10.345182208201456
-17.658726461641592
-1.5715645390578568
-19.091263222453605
-21.217788414245824
-3.8889094029146936
-32.591164005308485
-5.546225248923604
-8.564462601755668
-33.00561072121309
-20.151618137259995
-12.819519317362012
-13.138709567609572
-17.990572724908816
-17.81987375873362
-30.337922035293296
-45.246487986320666
-11.06016801653885
-37.058279184769106
-27.7477995378441
-23.93260047933644
-37.46639012337428
-11.400651677856851
-30.71777885290925
-36.04744927085952
-17.4357296481819
-20.966885617782886
-50.7741579667053
-50.53463509210146
-25.970815079019918
-19.342257901207606
-11.927671935377424
-11.673655239782601
-35.073081353124586
-25.026371493238425
-47.925707077800205
-11.20171508348697
-84.87379119883872
-40.93848194259759
-48.54443047782632
-10.865404284353856
-12.379748145960816
-43.82295642384729
-17.85760788279545
-8.60808832994832
-36.80079622994659
-39.8448880416974
-25.040361438531015
-14.83140516697036
-5.740912459602653
-6.487820439954447
-248.6649189585253
-58.706243764472276
-28.012325851067533
-14.739115899906942
-9.43118697977006
-13.112337148954355
-12.809541682711298
-18.67166120881347
-14.508618635151539
-15.593525499404658
-7.9933245320804245
-25.8125918254488
-36.59647330018216
-19.321557010939884
-59.67024690246593
-30.687441738285365
-15.2183921087552
-32.17164803947252
-10.301842967693176
-33.88412126809838
-24.143360557824483
-12.674866396797174
-49.6908470611349
-47.70850166817464
-24.888462207627967
-3.363207769152952
-16.694746888144046
-16.078823116873355
-4.136041511565317
-30.069304729006674
-6.870210920293811
-21.315937577915403
-15.796659775668571
-30.824765195917216
-16.722471139264126
-17.506831435149063
-5.6213281562566255
-24.38281072045109
-21.489501025717917
-50.21667791546709
-41.95536497731929
-33.020500108346894
-34.87366515038134
-7.021448329445819
-24.479247997109013
-11.11854807136959
-7.863175511150811
-6.0110904349840695
-23.6423072228732
-18.739305565968166
-5.24392755311978
-5.488579572407327
-19.99109509736202
-24.209777832027974
-18.947517781351696
-14.53339568590977
-30.395393396407925
-12.309603693380055
-18.506826740630018
-5.02639954285628
-81.08921123092342
-26.673972668678005
-16.689575550986564
-18.610006370919873
-10.218941725709398
-88.30606535332757
-35.29412498565215
-17.97517649338455
-17.525449285324104
-20.78124160444554
-21.543756529976214
-10.420504866313436
-24.18401364784795
-11.887207723214297
-10.238115577247198
-16.065387428540117
-24.693069115684516
-20.71309137826267
-91.78535237463521
-60.51797891077541
-11.188950089629373
-33.5030382298638
-8.534679427550264
-3.869259550904931
-19.327791523512957
-16.4593530954459
-7.1750624046732705
-37.108456751154
-19.40911180055614
-51.08493102744703
-5.3847007413291985
-4.584335614190657
-35.2546428131971
-25.11313768234371
-16.516963277463596
-15.055840095819851
-10.021938657252663
-15.726375281118754
-79.48985880174573
-33.90273276683384
-28.337306521021063
-28.598322590771705
-23.217213751484312
-11.285125230486493
-29.088289148504426
-27.510648636327335
-58.51686306554647
-13.645772109151313
-42.188988841621295
-6.9369533025542465
-7.32721686083842
-16.997010619461225
-43.998766246128895
-15.443575043150167
-13.893565129047069
-5.271287335121758
-31.326756065231255
-42.42314200386386
-32.85920998311338
-25.07748632814083
-53.53098780716067
-33.73568839241808
-28.216054533464188
-11.354051825961996
-8.923814871471
-27.786014275904865
-51.64740502028802
-22.350991586927535
-30.053542145516605
-8.00393512801249
-24.541119752782148
-20.757841358654044
-4.176330321801264
-5.695448505131601
-53.99801710413371
-11.257166651652685
-14.957110745589683
-66.22390300567812
-7.18955967486167
-37.04525944770721
-11.765979090828312
-96.56757425044613
-40.88317945972018
-24.261389234393494
-12.957355222178952
-51.67437846061016
-45.9872236391993
-8.02910584166913
-8.823453693146785
-22.533756449806827
-29.456509564016702
-33.521301563234324
-16.97187193112155
-24.841780463853603
-23.18943602320027
-6.560480905225031
