-16.171249175130775
-17.10780529793266
-18.90581863080332
-45.76709571516425
-10.449585650183824
-10.669443836819728
-25.716308299326293
-7.152844966367837
-19.034760851653147
-29.164921228872007
-73.97896370330443
-18.65538477260231
-43.630424542139345
-36.10232811917804
-36.53332754993618
-21.942105325554955
-23.42224430287751
-71.84876265963372
-16.580620177321226
-31.73859467203024
-6.783015451662689
-24.97753350436157
-13.548550349145549
-17.071596676495073
-19.20412922648754
-20.812669364206847
-24.352643964203896
-6.272705167972441
-42.726127904452724
-41.6769729047711
-29.736636807358494
-79.22685027773734
-13.736568726421977
-35.30901537330231
-3.692792568985239
-14.483254208756238
-28.18313975749483
-7.115318671136828
-12.328489985718175
-64.01240847336702
-33.2581750924372
-29.608848976891558
-11.738028021854925
-29.836852448823965
-21.21393084840391
-11.223838778234672
-14.388279290692541
-9.419879417825669
-53.165559711804676
-11.36832887725636
-5.19858313890279
-5.505108188873889
-33.278122563458275
-18.767652072109225
-57.46665122253177
-31.183818124978284
-17.859014838406853
-10.539792047459361
-55.069859242386585
-29.203892474993708
-13.828284590269034
-8.388371752632505
-14.68244656961213
-50.048286400606926
-28.327414194039317
-10.458437013488483
-114.01684808694807
-43.55170888008639
-2.8001194349676597
-5.549481873283844
-102.81998592341058
-15.136962617875449
-7.930655882815677
-19.504609726467866
-8.248314591553891
-31.320827314216785
-29.45229703156812
-14.197360076525527
-15.588624561507006
-19.199442455719804
-18.24322581559079
-7.12995736171828
-5.76722913546222
-17.103880851991732
-18.925622655653385
-9.865735678133541
-77.70190340197205
-24.26966504874645
-3.116564767113827
-22.572675386770825
-5.782275133783859
-37.11992801206054
-35.15138774154713
-27.005770569089336
-15.567760737257242
-67.41943079565
-29.27010156426232
-89.79939391714821
-22.272150394227474
-5.997102933002914
-12.18179733479246
-16.09836465854903
