-9.652900793135897
-23.973353817838877
-18.4108142716674
-14.582693217478436
-6.711663594833584
-24.679654750237223
-32.825178427839646
-17.82028808689109
-15.482288997316267
-24.39767958750052
-39.69603888793024
-22.532515733125628
-81.57188088687596
-6.769796069228533
-21.318340558581184
-23.679966024309575
-22.946883642214928
-18.48812470044819
-18.157287874494475
-14.997474093737996
-24.76906663479434
-17.417983320366723
-17.964362522198137
-90.00733996822099
-29.758514572690444
-11.717823008514793
-22.760113852878938
-28.683016085283803
-18.766707618256582
-6.588588326682839
-23.09948652368551
-10.408373797296681
-35.1186806545135
-51.30548893061828
-10.91213112638748
-44.76491418071712
-29.804843917142623
-21.190300028480355
-12.97196893307093
-5.640223021279841
-24.56201180117275
-15.673389947575568
-21.445735694287606
-12.267364132526229
-37.3971624334942
-43.32634579989634
-36.11814418685634
-5.42887371505862
-8.307099697071424
-23.5061211075513
-57.823036850184884
-63.94608582999852
-23.95196071877684
-45.28614531891931
-76.99740565983485
-81.22532243773422
-94.18437300809451
-29.362880035166533
-8.058825704885855
-40.75615092841949
-29.596673433037257
-7.246998685349352
-30.66993553025126
-76.77031580261357
-8.79219915271727
-19.98451399401566
-52.297188777628094
-33.76111097802753
-9.242193256995385
-69.6428118591527
-31.914330593980786
-56.26475465938528
-21.150474863404813
-50.242560204768395
-14.7012486839458
-18.334939747661856
-26.407094677248338
-19.968332541764056
-38.12139189315887
-10.2287780296474
-14.39308773113557
-16.845950415826547
-5.745831320312973
-17.004937585752337
-5.256727249352587
-60.28132452152467
-22.440867008165185
-7.604305952959366
-4.436226862660544
-17.981808561787584
-15.55801756913632
-16.415775917740827
-17.02391228860176
-27.587812492640026
-9.038694500001457
-10.771705489590467
-83.87214816492386
-13.340428072398037
-15.785525442693606
-36.878753905578456
-87.66899590038928
-26.316332909912184
-9.138606619614533
-9.588017202113402
-15.712505737460855
-9.025394511502963
-27.211156963578127
-13.707273968909982
-23.754817481754202
-42.625328471554816
-65.94585834499433
-12.225527101227122
-23.1566383765556
