-24.581378182947557
-11.405871480573389
-20.102968565794338
-4.659899358826627
-11.737614041509607
-10.353586536485782
-16.90586709449054
-16.928665877852556
-11.154433357744058
-73.95591587480052
-23.099771991337157
-87.66660374287176
-14.95469370670808
-21.210904791756313
-2.383412931424299
-18.503430349373247
-10.670381405678098
-54.52717143191406
-8.604183619205978
-7.39888002032188
-10.149605718711934
-8.253712317817236
-32.047240378127796
-4.044428458110188
-43.945187730570794
1.0421549914718364
-9.103474603009426
-19.49148211532687
-20.93606749471489
-38.16136437587555
-13.691147796566584
-22.484840701526455
-3.2077198718109177
-22.139134699563805
-41.8157768903202
-49.19476820228255
-8.477888787827338
-0.35183270321230053
-26.38109402828353
-47.41526413430743
-9.295058573310094
-4.816940248551726
-4.857672944666795
-10.701116556588316
-0.1554801688230763
-34.636588137434444
-15.768624131911325
-5.242918632575167
-7.671490883869124
-19.449273316812647
-46.79322071777747
-29.974239943964598
-10.935823436420671
-10.501106401115846
-6.501502428830311
-8.605539090910034
-9.692395484776986
-6.167984964372681
-32.67235666739288
-22.79355902222236
-3.2056637433708497
-12.329065356188481
-5.996831011106703
-14.59661311283195
-3.0908805490811346
-24.464589122749906
-15.307889787659043
-43.31916395183441
-28.56850332517926
-20.441703833680283
-34.94318073167252
-17.647188269352405
-7.54336385836968
-53.214342902600414
-70.85562145937439
-15.908752939988425
-59.24043703040647
-24.930501649868066
-19.077679031706978
-4.5470122378260225
-37.813919261698366
-43.763205596581095
-26.073148522897082
-7.666006730309358
-28.94698098770867
-5.7565594563189935
-30.377801763758157
-44.16812485509625
-16.916229583677577
-125.85660147850324
-19.636906605161162
-30.599535827608392
-43.36037426176796
-21.88631749407094
-4.8058375714739565
-33.70464500751853
-8.706254310359869
-30.24441689312534
-85.07632827173634
-35.39172974207091
-28.147536895765512
-56.13515515091259
-29.26385579796713
-13.68071843439095
-14.882598219529365
-10.23838417849701
-24.091403133534953
-1.022156881686541
-7.594200282211399
-74.00541477662911
-26.079634032105687
-8.824584520989397
-40.20234897144152
-41.65711924568538
-30.916852875883276
-10.063552330825576
-30.3418564867755
-5.220895046340371
-17.224361046366553
-28.539677626532594
-4.406227935460458
-27.77774023895112
-9.98778285759497
-11.354465138885773
-31.585536918358518
-56.84460521632467
-17.565747089025564
-67.55013799705412
-29.501780349704926
-34.648336834109664
-3.8052709380505583
-3.2718081884229693
-16.534659421121837
-18.154101019015837
-5.346770179193566
-11.986318973985174
-16.995335773829964
-11.999346518513743
-24.478590362785752
-22.981819836435047
-11.450572130057141
-48.0539305910743
-23.832159861372674
-15.875787440722828
-13.413318807683684
-2.972748698498572
-29.78917627817893
-51.67797898522213
-14.220236534387416
-7.749717537981147
-19.50341364580509
-21.429756262896568
-11.979563290381982
-38.712378594380525
-24.148427345853303
-1.4893643552093243
-8.764152554772716
-1.1782259839947116
-15.588781109886584
-28.62884380336818
-3.5363139256652554
-11.288993668803744
-20.79489873999369
-3.7989909087018394
-32.70085009908712
-44.8239145820869
-1.4557022208588826
-22.24991354923944
-8.754941501417282
-48.79649866565067
-88.51657583278866
0.39095533492650697
-31.851206257231084
-1.5000504403915673
-12.899315010929636
-10.439052987320808
-10.399975433171358
-4.9433916613264826
-23.545383743411413
-24.962813910737445
-14.399376163085794
-17.169201193661998
-17.872325717256842
-5.896271222584513
-7.687791299426746
-8.939605101821481
-9.832530291888085
-2.600052400333016
-52.06631497584596
-57.99939270312845
-26.68364778899561
-20.454751193278724
-7.553741025834291
