-4.613002494360663
-9.586802602287666
-2.5221377995483194
-4.725649663582259
-25.216091950241417
-10.016607766492816
-23.874366524453745
-43.13268339942713
-14.811282260781987
-33.11501349491735
-8.350100221340249
-3.5010463998423536
-15.71799303694836
-11.047108377131398
-12.004982245730337
-32.720022231561565
-8.489891135766106
-13.448136341482563
-12.937497153208891
-15.643916719507322
-38.27113063999017
-10.663530563697966
-37.30787892824238
-25.111235117345785
-34.50743661551064
-33.405273976658876
-9.695607990136612
-9.745180996420721
-3.894968756143863
-13.471157552957273
-52.08932484444156
-5.909304226695125
-13.080660634271613
-30.593534432141958
-1.468350493011437
