-39.8304452220499
-17.777681955923068
-18.36846909598537
-146.5324836904951
-28.343291010737104
-29.67039789184128
-6.4636573319144395
-8.507696257211306
-13.135248096289201
-8.544910060337722
-5.1532411476875435
-11.003210058383813
-17.244368904742075
-10.753161700590756
-17.247328303253006
-22.753066671969766
-99.7970206709687
-3.5770867887175313
-23.405847165821225
-3.9161712976808865
-13.88941784255859
-7.95053001758344
-7.112765305344311
-44.9092614445022
-17.929772630123388
-23.526991086503074
-3.0877919774218703
-30.699006347646687
