-19.526993545731408
-7.787092161628143
-14.59358314250428
-23.268501597061697
-13.102655179103945
-4.761129100222303
-31.012526310256774
-18.801722173852212
-7.881777355634609
-31.285810101875885
-22.3867396555486
-9.58111197477825
-21.103329911036738
-49.07832595750691
-29.999762436546845
-24.628870376393408
-5.466876045594285
-49.071414701607615
-17.55231789894359
-10.326283659677008
-15.42463075614823
-6.7487128320380085
-26.815860871770244
-6.130632402260069
-27.072234912610586
-16.505646700463892
-12.986489681841672
-7.964480851080812
-82.43685535634611
-9.175746641284432
-34.92249916334899
-9.918638201544935
-5.323907934667847
-12.949510965660544
-4.74380454362921
-25.791516752246736
-1.8790458259449307
-16.508923373890948
-45.16229024575998
-13.272853426444586
-37.36018513154805
-10.33815884590477
-27.59121461173105
-49.88681999085933
-10.172929399452007
-18.515236250291313
-24.136152704136602
-12.942672402751512
-11.33378786982732
-30.406085429698877
-3.235859283054925
-2.3892780566156566
-12.62935312710484
-17.139013965492705
-31.84376887655458
-15.217422448234295
-49.578496869424534
-34.776923844515814
-19.135346056651606
-22.772601917228222
-41.75611964067678
-65.35002285604153
-24.49525354198948
-24.88751834186672
-38.5022716219713
-5.28040151768395
-52.98104594506104
-4.422028185134513
-7.7327098245665065
-7.969601543864586
-21.256462105931636
-0.5435333499839146
-5.919135553794629
-51.79376791200824
-43.7842621405259
-36.94680714296157
-53.453386829080536
-2.803892863470299
-16.545933606628502
-6.479681842981122
-19.17912621791306
-2.918642939041349
-9.027379251621584
-8.402162966101477
-20.71929458615889
-21.686827164313712
-54.60995552150895
-35.28258111989896
-6.245721464142534
-20.578751825307364
-26.927009090370078
-18.73428437490512
-18.917885394176036
-18.906067650388596
-14.29244097835142
-22.884286801500924
-39.3809333503135
-5.173154143813184
-9.675782791568537
-9.199997409895865
-31.533775664854407
-5.136436031460024
-47.40924798714802
-36.70240917729113
-42.8390746287349
-7.806348671850717
-92.27860545919648
-10.64550920758208
-8.02902448609653
-12.286656199248183
-26.81205548026873
-57.668903284293506
-56.17289767729547
-32.26951179489359
-10.26712183871971
-7.0480739048064684
-92.63789221330008
-22.625678485284784
-23.86918661833274
-4.958948311063803
-9.205241177807903
-7.363458458294962
-21.572915600331353
-4.43355041597525
-69.13981021366452
-10.574645843124069
-16.064263657806585
-43.175670952585584
-3.0947486438055196
-6.619782085033926
-20.5859638403483
-4.306160311112351
-11.284544007939441
-28.296176351220772
-5.668077687692323
-5.182626122626695
-50.78131685079745
-6.692907888387159
-59.16799052215689
-8.914946189390717
-20.122104089789175
-54.61139225835255
-9.225294959916857
-10.968653006851074
-3.2514043945620448
-30.298482823311907
-9.682297386366539
-11.09215401637568
-28.300975558231375
-33.84059607961318
-3.585646174318561
-24.2455334361517
-7.8306759029213024
-9.107919720743046
-78.09846392196351
-8.100091950641193
-19.405284133978277
-37.20442785649381
-4.287140280390854
-19.99530259987323
-4.784746608862994
-17.411262444592182
-14.086293047140261
-13.665885614497096
-8.413560298359483
-20.219131677515414
-30.19807638232011
-33.01137044799816
-3.1902399738427283
-5.693443836195373
-9.2732556859974
-20.296247510900024
-5.863849708292368
-18.852417625182195
-33.361338676677995
-13.806340046215437
-8.33887319070964
-6.917371597591894
-27.808093954449582
-46.679782952950475
-8.846067631679434
-61.67496814494889
-12.243637285842775
-16.725665278947524
-42.07222807237669
-68.58375724435868
-18.712147837708546
-17.196492263050786
-11.288865959661534
-15.040706011803696
-16.83766269249729
-13.908094707792863
-10.599351544841133
-14.020137650323676
-9.238451955542526
-21.7785571527717
-16.380289725834952
-20.464847090398546
1.8513602935013045
-16.17029001027843
-52.49398492459053
-27.37454447688056
-21.848293511478985
-33.91295282670465
-7.510687497057593
-60.59871444914112
-10.801531379670253
-17.760024072010403
-15.237819034371695
-6.658872250481785
-0.5801559908528638
-43.64631609817114
-9.607044611047838
-64.80493957684851
-31.273941695652905
-27.66816338341842
-19.34446966940956
-4.763105225193711
-15.103593674767538
-66.49792176483717
-17.816519487023783
-24.0158855871786
-34.268269663798286
-4.664079616942284
-21.653612007241875
-19.494101526353756
-23.6734661999757
-3.9722785640656224
-74.74084672661701
-19.78394262753766
-6.1827788447066
-12.487942653083554
-19.307294291715138
-3.2386403524378604
-29.67544495460878
-49.78096390662771
-18.371009575579833
-30.224127157981833
-23.303434432193765
-3.1406080108947387
-6.643926196216525
-6.289930225307755
-13.047691761508696
-27.86366062683488
-19.85645398341904
-12.099292560133843
-58.27185537697223
-29.227221765669118
-10.98979285320433
-15.889302178005115
-38.3855129758093
-5.711875341968961
-6.202110067368214
-42.36040168646338
-9.851979458876684
-6.161411710513201
-28.929092536335663
-39.043246660282556
-34.560532574355356
-31.8366647585364
-16.739977704672874
-6.27725485885143
-25.663452199671664
-30.748314562597287
-21.14935018250021
-21.13220472355381
-8.34107421472393
-8.678393384413898
-3.9850793141315783
-3.8492406922503073
-2.1353398598692506
-13.98031636683699
-7.675341747149063
-4.267477787789741
-6.893478397776775
-4.271574948106787
-24.67541483133731
-12.959481260851135
-19.090834080699068
-20.61029271677015
-9.9990322148918
-25.980265373470544
-32.92360556689249
-11.280820554428518
-31.56941494186861
-14.867080978699951
-4.495931964824812
-14.317561288725777
-14.493505162778611
-26.062701297263093
-71.15136562908786
-9.648519882973552
-6.389065881600781
-19.194249257789032
-23.24311346799646
-31.643154664598796
-16.805184614733548
-9.622226242910994
-25.283356678437595
-2.8338049297801025
-9.149331627395878
-26.135908867038626
-2.767107706291691
-4.149809392105466
-10.672465543356669
-20.883163774416072
-19.548594921015496
-3.3320154004745253
-32.62926044969877
-8.592706300870688
-36.20463858127882
-7.645380302132481
-4.9214213854785145
-11.990848700932379
-42.01305392873515
-6.7004561936032205
-4.358779492943099
-8.09426426920019
-18.978937609252387
-13.611502399469526
-5.592225119070011
-10.027304275116222
-5.3017829286907245
-9.014305504468247
-1.0915957981069857
-19.110268307510996
-23.476690184216984
-21.96415902501538
-48.962030048830705
-13.60667811896726
-15.722830606452138
-54.810760484633384
-41.66062443574698
-9.395865761897486
-11.247315391861958
-6.631510545084467
-25.16740705387696
-30.064622520245173
-6.414406391603293
-10.7547550217445
-17.983706321953782
-91.0303689889474
-18.32111867701373
-8.111708111433819
-43.28871990678087
-20.873403736737423
-51.31570181004923
-5.445742543160132
-40.32963162845546
-22.842397413566875
-10.412868877079244
-10.969444962497795
-8.943764829087502
-5.919031382552323
-4.517020010615244
-6.92349631434793
-27.988751911051295
-24.558368947858646
-48.721351399704155
-35.38328179332056
-30.93670397354962
-6.766363321661397
-4.47129785533011
-19.302138877934393
-21.47394256491408
-53.5426504804288
-6.91193916962903
-27.707194307779613
-17.32470706695594
-20.056848224101017
-10.54691678710495
-16.810556275642796
-40.45261658357656
-22.22012121796441
-5.646732276697647
-13.202320670137127
-27.061452196030842
-14.39758681792022
-79.87003637496598
-13.717201949693143
-72.20996414740442
-13.441029619266471
-3.9352379926212695
-16.419981818221963
-34.51096212189739
-31.74180646721345
-80.47957708582518
-17.457067803018873
-9.292702326697176
-15.051753766138614
-10.705945877379492
-9.45691475666163
-3.356139898533835
-15.196176011527758
-39.27751573966373
-4.980785848319567
-4.919176701115723
-14.578862099434563
-9.088932499284816
-16.685936638710878
-12.654227846780875
-31.936083291936907
-28.14794249592818
-7.933598683868196
-56.27483397874001
-7.688135635260817
-10.682714184531351
-54.52209303272202
-8.837523014517341
-9.959669368558918
-47.93424505963402
-4.030218712725254
-33.50672931157258
-13.300487884271991
-10.036223563945622
-26.276668356820416
-35.16623568072158
-51.32011920943847
-20.298759297475243
-10.86160418115814
-17.689488288067555
-28.278284747407167
-8.723042506945387
-6.740451138667639
-32.55960502297845
-30.345185636747544
-8.65121734603186
-3.4462891503804634
-86.69472598602214
-15.52906127787356
-21.09872998343217
-21.672505988598466
-15.347622537394598
-11.157647274003722
-14.742697067048965
-4.1915286509808665
-64.64022674559682
-20.85101837800317
-9.020207318710998
-29.058800854693388
-34.67810796553094
-7.647149029846672
-28.2429027238788
-14.472765805305924
-43.747865355149514
-6.013608512822383
-35.34361646354033
-41.72545078902508
-8.351293138726653
-33.55449422058173
-9.476672228083611
-53.77062525316646
-17.66749666419098
-9.580373555132919
-3.508496096127317
-30.364212468891342
-20.868987072716887
-3.155939872155485
-25.601808590797113
-44.04477443743508
-11.54904520037797
-33.404821152163876
-18.01296872472514
-14.269172141576624
-23.85357711850014
-24.4532103439208
