-11.99703892195387
-9.45365991514356
-4.04767887916437
-17.130715992978647
-5.929549290983194
-7.078883390319389
-64.1665487926961
-7.6265690718224795
-24.27347786204896
-11.427262793728065
-13.591903364314573
-9.71412225410944
-5.145190103807845
-11.314063653631086
-11.356045918276168
-7.152075757546553
-3.635120373331963
-9.252395340372694
-22.061492552967415
-14.092731856588994
-7.872588137713922
-49.34693783604927
-8.5376699312461
-23.634256633868727
-2.197301814646648
-16.081855290671484
-9.434728582912202
-18.63489053258082
-3.202703208775827
-6.959718828182421
-1.5083474561366836
-11.522793430572492
-26.270915053719243
-5.479923261426348
-11.667087321240418
-22.759539037500684
-1.6213364745554886
-17.541349834241508
-11.961154851283577
-18.157580867015792
-21.389333398787663
-2.4650576709412566
-10.48894311233143
-10.433071931694062
-11.190821946841417
-11.29137862894245
-7.392533745877168
-12.610856922075206
-28.417215284558523
-9.839278022019489
-35.26214050107125
-9.563658412949664
-1.4874246161048785
-5.05209015085796
-2.7677635445612165
-3.2058617922701664
-2.42008972201575
-12.568864634138603
-25.029422959576234
-21.910334791778098
-9.25065163479805
-11.793399542367743
-23.94462463531969
-16.289407795674474
-10.016068663045557
-41.93613999737075
-4.394603629293296
-2.5520679528992027
-11.930735391778004
-10.504943189478299
-7.2644424707939725
-15.064680051056627
-4.384504633128365
-4.859553254919673
-5.94505626805834
-16.168334319925485
-3.9234102025319024
-108.44137441596301
-3.2520377320849354
-10.717690301086138
-14.057589131307724
-3.3347658634609934
-3.4637005406743238
-13.538646002434355
-9.631238748615463
-9.805043282039563
-2.6432001539822805
-3.869020712251722
-13.195441326685746
-14.792079802228372
-8.791436001570615
-23.894099524214063
-9.116720776481033
-3.0088985640344705
-28.30577891218889
-14.08430303300884
-24.833731215293998
-5.370012567753697
-63.38745027469835
-28.187431121330246
-12.397838762896416
-13.645353190738613
-18.955060466823177
-4.0341254581792105
-42.06251729891779
-40.583578782496076
-2.068282713631604
-16.162093067627946
-24.745843158778477
-18.86875397714467
-19.945436304849686
-6.146232607522988
-8.270290999415607
-51.89024425560839
-7.680648472178573
-44.9126395162399
-13.298041433245086
-16.949097904840713
-14.899224848191448
-16.145919532957976
-10.548250654592865
-16.892904398005882
-32.016803442805866
-4.225283465807567
-60.24152920261173
-12.91000896011194
-43.732320222523626
-5.79617952981979
-49.189478287006054
-12.715870295099698
-29.203685381619902
-40.05740116628537
-5.361523772687987
-11.292261717263175
-4.92148581543652
-6.989889371771483
-18.64765481358825
-14.957454124865906
-8.701173253616782
-14.286747820059457
-16.057923898015133
-19.720828299859846
-8.466436397943482
-22.03117072360116
-3.887839133630025
-14.858970362573242
-8.547483673041853
-11.411826636380477
-9.968298209420922
-6.529006587172787
-7.94812639931708
-13.822626068797987
-50.4200290145725
-13.419962319132262
-8.883940920767271
-11.1212628330798
-7.151995192015556
-2.2782442995388554
-4.312939772563496
-1.508457134240632
-11.587862394803492
-8.866889420488926
-19.918432906177717
-28.59628690961138
-2.5833514853801995
-8.189579356399936
-10.193238619160443
-18.972139152155492
-35.78051490222669
-2.4466372241621315
-13.34741664281049
-7.773654321570019
-63.8155881970794
-18.4876891538271
-25.340681184870114
-6.879906556582894
-1.8379162619350657
-7.602683959203592
-28.901676043051907
-4.269739132600462
-8.279359522690136
-24.963546969371897
-6.892124288356185
-29.078407455128193
-3.186107414396294
-128.6428173452972
-3.106320179833016
-20.605210315639543
-20.122212242277378
-27.182259186527556
-75.4960191341634
-2.9799153014067232
-12.922096476237483
-6.923657244341224
-13.220108193518017
-9.045671558200524
-33.123554428390555
-28.65519322919674
-22.142679541170818
-5.393096181733322
-14.224849141387962
-13.895258827171515
-6.110157803337445
-14.30284008841973
-43.280723951517864
-2.8835322724639103
-3.0789087771270482
-13.878500366804143
-12.769882644135414
-14.890972804252907
-44.08794614628263
-11.341415254538022
-14.608549780442052
-9.26402550516509
-4.8895446519172365
-18.448108077055277
-62.45631717721061
-26.634446979554973
-41.45127925674094
-27.579734665272372
-4.267143490036939
-29.46302247419651
-1.2856692268715275
-19.381180135667993
-28.74936344830285
-6.289197484768297
