-34.122937995477734
-19.8495019937921
-88.54212583196765
-17.317990512135314
-3.58880782138093
-7.093874703047501
-11.59625142962111
-10.411608853780892
-7.193522048040264
-4.420622534380889
-21.662717407945532
-15.969834206616952
-9.939192773159988
-20.919881868274675
-7.2920459049593465
-10.54156258472067
-17.61616434268367
-6.340864276256952
-8.876535844693654
-21.059817267305874
-20.005672274960105
-7.85754393481327
-8.348339102583909
-10.018690935305624
-15.940097488018083
-7.817571362414829
-14.906261192083104
-7.154321951408661
-2.9985453885122646
-40.92678123057096
-14.499442306527833
-12.305581922929045
-14.991182059048626
-16.47986081123123
-3.530977751898127
-11.32884317690817
-3.318205275490192
-18.331784903547355
-15.08618597077466
-31.897816036812568
-1.5370317578435237
-5.134450110852521
-27.453625540283042
-2.2674871668015077
-16.916229583677577
-9.98286498792046
-41.72510991444997
-194.6073134755251
-19.165726831349016
-19.604319035769894
-15.524294593061175
-13.638398987076457
-1.800782438859635
-2.7834797478573603
-14.036221035731552
-16.25322168061519
-6.801321834425266
-4.691140044973391
-5.763986574253403
-15.346601438239578
-50.89129423049241
-9.83523294599963
-15.899912815005534
-12.725236259164765
-45.185928126577124
-38.598933666817764
-4.9172321200967675
-5.431900601384969
-56.480944222076054
-4.551685095812187
-2.1587551521074237
-13.08900697267543
-29.77996875305924
-13.86701837637567
-17.030297897269836
-24.74417521550941
-8.825702897215846
-3.859388077173369
-11.449105293606625
3.0494612501946388
-9.089931142248858
-4.842705224753971
-5.423620324680525
-9.234039319372663
-24.3429320666335
-14.416120921686677
-15.954162547160788
-16.606901009941076
-2.069855242341439
-18.45153805599703
-5.106622555160568
-4.970137120869535
-7.915461482283743
-6.5578610335831256
-3.0120067612226156
-31.352884687964647
-6.461633873178605
-10.451423586028893
-2.6774032112726154
-4.743935883121428
-5.182636992139241
-13.223867549334214
-2.13392301840466
-12.144851186634424
-4.563583722089234
-6.621023878567073
-13.626281603780285
-8.720703385813279
-23.848071734092485
-5.045589012883668
-20.414865934994182
-7.945381247668644
-3.3652306257284605
-2.397416052453926
-9.346366899717871
-21.816930733694157
-12.270220317692562
-11.106787366511538
-13.476839845234451
-9.87504109655784
-12.015978335156783
-8.143259857962612
-25.278500822975982
-96.87718183441169
1.784815060601195
-33.756190967502775
-8.89077794332984
-13.790921616718007
-12.532964046076136
-23.102295524762315
-28.077809631611927
-13.232016365573092
-17.317215716655298
-23.68997892889
-6.696471717500131
-26.996310023725847
-14.376215714459365
-91.2689666436329
-23.524252371243794
-4.938436404759068
-5.285815442559932
-11.59738143752106
-23.353747338553482
-12.174342512405346
-15.998774017156197
-14.788009700112303
-26.444924835598005
-14.275313060693156
-11.43227631811561
-15.389999660962712
-5.787306107852234
-14.54980029944244
-27.263780095169096
-5.208498975613013
-7.6835939569364085
-15.905487571355675
-8.530046526458149
-4.590971014040759
-2.602977599406319
-20.66639161726827
-5.389528701076892
-29.533942219456225
-8.353448360401627
-6.114991908713075
-136.8089638132241
-17.197529156946366
-19.540021639828456
-16.46358469487617
-14.901942640437968
-12.870761633206532
-5.956330305127807
-25.913155794731043
-7.502181201907737
-8.179691241140834
-2.173044282863698
-3.5141170815547547
-7.166301424141603
-15.207393779243176
-9.525141532853386
-13.998596430170158
-4.76715064081843
-6.640801045519812
-15.5791231238744
-75.0925333709491
-4.156561724110656
-11.844645482153988
-2.969673774543287
-2.497120821247088
-21.64540741655905
-20.9542787664032
-5.658965020767266
-17.91148672954359
-28.350617013446843
-23.61573789669135
-17.4308219149505
-6.617919429221323
-6.636335553071988
-11.991544826524404
-3.7272399508536957
-6.539645502521417
-5.310793887303955
-24.15013124084698
-10.112256296776218
-10.602021663487879
-49.96025995676611
-62.43996887420441
-9.207447298110306
-11.82501483395755
-2.741335393802398
-16.842845499483573
-9.371268399612697
-13.054985837956071
-2.7795168829741272
-53.24836713881853
-3.9131945745822443
-28.889571459634602
-3.3480282850738208
-24.79412985737318
-9.664949700610306
-16.019398163453104
-9.883716609471042
-9.332476526085777
-22.80689289674851
-16.328047169909425
-20.50093352434671
-6.197284315834663
-4.295106237913221
-19.792024898980088
-10.100863070076304
-22.488144581250307
-62.11618384858539
-4.13449212958629
-23.75779557474817
-7.151256127761867
-13.304273081345874
-4.955938992336108
-3.028951330549238
-15.213173381175263
-18.32037497782633
-17.775453242655534
-6.650088274827365
-3.370401260401683
-6.126880404816902
-14.135050671223757
-34.488556390942705
-8.685047561523264
-46.78919679577555
-6.184862040268911
-6.34996875134031
-7.094588922399681
-24.502771579162808
-8.571440196562188
-22.91600553240213
-6.858630629382081
-9.513315318163805
-3.441732642641475
-9.229697400173091
-5.664531978810111
-12.52217343922411
-5.686977833699935
-10.029942466219937
-4.0612375771580895
-8.969121168960221
-15.968423706845671
-9.393648401911447
-90.2880990718999
-26.114642385351054
-78.13604131410887
-16.127635816199323
-2.485360675537397
-4.728206089645907
-45.67806286751606
-29.671122778837233
-32.714507474561685
-3.066776303610703
-39.93446075706503
-20.834289674904998
-11.021380806335623
-45.58292368599682
-22.68324436142423
-2.1248486415934535
-12.603479682074664
-5.960920545583368
-6.4819251289871165
-6.19771159998121
-15.913950331637336
-11.099915425789149
-5.6824162742685
-24.529954794951404
-13.972709514310642
-87.17879013173155
-21.058241829459284
-14.191327940793165
-1.8010106170496598
-8.04126090743329
-6.576320010133783
-25.003823109492693
-8.731404030805196
-4.016258626365849
-5.534828446751776
-1.0580932146819266
-9.766911931770913
-17.680213983074438
-17.50399479754239
-8.315202538947226
-8.302494040412869
-1.1902264710573849
-11.630542532543247
-15.903800068067735
-11.409093438840442
-11.569197257098827
-5.788938497128678
-21.97101214212244
-14.934069561655686
-13.745705549751603
-19.033636088405224
-282.6911467878983
-8.825578188620346
-16.984687759733976
-22.76516012514788
-4.9315811345274945
-2.268537065114047
-23.792696660627882
-7.42429657194629
-52.601633722775915
-24.702090662112155
-32.288308274392044
-5.209139804492998
-16.940530180491923
-7.108849082331045
-4.941348520018709
-12.756925362626781
-17.044637970574474
-12.500258567735436
-2.1557767553022167
-25.295326310706187
-20.32082602799842
-1.9250190188545522
-14.945425385136955
-24.607633649139466
-9.861803984392433
-8.347057796316557
-22.67091840794296
-16.405376243341998
-7.708642755226937
-53.91389940474284
-26.864099113158467
-8.548987641047786
-11.043559019535593
-22.79926387984823
-43.92283676828451
-5.951123422560384
-22.06584829740577
-8.717024365339809
-43.72699357243392
-4.3441392536888355
-13.095816325639044
-31.13602820693287
-7.5163460867732645
-24.81161226149363
-18.31969169913073
-22.172212904923985
-12.266523370478117
-12.477360141237746
-29.474521275027552
-3.4049407744824083
-26.261086377536227
-26.21462249281206
-39.74187866148144
-14.965039926248519
-12.302194247518335
-10.269227992069693
-5.905864825555971
-4.548503690423027
-17.843938874536686
-9.945429516149042
-8.922128502761849
-9.401463899717365
-2.5550130413465464
-18.453167354052205
-42.66623205046269
-78.74214720240377
-19.891040722072447
-17.91319422722526
-38.86834366256009
-10.809021942820511
-5.413061360483994
-16.40536392475907
-8.022315142796238
-5.717415237460205
-14.613266936000732
-44.22117416823652
-6.551827256765385
-6.971850982734357
-13.461971063431971
-15.50067528397127
-22.75050730575782
-6.139721000252663
-21.949164333166014
-23.324817023718953
-15.202483563417273
-2.580111056291488
-7.239699333996769
-3.896942785364896
-22.496056211873128
-53.20887935536606
-8.674845676630314
-6.510830515276016
-45.36001463218959
-21.115453225198912
-16.681799762272394
-26.749754116862714
-6.037198239768959
-4.106107603941514
-28.113382915621084
-9.037849776825869
-3.525025798198691
-17.39232383072143
-9.407732185167307
-8.42350153392428
-19.508154219295058
-8.640476391207887
-22.88134303035182
-11.196187669304393
-23.24192920067976
-7.176004150876909
-6.969364352024917
-16.59329268071493
-13.269104740574573
-25.841598285625516
-9.235711515898487
-17.331579963187277
-13.96479836132657
-16.114101337556754
-7.5365714110896995
-7.378231070708384
-18.200592398455665
-8.70002513599507
-23.256676898703645
-17.08669736564654
-5.1401915105364955
-3.494214328917889
-7.831997000386841
-3.5823233102337273
-3.2264022823685043
-8.028388829878807
-14.09771918974506
-4.81884357228256
-21.01443644075892
-16.822275820742156
-32.49681511229341
-10.094031645614484
-5.435880411631701
-6.796135256736812
-20.653299043184635
-5.714282366603907
-17.87423693459167
-5.790726522167445
-63.59930468658544
-35.785573385026154
-10.283099056216725
-14.758180667532429
-20.20196665647213
-8.677790402275678
-18.96163144084027
-23.710990618310895
-19.48194647420123
-2.2752738811303685
-9.401859945910912
-13.403293068060995
-7.042646294114966
-19.483170691586864
-22.13341813897941
-20.111892223345734
-15.1241782860477
-2.4739341707120843
-4.9309352042082795
-20.07051120450461
-11.591428628306057
-103.31542609440199
-6.469451263919738
-7.96528323945453
-11.372170951665124
-5.288159620531222
-19.749074937979984
-5.967404306350301
-7.5249189561078245
-7.205175244360595
-13.816274253337767
-6.017966908662239
-10.442603270289434
-20.16220152677037
-6.9156974594812395
-10.495286086949184
-8.746154549745155
-7.200709056639544
-13.930388112857157
-6.976265029308041
-3.3658639713988
-11.270288176016841
-6.699614412834411
-21.68073246882614
-8.981095246799725
-7.274460228000347
-6.9204064635349205
-6.6477904812423425
-14.1103547454308
-17.01482638199483
-8.010561190968664
-43.42224747553876
-3.8532460488851075
-9.303167028071229
-18.637413447713882
-24.520183850487584
-33.90630655439385
-22.649856625249082
-10.077271396000056
-5.3107932086213
-26.81556575644201
-15.393921987887882
-13.86366452710349
-21.300582036067947
-7.561973618464907
-3.611145456496704
-2.8206853192982226
-6.007678904199498
-10.905122561870021
-9.679742804858249
-33.652759457682684
-12.74256457756308
-57.24285039897951
-10.39595461694622
-25.465780892024696
-11.29846293501506
-5.597498089049804
-5.728289089594881
-5.691423109173545
-1.8916006658425462
-15.603772131850008
-42.53783509787238
-0.9310795135066638
-10.03044343137742
-12.136459079541709
-71.8551153859937
-18.293268643651388
-12.779050863454653
-15.432933022622487
-11.840921723625106
-19.597014757140677
-3.148351827969542
-13.776335230288902
-18.749999118433227
-19.77170465156709
-9.420103038298022
-12.453500159485328
-19.21556379926177
-4.883432787958495
-22.812166235444
-6.249937165295472
-7.3733452342391095
-3.9445074180403115
-26.41577458556158
-22.883889543045466
-21.57993387262526
-14.035347897257521
-21.77297190700753
-15.73181958310358
-12.535456710600599
-8.10866101260637
-20.733084995316286
-13.285880395347355
-4.881658511815922
-8.161245390378014
-14.908518321401617
-21.82668385299817
-5.482510071884883
-23.76756743106809
-25.156882104697036
-8.672954969204653
-11.435479241576095
-6.287290696167831
-24.763424654264014
-14.5209746818678
-20.359391432839526
-12.104438610407737
-8.40637112915508
-2.811333672657468
-37.51556290887558
-9.759516364715516
-7.41630659682698
-27.167161581702736
-28.728928761104978
-25.56659415393536
-3.1539221297013875
-16.766561082090433
-29.898440671716177
-9.758642447824743
-10.906010382246487
-8.412597440109646
-31.436579484777194
-3.404321983926899
-12.307957751346576
-12.355258286098698
-7.440454932993021
-16.427762782949877
-14.01349227452206
-6.985898168455308
-4.905488708686052
-6.529576731827385
-80.03170568193451
-14.439042477496812
-2.659865645809243
-13.359475567170257
-16.274972003719054
-9.424217091482603
-5.900142321954957
-4.000374757607381
-27.19417230925989
-14.808016227710706
-17.10609486506135
-73.993938445939
1.1500459789150672
-18.45948069170657
-2.5131751874561505
-10.471402613155561
-44.07319093720779
-4.140156017552446
-27.546177294706528
-1.220307169203767
-13.201217432015877
-15.55462282227283
-12.094274174575014
-38.2812599763666
-8.205446679142817
-3.981441272462655
-19.957619550915194
-58.604437214546024
-21.400914118504662
-44.950356372159824
-9.84856253373999
0.5228722122733598
-3.4247728843480387
-20.678397527465386
-24.13388805563865
-12.049518529396869
-10.53301434567363
-30.472273632567056
-4.579592114433334
-11.81082091570025
-3.470620419566397
-7.293564399404311
-3.870166822043329
-5.009433490587244
-29.749950293605302
-19.064155798452788
-21.341101854931832
-10.963204825310859
-4.230354550880956
-14.269753066049095
-29.026469413044385
-7.347844005657675
-11.059476581987235
-9.074341798021901
-11.236017346779686
-1.7866128059769533
-17.819330327163495
-16.59662394396408
-16.896271278793087
-7.825021764172628
-1.8497037301334
-9.807737451654402
-4.7590600386087285
-6.1011876521812
-2.9627454526124497
-10.338180162979471
-7.961389039059854
-37.01429178927814
-7.927693449176535
-18.574119878619
-6.732446983918563
-12.1726700415287
-5.388410166517701
-58.10918494105858
-11.528498945651878
-15.400458581741752
-20.871724138950757
-16.917379274403366
-8.545664136958333
-7.173212330391265
-45.424144758547925
-1.3839694816939148
-34.62498737165881
-13.927610103055645
-23.636402224123202
-6.48082858136099
-20.59892749630707
-4.014643976833086
-57.99703027845668
-12.165572737734886
-9.191964249797028
-6.142651483011603
-6.840074658919876
-30.525664559220164
-2.3855100932288877
-17.823851105549757
-7.479701413631782
-17.00859638485233
-4.332627899922897
-8.65132817078751
-18.325044880125226
-15.25598095563145
-15.173047400787409
-1.5835005209648347
-3.6125188076916896
-17.11357906781841
-12.979118681142419
-9.739875114760919
-12.428310576122197
-13.634474155576791
-3.2038003642881687
-5.2252057983824995
-3.851731858303877
-17.17703380111955
-8.505736216804147
-22.007916720507293
-5.485151617632675
-15.654657227335031
-7.688473797762161
-31.39328678389656
-12.19868133272513
-13.263135746450297
-1.733743889018607
-1.6719915160346186
-3.5242901711457386
-5.1558085363350115
-13.231734128782403
-5.243871383804008
-22.71105728801331
-4.6331718958051855
-10.296040598204755
-24.081770287095175
-9.344965783378196
-16.004603770682746
-4.443488760260337
-7.369723398865659
-5.760330665746049
-6.187529328738721
-29.312940674794724
-7.870575902619268
-4.05200745071989
-54.27532750393969
-6.014976978612169
-7.409522117247346
-14.057310326856891
-14.342479825816202
-33.36969658370828
-8.44806278141984
-17.645239556528047
-9.151989674761259
-13.988028786200308
-7.059656654822426
-17.99533221711661
-8.172212387069516
-6.301278386108163
-16.356896622534933
-4.784543010496506
-9.539256641705807
-5.207223757436279
-13.037776549488013
-17.256584108783127
-15.782777202803947
-56.310087851073135
-6.020784709471525
-19.968330843512827
-12.56310322714461
-3.3607901577492716
-1.9152079519532281
-12.950112441569363
-19.836552486565374
-14.906713852684573
-11.60196602188691
-4.733550857995309
-9.490175839250313
-12.001435205712577
-7.885867890136005
-20.39350701375499
-3.0783918318101047
-5.260540670706911
-11.841092112249767
-47.8222610447145
-10.425954421696598
-6.867097143024411
-14.673197301756916
-2.2332336283621883
-23.75616202921195
-1.7883047198342745
-6.4019756701149735
-24.269216020338924
-10.953511459257376
-7.663635919098319
-39.5683975895833
-6.3698411855115165
-25.156214965199467
-38.68698607326461
-18.158005284426505
-6.974142798238181
-15.975373426028181
-10.15703378145717
-2.8106644966889136
-6.121454385305437
-33.36091003074429
-7.4683749969463955
-15.070341613832175
-8.262901841501993
-16.29092426978641
-6.983605867601424
-9.600384187239628
-3.657051783117177
-5.5704233431896615
-14.667256456862555
-14.552422273301175
-13.697893680414543
-6.224309056773327
-14.578428247178747
-1.9011575131906868
-6.592121869776118
-22.40592311928587
-42.2857529116283
-4.32295870810805
-28.758851877211885
-14.74049726530342
-5.043089212666809
-34.50764755720549
-14.944511709189337
-10.98453822915445
-20.681141052412393
-4.45723502636134
-6.897510278945719
-14.241071976900358
-11.600094541177
-86.31914169852459
-5.5259515953004845
-4.019566307245909
-7.653614777065869
-13.993894864832978
-4.067357849900248
-14.356514566481197
-12.515558495793853
-6.600123224401586
-15.199265348022886
-80.35637463825906
-7.929395073896258
-7.800516493812421
-7.267272834114237
-12.907613603404924
-3.380710241409544
-46.01780702375811
-42.05747955732418
-13.855639232110057
-10.027741090424902
-7.728571842719086
-9.594712608238318
-15.797251813880239
-12.686392467464339
-7.761229141175469
-4.744320166547295
-6.748887750877582
-9.537641759315514
-15.741136307066258
-5.086371496659062
-28.05365453005391
-10.531337611352363
-56.03751913325808
-4.276374637915652
-9.825713562699123
-4.497278012393642
-3.1902882725048642
-2.6940705980381385
-8.774471286540532
-4.002600921372662
-29.08459742236507
-26.07925350976133
-1.4416250643380752
-11.014000651342826
-7.356988007769405
-8.832577751023786
-7.4963411926387655
-12.392316325514921
-8.405941886569424
-45.71008707798644
-17.427030068444594
-7.240948260468657
-15.51503179781587
-5.099118793018325
-8.84660455441726
-10.978509981861583
-40.08257616188743
-4.70202810574503
-3.3045271989140956
-37.43870545259804
-25.991568495878624
-11.271248040615717
-17.070307376007197
-8.514324735455014
-6.904941834921704
-7.366719879897448
-6.841171820809093
-19.25452992709555
-6.171119853377936
-10.893294568670614
-17.144756091690496
-4.361838035556512
-89.64959149238149
-9.511372371397785
-3.9952460443022884
-1.230722095219412
-93.92103322613265
-3.59223072046495
-7.488691130891276
-3.442100417885538
-6.014091651767523
-9.93254681473357
-20.56919127074018
-33.13614193284148
-11.20549653343255
-7.706749228323829
-24.237790936431175
-5.633065540675244
-0.5925958763548251
-3.9805995662284874
-29.498705427539516
-8.036295355215206
-4.40617945342495
-10.321647248173262
-3.4558202534556397
-15.944874243760696
-7.759076494903589
-8.636025332937267
-34.09261985234581
-44.57004633837955
-8.522658421099061
-13.351059881839555
-10.279081114954769
-20.203797699257905
-13.272240464060594
-14.461302897003481
-10.929401177069336
-25.40745377218305
-14.37904108550756
-34.4683413834472
-21.387610384012188
-14.210292284447322
-5.103695041024501
-7.06393349189637
-6.959302091203202
-2.355016560260319
-4.634371001468769
-21.20009015814983
-5.851550463032846
-14.318254184302333
-17.34118136151257
-5.458952711160352
-31.136096861113572
-12.218658350346567
-23.325234315795843
-20.952000990377915
-14.749457442291499
-6.63385256468579
-11.803520971084318
-9.72747703847149
-49.23417684669726
-19.717379611419243
-74.27391814013974
-6.417499183082455
-8.913127964531261
-24.861798430220247
-4.835753430509286
-6.327612754497239
-4.263844171614933
-13.626333712688409
-11.926557949359156
-9.674943460065267
-10.576486675192655
-10.509304000903974
-26.479476117466447
-16.263284048560553
-15.176496910219743
-12.187171717468877
-3.93861058482903
-40.13341309727333
-6.282223790305109
-6.526702537985993
-13.748313697789529
-8.184097265532504
-13.295817976649754
-19.556221642206783
-1.0547484528857591
-4.624447537900419
-7.158317811922401
-9.25840148882435
-32.46783002723058
-8.728415862410317
-8.859012288316151
-21.637558760468846
-40.181365010452886
-7.2362665950516085
-6.915666176328955
-6.701486378238158
-18.741845662839463
-11.831961841899272
-31.896679032940632
-11.718577208849991
-127.53162788123461
-6.364288893144296
-4.610969861765365
-4.674604851242251
-30.99501775249059
-87.90531584769825
-9.210292012374119
-12.384287316988907
-48.051419164429454
-6.228156677293957
-6.459308103615123
-15.273127059985633
-3.364470967873605
-40.38328848046195
-4.367399408033124
-7.32141491956915
-13.13055411404021
-22.867088175491315
-7.391457701306734
-12.06522683775445
-18.14489611825704
-29.79013168270945
-14.619225906643765
-13.823940480593794
-25.915120812967597
-11.79962622255435
-5.4611551838456664
-31.042970600682217
-4.1608739077971535
-17.95093658567216
-3.879718189211849
-8.716164344450377
-3.9474634441161833
-11.556236778964449
-38.94250038407975
-8.149196564175224
-78.49656159393263
-10.341910147907566
-23.31302081527199
-19.967649426544067
-12.17715509482271
-6.646196658002802
-51.08265532614865
-2.1491530431559376
-8.049668517682822
-2.454973795509235
-7.2902963521615165
-12.508171636062016
-1.4294595666838563
-11.760748237172427
-0.5756805103781966
-42.758620197765985
-5.483051156806964
-4.583837960022038
-9.481543562718107
-24.812952010161155
-5.44792194296864
-3.627204776809397
-6.9563504504812155
-6.767473192685841
-10.989585918839435
-19.764501445839116
-12.043788876970646
-10.490711443656418
-25.38631993188846
-23.44508743683949
-14.061207405833903
-6.403949076052215
-8.428312283924107
-3.6156389330796483
-18.089277351578946
-5.874646343041161
-5.95433512549283
-33.96196998630258
-2.245665984086594
-6.578799959790917
-5.780053617530384
-22.097650114652218
-6.576689403446042
-5.368224876804103
-21.960146228799584
-10.085281679337594
-14.580920330515779
-2.820979443599668
-50.46480936043685
-6.499715762323196
-2.6856424854012477
-23.857075449934825
-29.0702598495291
-17.033892788856633
-8.396330592992902
-39.49037051098127
-11.146104318620232
-2.1543970822787286
-5.031372969248176
-8.78365716334426
-3.899864986533948
-32.74131602479374
-7.882062563845717
-3.2144660664667444
-9.404021313569379
-32.32488662831684
-6.820900632411703
-9.561236867319622
-25.26794838447613
-8.0139030354004
-11.442797510707859
-1.5802415183581613
-6.14805796870084
-3.4802515976449695
-9.644343443517181
-37.7931307084812
-10.931628967180146
-40.68006438444297
-14.797786781666172
-53.1861977072622
-3.1849193989884625
-9.165931378886018
-75.62212709853257
-14.811677570788293
-6.237677450884175
-25.752184631259468
-3.798856596251989
-6.017497601260391
-28.50601608228259
-22.08683083301488
-5.535617508506937
-15.474521570281246
-11.579295121216354
-7.609621302892169
-9.413024032924579
-3.002335804807175
-12.184922294981947
-9.425898648320693
-25.783640348461308
-22.355114302695572
-1.2424810256283074
-6.440439964246871
-12.580293646710619
-14.975784760518925
-7.559847665981476
-3.8150793935469327
-9.049473732422857
-10.71594028827121
-10.572362811921954
-41.18727960315762
-4.727392040582632
-12.213506196286236
-22.190490815814275
-18.912881925168726
-29.460736509007916
-4.849489762480294
-11.829748570388691
-3.1142572237134036
-7.259996513026805
-41.01109579439382
-7.288327998867833
-4.340989257242555
-13.493027710589315
-4.444252132947323
-8.669121607294416
-15.352205395178034
-2.869333090403828
-8.079977636439883
-26.60866880171013
-6.328602673765805
-25.906003669392582
-4.401111607540625
-17.578517944607768
-7.9170407352724625
-5.486450045393566
-26.4696079311473
-2.3414687767125852
-2.4442276730196504
-3.190051733955197
-9.49377785093024
-5.138406482169778
-13.161655906663915
-6.183602489325082
-16.36298224981204
-14.250628275192666
-84.06724379217937
-5.24972660104135
-20.652730923207542
-7.234073156376672
-4.483212349793165
-41.28959680748437
-6.448486769084882
-16.01797652143175
-16.588439976604814
-20.454994354031374
-9.199487074140352
-25.609395825788347
-121.70839051222
-27.120178753647203
-8.14391493682974
-28.688368193240144
-11.801583847136358
-4.508136320808798
-5.838721479517871
-17.079456001771476
-24.977329487234016
-7.730579805101875
-23.089912376713166
-9.84731863634634
-14.30369255472511
-11.471214239401402
-3.4393292182729542
-16.02648615301255
-11.529442903718236
-33.87163830787945
-23.743962559484874
-16.994186843657246
-2.87199907260835
-9.64213579017565
-17.947475982086303
-8.076405484624052
-19.32625634536291
-51.83471008194428
-53.79402232474535
-21.76838135826453
-13.881465035272944
-7.786145555140995
-48.34281022198686
-10.717045471375627
-11.689287735600463
-25.22422819307783
-7.979053452566931
-9.926756659461214
-10.928323317083708
-21.77008732717084
-2.60167509463785
-0.30166345040536585
-21.188073162375844
-12.362460723290134
-9.192206170304278
-4.696981927990254
-0.43821922692098453
-5.062995097075472
-3.1781213259426475
-5.757269952934269
-5.489381118010189
-4.966210333462914
-4.140755187856356
-27.705242742377592
-16.78143855325288
-8.039685194555632
-72.7784981373152
-15.885735792529275
-11.754468621563115
-7.7791545136045475
-22.395236482633187
-29.240213101062217
-8.059708909818534
-9.177172249095301
-16.530217412581074
-11.762667966956666
-53.074818355500106
-8.46988566772641
-2.073454597386518
-26.691345435130444
-4.204788968089961
-4.629406225244577
-15.657263346806964
-28.585584327355836
-7.944318346449309
-21.989747116179235
-4.986547988263884
-19.803594751153916
-4.108405939147155
-7.2229191605920615
-12.961494118424431
-25.72682111738301
-6.9595610293319625
-22.11770942909534
-15.654059023626482
-12.988101591698022
-26.227795513516835
-4.1821272659230315
-5.457976211248999
-15.163583524983371
-17.85846816842097
-5.132447340489192
-6.440943528464213
-5.438824542885598
-19.764514678638466
-17.42796390314728
-9.643469173701792
-8.717285477588883
-5.646756180288572
-11.58283346185859
-3.7028358586630703
-20.60842330148352
-3.3562453678040653
-34.20396138193763
-13.171606358608809
-3.1035050524365584
-44.0454131393556
-28.092643512425113
-22.075869870152193
-3.0767445349074474
-14.41333290722161
-46.529236392384625
-8.724824552859095
-6.144114331263247
-9.084519136434333
-20.95684916810975
-7.026891633026584
-7.8540855427116485
-15.90526115038054
-26.146873899580424
-14.35583705914684
-3.629720899882811
-6.595272675777135
-21.602795576711074
-14.53582563565433
-7.719554436530085
-53.892487347222236
-1.9027301678957163
-17.449730698971543
-1.9783011786587306
-10.353409997290578
-11.101656780169616
-8.852552906440389
-14.712106380594934
-37.9244673757013
-3.5689634958921497
-2.9357312633055117
-5.107441805802862
-43.888869759148506
-24.385700539121572
-10.202846880070929
-13.263569295767837
-2.7519430288299955
-2.7414079452911504
-26.858073955573605
-5.683962458519528
-24.9514684989089
-20.877658354386973
-23.592105152960084
-6.140901198075902
-8.382064290774212
-57.72393685585629
-4.738244428808586
-29.424725676874445
-47.973196259690155
-9.915658177919736
-15.015371288766678
-23.794696037913926
-16.379577289270483
-23.326839216838177
-16.442732007076966
-0.8893780292745405
-8.118949306501694
-13.854308308411973
-7.371559782157679
-2.3575321445355653
-20.04465274194167
-25.542699987926294
-5.559529182025843
-2.3644929800271877
-93.5028004529727
-10.38304051576666
-11.877719654736696
-4.405332956716875
-17.137439768337412
-8.048657588048627
-11.790805718721092
-8.030671689276552
-4.63184501555467
-18.819276097569364
-12.914244120061957
-4.81429907502546
-6.41174712296755
-7.426095138409266
-14.97539973178426
-11.197301152398467
-11.412082237833177
-3.8499147848475106
-3.620889255363876
-6.476754634710456
-5.286746135327205
-3.6505010309238313
-81.82158892694149
-23.2184438841077
-25.2242626328327
-7.407523863652127
-12.57710057132767
-14.353469893106224
-4.057154215410281
-3.2528981590123958
-28.282682445788026
-13.680555739813123
-18.703150117210285
-3.179119754576626
-8.354399773982209
-16.87316433806638
-6.906763772467847
-12.211463603179098
-16.773509502699127
-3.5133076824129725
-10.394033662301357
-3.5635595771206647
-12.7330599383398
-10.186495973649583
-5.7984094634676575
