-10.526796590314579
-3.576239919152034
-19.638604425949865
-4.996646562918756
-11.152078975048997
-9.227542278927235
-4.382040694673333
-49.90212815527973
-18.472396334048792
-48.34179107345972
-23.444728057488863
-21.75346779517485
-15.894402665239674
-7.484917396077265
-45.33767156266361
-46.864047952861114
-18.978587534233945
-22.78994010994794
-7.193035394051714
-52.27156495931706
-5.720756379052761
-8.949849761595626
-65.06742389575317
-5.8459063239547575
-4.832567246788783
-36.796478688187385
-20.382517552250327
-13.80397893012759
-4.275191444276662
-36.584541824906154
-11.010186662594597
-9.579332998708043
-4.357571489088825
-10.32553053025104
-18.423434203594024
-18.939666598641207
-6.708546421951006
-6.878838944093573
-27.987881665944535
-3.5772157291811837
-24.028679592556443
-23.392082308021877
-35.87086507866754
-34.47437758976313
-3.1390447802044887
-38.15776756785571
-16.1077100858775
-24.562748629201685
-48.52900490031472
-39.29896476120225
-7.741946261127985
-13.79942837000288
-36.63330526625189
-8.821765587485968
-16.423310311340483
-21.650131214670466
-13.851712916083825
-10.094357937990447
-9.163130147691966
-10.154758939499345
-2.2131702355812766
-19.182729437157573
-16.857170102642144
-7.690707332910876
-3.0158983980886016
-17.562929174600864
-21.56938716913777
-3.1590991746273627
-17.259687831502227
-23.53724757132156
-18.155390584405755
-20.06781294597773
-29.169436920900747
-34.19683548821587
-12.53535260072068
-11.476105069947057
-5.940528050026075
-30.194623148586807
-11.553505854695532
-3.758768140835833
-36.41293301335405
-38.19609234077013
-10.845661292223149
-7.7772501112313766
-40.67386139131291
-33.746360451547844
-11.420106485215546
-13.717738807915918
-4.4582104616922615
-18.549879559489742
-7.371034627434268
-2.586387907682298
-7.376584552001582
-23.490450872711303
-6.607569626107331
-18.971833338842035
-9.59324467937174
-11.122475342286613
-62.03214776742115
-21.27652906468055
-8.7710066218943
-32.981530934679604
-17.509871554722242
-21.479683724087508
-62.68809590038737
-15.536339413086994
-11.783185491939589
-6.487983028628456
-4.697203401062388
-19.903017278248416
-14.505308862155292
-10.19217887194806
-64.0899238305679
-9.573739850833057
-3.374157507169117
-13.772451223592364
-10.207178399453914
-5.483198513413802
-11.496691402642785
-48.08306309145421
-3.4953561078586795
-22.11643833880676
-19.53065119224174
-28.961901830444745
-6.702262940302056
-9.872656115351942
-14.815525782302995
-2.8417671487900154
-7.287876714236842
-19.37175138120614
-15.23670764328828
-1.5287727864969147
-5.085936526859378
-39.3932517299759
-49.47678905655098
-9.150029555063647
-6.30328059440778
-11.823596943296758
-14.25354932968904
-32.167011063640196
-19.27553982635352
-31.777715446476215
-45.12077193392628
-42.21804292408115
-19.89544027807779
-20.294993954816007
-15.4079769977567
-11.780443426632543
-32.04945089752036
-9.17647266835892
-19.713726062369282
-7.413515093057126
-20.726628678254258
-27.002602360057416
-17.750274736006165
-5.922247621982177
-15.87458750355968
-18.117116794771345
-7.989492839508533
-3.8410277033010756
-3.768354026479278
-13.072701509823517
-10.068369604957413
-8.81843337536517
-3.7015609359894635
-25.581569835972747
-31.587112375540315
-38.917060931942274
-7.206854611703861
-46.8166909282515
-5.298745757562204
-6.934649093856248
-17.72505341709897
-19.063367209242323
-8.797091210634301
-8.927080786416564
-4.6536947505731945
-8.954485043663043
-20.46117206391675
-7.017245946041084
-16.94819259857873
-2.04124357777958
-3.0102302781689394
-5.109595022964842
-7.948804424479703
-3.5296409654074923
-2.4260351875545774
-10.60754788980142
-17.896026742522867
-74.7446809263338
-57.44993133712803
-17.181104833449876
-3.340355012178044
-11.045910109836989
-12.445764639780817
-8.13756269703584
-13.770275572681799
-9.19331074835023
-15.279707061822192
-18.653619414970194
-8.266031584283914
-15.588680040495229
-33.80160509485356
-52.70622549756179
-4.958681983804049
-47.96838802536785
-10.686341882033814
-21.57651112182951
-16.76855551369958
-5.1338650910691515
-20.543959994466967
-13.076476679201411
-6.193548654557204
-22.300353876114414
-6.374729063732452
-8.881279419312007
-13.67972236025835
-17.18321399703626
-7.578833834763773
-39.560468629193416
-17.082970137351666
-4.358283334194081
-36.50133595159507
-29.971486076029915
-23.278260956331717
-1.6302605597246405
-26.90007965262549
-3.2213343004804176
-16.520272138410345
-11.448529078237968
-28.059390413891226
-15.850804841993536
-2.5799980290752527
-41.80094606884469
-85.17162786527744
-14.874513425836856
-5.371019477766177
-20.95546579419015
-19.736987797092333
-27.012600208585166
-8.59991983931014
-9.463394859114796
-20.820076176574247
-32.04937870896204
-68.87529631561912
-19.23502355245447
-23.142433131339548
-30.1995161252018
-7.666835703170983
-1.9354862495410807
-27.213876645579553
-34.090185572118514
-17.57851009257877
-7.746787802222148
-35.191385531426505
-58.84862283779119
-12.64734783851383
-13.904507786083844
-4.84309237814647
-12.92138961176741
-10.217150505937926
-66.39242422042972
-14.199966638879179
-1.1334420948441197
-5.660337728248677
-3.0276573284974977
-34.58018654564576
-22.847276400600286
-22.368721980140155
-9.916807688389483
-18.08067532173137
-5.966403513292363
-27.43647521132895
-6.183358704855092
-5.390863253652766
-7.205443208124199
-10.627554406901716
-40.164089855937775
-14.883047479140881
-39.172363096347524
-13.470664771861387
-31.28205287040316
-15.950440652362177
-10.723080459823843
-26.518478771849615
-17.389678625572788
-44.987869404874324
-26.172335437981324
-19.392676377161873
-37.65373168589522
-5.063699073420555
-18.961315514096217
-5.322240741218965
-71.50475776184723
-35.47179636541958
-43.732320222523626
-13.590923315781398
-10.22668457385922
-20.64572929041204
-30.500429808935163
-14.220762615748388
-68.86515966350282
-24.699750410084913
-4.162040907458476
-48.32839413044982
-24.088801764185234
-2.530385034304271
-3.2918726797659597
-17.395583110613064
-5.535084793623058
-11.235784345164873
-15.07335755972136
-11.124379419877954
-3.039213540796686
-10.642192555012553
-10.446406614817112
-29.771422186023102
-10.649731264417479
-13.690105438989464
-8.386977112980807
-38.23364602509882
-54.87118155163422
-5.585714746942568
-31.11299835245004
-0.6869523324821697
-2.2867535979760696
-4.0036448161516365
-33.59414346252913
-19.963521742844453
-14.74561267067115
-18.294853687022282
-23.809754109826155
-30.590509288840643
-4.219282392083827
-27.05469475324481
-13.775973081643363
-10.258777713280857
-7.493093318374917
-7.997659430040969
-36.194222146709365
-9.964159862687046
-3.4870524306087
-33.49231462123527
-21.55814700794764
-30.002644654279706
-32.30444438858312
-20.055326876696157
-15.805901224392725
-4.89754307166269
-31.08141592773589
-59.10335232808044
-7.608786510119363
-33.461825163561066
-27.660748399030982
-16.904715918927256
-24.33834053286819
-14.125639951465988
-60.34000869928727
-9.058714892553738
-14.956059680833347
-55.74823315604541
-5.039375244108648
-9.583351640693383
-0.3161092991783407
-14.542375318060104
-11.029280871277855
-1.1968671539299793
-12.67062991821038
-8.623394164125711
-18.56583517656292
-6.486017745659594
-20.65692776604866
-33.19677433000317
-5.733618404162718
-18.050648792094666
-25.562660192154713
-10.179503305964149
-17.01193290728791
-11.020075594961805
-16.261837159881402
-4.866352034906883
-47.90655662417176
-42.261620997083384
-9.53166139955048
-8.969121168960221
-35.97869350331528
-13.749524172370563
-5.121380141979031
-52.98853324255459
-36.10423449286865
-12.753506061147913
-6.265540849429622
-71.24440889308916
-71.78316414352764
-22.829651165062007
-4.959056024712921
-13.65921348272315
-8.459567443501657
-28.084990041029954
-22.839167646533436
-8.675996086506604
-7.167249086688436
-72.82355749172092
-34.63415513087562
-26.410404189126552
-12.131757247266274
-13.622576649602346
-38.01542889356426
-8.34394300202889
-20.944622271493362
-69.47283521037589
-3.8793723221662475
-9.77732374233438
-39.02919596429971
-6.855880247694759
-13.249486471113906
-6.322568652516347
-6.727075636758089
-0.892034510897873
-7.82511625820492
-7.579885065008478
-52.713612407909196
-19.43530306610705
-48.06467546300363
-9.416516857121605
0.43058718907864824
-6.124850676768083
-32.353441668887015
-21.671240988228046
-10.073181086454872
-16.722287824955014
-15.838106649332362
-11.609809037834795
-26.934833530827238
-15.082277375799428
-18.45532139899137
-14.206465528178013
-3.858971371879961
-16.478221294337274
-122.7246178019102
-20.004074997763624
-4.1785344805661655
-77.25625932175606
-13.849636806281522
-12.989308464267983
-2.146674306516652
-69.11020442048083
-31.25779186123225
-18.002499547366106
-25.776622488963827
-13.99375494709438
-15.990327529483878
-4.789793854270333
-12.833344587620182
-19.78914656832715
-4.78876688453331
-4.733612875360327
-13.17486385995563
-19.92666835909661
-14.38850115668915
-19.74925247143186
-38.6064596283937
-32.40805289191744
-17.76833020956156
-2.52764239392004
-29.047451087162198
-34.40852634587866
-7.234697082592406
-28.404460078893745
-15.644099267674683
-6.327157701490039
-9.128076160756958
-11.716954843440723
-5.395755956509815
-20.940591339136837
-15.309180916699534
-22.12321224296123
-58.19213588219521
-54.49731840615983
-36.26422696016243
-36.248355576801835
-19.49380361870711
-12.439302869014238
-3.6481183223471794
-12.204929257748983
-56.3071546677444
-43.72415201723672
-27.285508957070196
-3.289857163510535
-10.503245373754114
-27.62655637268017
-23.759308657530564
-24.16659030415991
-21.911548616723692
-1.8091305189331317
-15.092302921733875
-5.852440535958845
-4.379200376996734
-24.082023352985225
-11.044874446385409
-87.4526045930282
-12.719788193930983
-2.592572645852285
-2.052298697964793
-18.78562474706072
-37.273797318116564
-9.733943682214504
-13.049402308423309
-23.61720937261348
-18.560778947910286
-12.222703715097888
-36.46550748435982
-7.08644342007839
-46.03213261532463
-40.24732225618315
-10.364376053916398
-1.4285051704912877
-10.387694415667854
-26.21065574284583
-42.468220619956675
-6.316847646633561
-26.155100146718183
-4.352695919346956
-12.645005214322047
-10.7343478227435
-22.2843085708977
-4.147459275325092
-18.71695296238416
-23.95615164384062
-35.774380851023466
-73.46941680352482
-17.61448152694166
-6.01824705011458
-12.91767374145867
-4.202992698571932
-1.2714461528365046
-5.693385474339657
-22.84617749543106
-16.372514066593908
-14.56499873225296
-16.82302438693108
-15.237114690806065
-63.06975604559186
-42.36989245065024
-2.383007995152059
-17.14128442453332
-6.523160886870877
-10.955074130624212
-13.41999331897
-31.174342852081026
-14.626262428609113
-50.577621804435154
-22.89556195094806
-9.250358565180488
-11.140671141792136
-11.659112023673575
-30.440245631796838
-7.622347030847803
-9.809298758206968
-7.162900188366036
-16.809328010633962
-35.752324642122495
-15.459819261577856
-27.354256327451914
-12.483081600074492
-14.585116773216557
-38.17224115891207
-10.177146854583304
-17.71428652180001
-34.737645644738606
-10.821517713102677
-7.42948201220296
-16.379157013547363
-8.983041512857389
-7.0927027631696085
-96.24304732792582
-4.393033150867544
-21.623002287183272
-17.20173177998727
-8.712354065192708
-11.752704546492055
-9.05396468925841
-4.681919135651033
-37.0537928649447
-24.1943820658477
-27.237787068808203
-17.383130995200695
-53.28936068975504
-21.18532054396632
-29.85173134970306
-7.49515597970559
-5.330241450114781
-12.575701752786168
-34.46230582584864
-35.47096399265951
-6.80387488722202
-26.398543446645846
-95.23867226662951
-2.465042514360211
-18.198201401280397
-35.02438453750302
-8.954622970780404
-28.113382915621084
-18.98267756821425
-19.508154219295058
-9.746445762411565
-13.117721494560636
-6.100942885207497
-6.883940138728372
-11.941788210031937
-13.262364405010347
-5.769351225197468
-6.867146746084979
-4.805932724318158
-3.37508914917223
-20.877309543540004
-18.710930214775825
-5.855295478713922
-39.88716699811325
-9.011033026698984
-2.688410844640577
-34.64660351226807
-4.050748047539551
-7.119566501001151
-9.81694264334316
-68.14641494293305
-26.82142977732325
-11.230645497671748
-26.53324425374965
-19.506986240733767
-37.52919744088267
-3.0969594491260324
-3.6443955947653555
-11.366419963044919
-11.847911715888907
-11.265900644323361
-23.784769064358812
-11.608545367212574
-94.42835561545131
-21.479065037505702
-16.777612958022832
-7.480605143329917
-17.03251140793576
-17.793218096763855
-43.539929348559845
-15.585006757535195
-82.03907359280987
-29.038556952568676
-9.032232325527804
-3.700297387976634
-34.30266113798429
-10.282067851106273
-3.3561281769429003
-5.274872196783622
-76.44448822240086
-11.562015507661702
-27.06013080332393
-8.95324557544209
-17.48466510621553
-5.283852837639123
-13.945271994089964
-76.23111121744888
-16.065975850939793
-9.840281995252354
-34.50716320395201
-25.545650453819075
-16.621030884939803
-17.59232332121291
-7.843022216294362
-10.76548105111546
-2.6654913325371075
-20.20408443128292
-19.43086450186232
-15.038051063916184
-12.44813840045811
-6.461120360425208
-16.05672817706534
-16.602274169566073
-18.156749936957787
-17.422209919228525
-13.464436703935606
-34.70933551913774
-63.20491230142407
-48.55036507858353
-1.9404908258128277
-3.852786633709971
-26.893140473525268
-15.695756622199758
-12.824807400997893
-36.78847932401077
-3.676945639795835
-16.20830581886004
-10.560006571693918
-18.19869048525382
-9.180198083777848
-17.017522317602257
-16.967068174692166
-2.049837915928027
-5.185429834552784
-16.671123823081572
-3.677137373636296
-16.562172313249498
-20.290699363988054
-39.82869960596953
-13.603074570004612
-29.470467043107796
-44.49630787916074
-40.12829945687626
-8.033602046651428
-12.831483568322797
-6.374294524272365
-12.235246801682312
-6.545115818271811
-10.179711617003242
-86.3883321836413
-14.60218757147188
-15.119882467520739
-4.275774240965135
-23.90021345563244
-8.948777017699426
-11.286677139203501
-47.54715392098683
-14.008120570496017
-5.753741466960655
-6.426799129592568
-4.5093833894943005
-25.224088968432778
-1.8573345479580174
-17.972882675043227
-22.186727494611837
-32.51900703829509
-2.5925376305923984
-6.477563131170102
-6.987294949682291
-15.15463185155486
-16.23954839512933
-30.256320260157576
-25.71132017520186
-21.816796924467745
-13.221270768077089
-71.2984059248503
-21.0254708172495
-14.521074728964894
-8.993843688365866
-18.501502420923227
-5.650871277841756
-6.8531561989796606
-17.59959734632828
-4.411228146683071
-12.730055605679654
-11.559733114013783
-10.299059664574019
-6.20198419729515
-9.880939289631181
-11.744444116182484
-18.154329355909937
-32.516454575923355
-35.66012447830003
-12.601823221911465
-15.8785043097807
-8.154881509687288
-9.8303120366572
-36.515301347209935
-9.358438394510783
-10.614812901345372
-3.650574098213537
-24.30913356525754
-3.723166663261974
-12.617394695631617
-16.875318878796023
-12.633535201692322
-8.74027031791554
-6.255670782947514
-22.605179655167472
-18.08788384997755
-56.65735086682018
-4.322347105997503
-13.370757915462356
-13.768796767406952
-36.25424868441868
-10.730510015522256
-12.49020458280351
-24.738412907559177
-9.594925819146095
-33.652759457682684
-13.648222978190356
-3.529578991459953
-57.40475157909729
-3.7890711135560493
-5.248381374625417
-9.908870092043458
-26.061606673418943
-30.968631055713203
-7.3294519899902895
-14.289991851704732
-3.05830689429177
-25.817945527785366
-7.13826970236399
-19.688515428308033
-2.469422414822451
-3.5894446907206383
-18.763278467990897
-21.728229877889127
-15.237450083186781
-8.812230296886272
-22.089503857752373
-3.697628068836147
-24.740649460197645
-8.350506364426478
-4.838250824191191
-1.1265105636185024
-20.532910409319346
-0.22484419570516487
-31.96033617546086
-22.46020826175103
-1.2804244501755255
-8.685086092483347
-3.7647213908599024
-20.637722870394658
-21.251299386822012
-27.761378276494547
-25.95553903897779
-4.435149684161766
-9.420103038298022
-6.274128055141307
-12.02440668966938
-13.714670264944711
-5.926407999492468
-9.065032510372411
-30.976632484227196
-3.3233661718477494
-230.09608788218893
-13.699031495703089
-11.685343553415063
-17.310078040389065
-20.42560819760842
-7.142944611187683
-27.221204310022674
-17.937140102735647
-17.035881286463688
-6.508270958524961
-19.48824642547587
-3.7807787756208127
-2.177957838997648
-3.6903831077529103
-23.90784347219398
-3.298614629468507
-29.28324991988032
-6.448979264914402
-19.266789115356982
-20.552032725363393
-2.832904764333919
-27.430014343817653
-11.435479241576095
-23.06418704485069
-43.447895568632596
-16.186044780530082
-25.228667767654944
-6.993165088320759
-37.34113449618667
-70.4804521736818
-5.015587308559813
-11.987267708048073
-5.246341989863996
-28.697329774323062
-10.194043337236828
-11.184614726018824
-13.253828385502995
-58.657503101908894
-3.4619974874897763
-3.3437535895813966
-10.093674988193737
-47.16816583425255
-45.388049874751125
-10.497308837089168
-2.1415928199502385
-0.8784321258577586
-17.028743805470963
-16.14258693655818
-26.82335189564933
-21.324940855837202
-109.07450193898588
-64.47854326208216
-9.2510626619763
-15.64911683649514
-25.506479793127102
-9.145351909207303
-31.389290612658797
-78.63042867514707
-25.069777111073478
-4.351306749889329
-4.703301893710146
-50.178670165635
-16.274972003719054
-81.54587771624959
-5.850217542346155
-13.876410904674923
-19.274835951460325
-7.788871431992539
-50.23792361651897
-5.4848171348907355
-21.408110523376727
-43.64355529472225
-27.621244212741463
-10.13426031359171
-11.47644747143689
-31.515333048595284
-24.07075175513587
-15.061911830278296
-12.03635047716021
7.923428813158814
-11.492066119489566
-17.405036107858134
-15.72272703760017
-41.433147535170164
-9.654807283792842
-17.24043330329936
-48.131652641475654
-18.501201196306578
-13.14739883312756
-33.849894447306184
-23.129297770356793
-18.930565174998822
-18.798284800967693
-20.987273215871024
-22.483107577072715
-5.298390989116475
-40.11366270069275
-13.557025659217537
-2.5503648997146615
-11.227605274828395
-10.395030226146476
-2.622324351678056
-11.138005305611642
-15.694540511172669
-18.147522389034812
-20.454783847773427
-12.861468209390571
-9.821757846401916
-5.042944297125247
-18.754094084014216
-13.732484772373793
-12.240086728691008
-54.91792165007685
-42.60589412240333
-4.466754681000019
-10.846696085650574
-25.357283455436797
-35.1133982487712
-30.763426152711254
-43.98379761572544
-25.84295531456429
-4.907894520806877
-10.330532961110888
-3.812055604432915
-4.920059859447242
-53.185453810195206
-12.461189833838358
2.802728896432795
-14.517203052995004
-15.236319696000049
-4.983639604070664
-10.405198324787891
-24.552805969540238
-10.17528513889534
-18.48165583500829
-13.330613597337896
-22.788795830035436
-11.17414896871675
-24.870056885019373
-43.582179902318984
-10.230518951049476
-22.058080606784223
-22.481491054242017
-6.922778895234079
-3.410633448969415
-5.0719008263546215
-8.684992255400951
-15.061031502988333
-10.028447320411845
-15.81752838033467
-18.55527887653947
-15.698211647528009
-14.763108626617408
-44.13906437491429
-43.14867180377863
-8.891470446154612
-35.9757521909299
-18.70033064697636
-21.961475393802438
-17.058314250524937
-30.718355063104838
-20.375109061846956
-12.10533563077122
-43.660132169438505
-9.689112780800293
-9.468494694606084
-24.205318580813014
-10.7070276657463
-18.59046438936059
-28.83790792560577
-19.381412024127872
-7.607671618377835
-5.268113257776051
-1.3739066004260179
-34.90983279473318
-4.895585192587175
-20.59892749630707
-10.269256379962417
-18.794296120234396
-3.9406459998383117
-3.5097393854770345
-17.254252140060267
-35.90390207965847
-18.821402582187723
-3.7119057321324056
-11.686638437028686
-14.354016527186149
-6.89350036487219
-13.542429532730168
-20.376316041986875
-44.61416580244566
-18.999382526969654
-15.460165476454044
-23.27418737062222
-6.427770487112102
-34.461556453274476
-27.747113605368593
-19.248389526387623
-19.962109931450613
-7.682450271181988
-20.756127603489645
-16.720791068828582
0.17363685023419603
-15.957452856527508
-8.328866643201147
-22.628152847856867
-18.492308558099918
-15.505994217126695
-10.217907118317592
-8.071496853740515
-5.846766921988315
-24.00353677965739
-10.829767465844748
-4.01360218350669
-3.6897650198528735
-14.011404751581454
-13.971974798010113
-18.08957796513754
-26.627953486542566
-14.630055068788302
-4.574735511236479
-19.685254444563864
-14.313427170487822
-6.992643500203705
-18.11685056381817
-12.004392426925687
-3.505872317556596
-4.404736444867484
-19.8127834110834
-13.921641587596042
-12.19785843882232
-8.27446093316839
-41.094011511566286
-9.551763710178589
-7.772259502329949
-16.74571648189958
-10.070489386163718
-27.110624275665696
-50.57099531839057
-18.63665966622465
-29.12857715600567
-12.695710317631656
-6.771905627480276
-3.5112476778087087
-15.181994866653165
-71.10576702165417
-132.05082557940366
-42.21003709103781
-10.706401195453887
-14.521943852494793
-21.070569144538176
-14.440150342689059
-9.57942885733859
-11.16926154302592
-6.044410599154623
-9.343580328674697
-15.292385022244433
-30.863313785917544
-3.542060787471089
-2.3613315383604947
-2.570209205586995
-8.612839493194905
-4.775849741684141
-20.90074440909803
-4.755763979571532
-11.81309937627669
-11.35974862226921
-4.454818305741395
-64.63100334557456
-7.533202223049681
-22.13630300725875
-17.183936505278265
-5.5393297590351604
-3.6142794442308306
-11.789676102008665
-31.327804014873273
-35.82312904402514
-3.921970188193282
-22.785152353873396
-5.716611145530593
-9.432229487119688
-31.31685196899095
-5.945713678736316
-2.227616791408862
-21.19321492231681
-13.847541148906167
-11.371255682414306
-42.59058089555235
-27.715321556960323
-7.527271344348369
-84.23199719008547
-30.766435636950284
-2.64613511034365
-12.930471835896311
-17.948147147876544
-63.52327419514241
-22.032397052852595
-18.677295390040833
-30.565920423541993
-55.13007455030789
-18.275938705302874
-24.244228892886525
-16.266329688545145
-24.821689235766293
-10.609598206665126
-25.24655881600725
-15.620701424863142
-4.303863752250784
-9.036220790273136
-9.831148503291578
-11.274619993054907
-30.65508238975189
-15.956052740496652
-15.961136955961395
-43.904100432036984
-20.897218339731545
-26.054750461289824
-10.44591157501139
-32.0739694985555
-18.472639043889217
-16.379065642725777
-11.288898652520043
-5.392943642232905
0.2347445534751028
-8.17351038229147
-7.070612833727106
-11.366414253430213
-15.049354230141773
-4.601821471679224
-14.767446706364769
-36.93326922768223
-7.853118155712756
-4.559896412916529
-36.589728409657724
-18.367732314968052
-19.97303662402553
-12.132060350567555
-7.246403998003977
-15.448303486626383
-5.772131383469421
-30.859455618734366
-9.256620798763045
-17.945773307956518
-38.1466004223302
-15.056185964284703
-19.729813714850092
-15.006605267708451
-6.050355789675875
-19.773266304975493
-16.11998237784736
-3.5561639337390587
-50.159360621540586
-29.574566008004293
-14.044008538130132
-16.47711628363974
-33.32197852873785
-1.6377323231181902
-34.073437252437365
-14.058400195016873
-8.447962727279757
-42.2857529116283
-23.82202025645038
-12.111955117107227
-10.371127631260821
-5.578718957500985
-34.50764755720549
-1.8207932378184513
-8.186848274405262
-6.002061002634013
-16.132849747132962
-19.799391877174955
-12.679458889772345
-39.053142500470706
-9.208594539606823
-7.089629134368286
-3.721130628638561
-17.537467996733636
-1.9366893043888167
-15.613928934273375
-30.834885047268806
-7.755244860706771
-11.613312420798675
-12.69702531010004
-16.690273008522105
-3.479007106370431
-15.724787520551676
-12.147091380797548
-9.813590516771875
-3.8591408786849466
-18.53781573087444
-12.306794054355423
-10.7531064779782
-39.50334977697866
-5.8661700461833455
-38.02796163806831
-17.43469097261456
-6.509564393525537
-10.722954295124099
-15.211833638786482
-9.886049753820314
-16.972091123469795
-12.17460219624914
-7.624042912168499
-20.58563317152322
-42.9528689105402
-17.674207951955516
-24.417630751499296
-0.6905784441446513
-56.03751913325808
-12.667237172420654
-26.63751831390589
-8.860885878715113
-13.694854697226862
-7.196150627508123
-40.13942097974156
-4.042905001934328
-6.130021154742488
-14.526588862753284
-10.199419594425569
-22.952693974016903
-66.50934117999347
-54.84513586943312
-7.058087244379122
-4.228258114742358
-14.810492786755518
-1.6746479976579514
-9.307808748683874
-7.688875415876698
-24.86262922771824
-25.540288174681656
-8.624650632770543
-14.514442360877505
-19.319902402724452
-24.90936420931482
-12.924801021121532
-9.249427843291466
-43.62636092750958
-26.920731602631896
-10.647092227842387
-13.619651791422351
-14.778229502607575
-2.683322163207506
-31.59505872270719
-21.287607108549196
-23.32098258992406
-68.1448034805817
-32.45732855814897
-26.077275733088378
-25.97307209263692
-33.74383361324387
-26.21433275740909
-18.226216570795636
-0.8802755804889775
-41.308713105515345
-25.61940231376822
-1.7672718962456468
-3.6308076775974913
-11.759540200047276
-11.255015484903028
-60.99790719864213
-18.994419734471503
-42.962789461003325
-35.63129734452455
0.2210541436304682
-11.0714852347611
-17.261492282752858
-1.7837250428936609
-4.597572246546523
-33.078603055641935
-10.11406644304237
-101.96246946343199
-44.74839365579899
-9.653855481194281
-16.156757020187104
-12.611932250079107
-2.9129714873198913
-1.9970122292640393
-17.96009606683461
-39.76130981637987
-222.1669298101832
-37.18646345824429
-11.626024250427678
-14.024803275315845
-25.466766637252203
-4.955588728172997
-9.964707777660337
-28.356113156428883
-13.542761223577852
-143.39883926401993
-33.13614193284148
-14.426126602643611
-18.402491768430536
-53.16135560637367
-18.784360981588165
-13.901475882318366
-57.679333576615655
-27.84673048146419
-57.95831156670311
-9.24205226286602
-33.78337165258568
-19.840466954925997
-9.765489977748185
-21.13701301649341
-8.296727160586936
-4.501349319234583
-52.088044200849566
-37.580895746902335
-3.278803103669556
-68.09686392375087
-9.288759555792712
-24.44321713855905
-8.689033771728234
-17.289794577295552
-57.06677879168115
-15.559981287193349
-10.091334918479712
-10.715835353805701
-32.85667877003925
-23.91679960747905
-20.50427229897385
-22.92513251089767
-23.688543119352428
-24.286995281072503
-19.1888207689835
-7.513981215811698
-20.720685115972838
-17.432254210192784
-18.9254109537756
-27.452222894756442
-10.151060159386788
-21.2564587515776
-21.124640876082168
-14.415729066139077
-9.418927154645111
-21.731172068795242
-16.48080932896285
-14.775593036833689
-7.271921930727808
-8.454620439809249
-20.698137186578442
-9.334996903769683
-15.637447000374397
-3.207867658454529
-21.520452193778162
-11.903547309815648
-21.404696855297008
-4.230605340998791
-3.0501634657864165
-15.45196738333003
-18.09380236451736
-16.368957522319082
-6.035666040577766
-16.683933846159874
-9.287967441301848
-26.717781317358234
-17.789216593133872
-4.857565265747328
-13.826095679514411
-33.740595535714924
-7.13869128129637
-2.1697555501352865
-38.83236973358006
-13.768386001106304
-21.330608653137727
-29.82219267044362
-3.0409218882238966
-33.35605131111275
-9.409509561931937
-25.484042067514732
-7.630740831340836
-10.315771918473253
-3.300544929704625
-25.602117688750443
-4.248367009443902
-5.962918097593787
-29.476300907923623
-9.629807212330576
-20.019170209215062
-26.479476117466447
-18.11892037511774
-18.001684604002364
-24.364554868048874
-22.49819941517377
-21.805460341989566
-15.261303607677315
-2.6735151307444984
-26.109888320072322
-13.554692620963532
-11.755887054932684
-13.180961372880397
-5.368945808455322
-3.9821288136108235
-22.313233650810048
-54.09316014263582
-11.648631448498344
-5.47415112922401
-5.532632902264546
-34.00690068029538
-74.68973194047537
-5.532162278593165
-15.640935388280658
-18.43474408460434
-8.141902587943573
-26.93124762942359
-49.06470072407294
-15.396202227447324
-17.419233700206533
-7.57203402321228
-8.92630424346237
-18.15927805221352
-19.88660043544302
-12.221423572419864
-29.980198050191166
-27.00520331530474
-2.8413705052503855
-11.036666842310941
-1.5336779123454423
-4.5310880623747085
-25.11525458103423
-33.12527998586618
-3.3827090457331814
-11.434336763505478
-26.145607161933988
-8.280325306828097
-6.1790754199236515
-22.787564046105086
-155.72585841596606
-6.1849716560089565
-5.867668489746859
-10.015885585169015
-3.2148241862009215
-12.763157287874352
-5.44625411834049
-11.72378482878725
-5.103930843643309
-3.9304340769655814
-14.584835130852293
-5.344949054169883
-22.72579256387391
-10.575527461679775
-7.023584071098605
-13.868597663891997
-8.733058507112396
-4.3860207978490084
-7.849334891777428
-4.004266127781985
-12.562128409619449
-4.016942487874603
-25.671243176715077
-7.305762867631195
-9.217971154718105
-65.18773865367879
-23.473229852912812
-8.05452127680718
-4.798113177475727
-8.20070330708039
-22.308296092072467
-14.864741545928023
-8.12699810769701
-22.058815716917206
-35.72632004816938
-40.04290937501739
-5.964549228906943
-19.650315790160526
-41.515882649015154
-9.674579234177635
-2.692567672360286
-18.66539299942215
-115.57228745328183
-8.73170459484425
-9.69689437340996
-17.34898160404539
-20.59700274623789
-33.22765714456735
-22.871745178770137
-15.491412423164453
-3.7347694385866474
-15.962602552607299
-36.8018648107835
-55.46316294076742
-4.077979030599996
-8.880140952918577
-12.199950836546101
-7.712395574366989
-15.423668568634467
-2.209493776208474
-7.693319181021401
-20.0739030174537
-11.951954088023141
-54.637829829396374
-30.464927759167605
-9.953227498562688
-33.22551445606381
-3.044501590993279
-8.417150778547462
-17.69954717251761
-23.168077343259817
-6.718227623774549
-25.10026625033845
-28.928340505040044
-3.9354734627928507
-23.690222948447776
-20.432717565187794
-17.272813206292167
-21.273368376852176
-21.99006666530833
-20.35392772253628
-14.580920330515779
-22.17224382202434
-16.901169119769147
-30.913912423012007
-18.53850934820271
-32.65874088613774
-83.62163231772091
-13.737181071440112
-13.463737014377271
-7.781851941927314
-10.039348844938006
-21.21596056809327
-7.451729392484044
-3.9192525627019945
-26.75275318190483
4.831885916133973
-3.564743021233046
-22.553854254192743
-46.94050678726911
-10.160896440153408
-8.068178552140854
-23.59035372640066
-39.85213260908058
-24.672518251373603
-6.543752113513485
-8.031936168414285
-8.089498774730897
-27.944411834840956
-7.745981185119194
-1.689622667415709
-20.089743681694735
-10.626065963542981
-17.299214107417367
-4.6438820799921094
-35.04142239720374
-37.7931307084812
-4.808489109979935
-22.086346833905438
-56.219405112835375
-14.138538405387129
-6.453027141480285
-10.922644423522668
-29.1774658717254
-8.514921876165388
-30.28009954825864
-24.55042384313091
-46.22147698759018
-26.171509916326077
-12.225498335751425
-19.19221972071791
-6.999533388918662
-24.942894814192982
-41.890749689597996
-6.864509795175476
-23.222272712788996
-6.308835111817002
-26.907669426467013
-1.968651743284328
-25.456116227074308
-17.704527000156435
-9.639918901187253
-25.194921420274763
-10.659007806584928
-12.97685619286148
-6.8497766631238735
-4.98739671922531
-8.85767402955366
-30.198118121659668
-32.481805805868945
-62.72867017810248
-128.5337529612608
-15.71149126099085
-2.8422461527661063
-40.84158772112813
-12.580293646710619
-9.372951233409632
-16.369782403774522
-71.68608334922934
-24.83390289049355
-8.725084599117595
-14.447356061899127
-12.9511227601149
-12.066144024755319
-4.021963501576373
-2.2131702355812766
-4.573292569649078
-29.997742480981984
-27.697758295491436
-6.459747426549123
-47.30861544442379
-20.063499331196347
-31.59958783169298
-39.90714660901477
-38.480447751377845
-15.694831765290063
-29.046067060299013
-15.387395757239005
-15.408814400803054
-3.5330340817719605
-9.497884053899023
-31.500504753884364
-24.68120222471648
-15.314182631430176
-21.873511625773332
-27.959822204205537
-10.52615080751656
-13.275083746936224
-9.93287205179347
-15.174833864987633
-7.042611409095621
-14.052648260057355
-16.194447593415333
-32.28219335802507
-16.08277214782193
-4.506993554588286
-5.955496856194007
-20.527474405283893
-13.537701100904833
-18.034552330578425
-27.317846654393872
-6.314993030947191
-17.832258757617044
-10.480918070390578
-15.038880886780419
-45.4587261087571
-6.551789902829404
-48.94868536226357
-4.123747363470841
-14.328735916321095
-11.612156322071751
-46.799604160833944
-3.068313609711331
-28.465599156477644
-12.207854329439487
-14.55441058951425
-58.22479343480286
-22.639466281189506
-21.30795644978954
-13.165012155730423
-13.987542630099988
-5.882504643331288
-25.08101125249443
-8.966289614746271
-28.554409462162916
-5.258941664814858
-5.116343359986677
-47.26645236249989
-3.9040867051383663
-2.568960857353735
-15.713429520889719
-57.68222171060715
-3.5761265905858908
-7.967495956868098
-15.473827892714024
-3.64385677273358
-2.1444759114188776
-22.557779545600333
-5.474996097506587
-17.47609230881354
-13.803487074717712
2.8459140601132917
-10.731967372242027
-42.51856948480471
-4.180470340338987
-34.54626134899491
-4.6916946511038145
-11.922273473066857
-55.25664330822104
-11.861299158921025
-26.364899315224115
-7.263160464343483
-16.560458510026017
-28.55198375971396
-19.356576203423472
-20.98646965387194
-30.426854054550972
-9.220951184625218
-10.245405480359675
-40.81189256899805
-4.478797430655953
-18.060602221844505
-25.121498833208182
-11.441124879779128
-46.997558824014185
-17.21099937423114
-12.401081145256603
-4.53407610548179
-13.489981406607475
-4.294524500371925
-8.069208321665721
-33.63337428822743
-34.667569914533416
-6.755203115395872
-9.362415674811931
-3.79146446375233
-5.666714820807403
-16.114921239080285
-2.798242703789692
-13.437864585784828
-5.099708774787203
-18.967216606608318
-15.453038563354246
-6.33072048508395
-2.391580603462634
-56.93642308476006
-4.317478878329414
-82.99200187088033
-9.56059562227081
-26.675474751288395
-36.019380896102376
-10.425813146186167
-44.01046694981822
-15.44453947188406
-17.969345357398815
-12.810657423579858
-45.23127322046779
-6.598182570902764
-19.012734894351723
-21.478650124747595
-33.21964054560374
-11.691351192505232
-3.6117905343395096
-17.56740583633584
-16.842039875692254
-9.814420148346294
-12.140451655340199
-40.93930252984474
-24.522857496138872
-8.743489093624584
-95.26358206377195
-19.673199700860767
-35.85188072022919
-21.04767564723598
-29.29689453057601
-8.815622373810706
-7.5450135353600905
-2.7038225865342427
-22.143503363114643
-22.46024003094591
-7.065210334578556
-10.797002714386636
-8.178041746484224
-15.359223861489081
-26.370767279860832
-4.360499861779378
-2.8481014837386596
-9.61130835296495
-36.48032749129567
-16.97511498901441
-29.709281353419794
-8.615841446614318
-39.06566267353218
-26.47461888983665
-26.707544810465215
-13.033673453128237
-9.39834000010098
-8.173455977403544
-2.6366833619276315
-41.57466926531786
-21.498125789468343
-11.12620081699094
0.9342398557391965
-35.08878767932088
-12.10797919296086
-74.88020868508825
-18.705636155235077
-5.82594102510779
-34.25662411036063
-16.530217412581074
-2.5049882765270017
-19.946781601762442
-21.479294608247177
-12.61952291204628
-14.64486378296175
-19.483544195094744
-15.803345556783814
-2.4811813452313496
-10.992637671858812
-33.30964200649716
-2.8600159607882056
-96.59664420623135
-10.765931054972576
-3.0242685933056808
-13.159682202327723
-7.630645198823702
-16.475668228122125
-8.930806833999403
-30.621776753217322
-27.685567691698733
-3.8001416466276945
-19.799211975857265
-13.926168947310433
-6.824821613570495
-49.107709222451035
-9.241801763591786
-8.796552166400588
-4.612685268125001
-48.89577112985697
-9.865376889652065
-4.680544873574701
-31.72074576249491
-25.854061108168967
2.959522491565443
-12.317980122846619
-11.019644278168737
-35.341631021582906
-12.377097363422846
-19.629505311835608
-29.506381362072542
-18.364030750857665
-5.112831559830498
-19.45565082248379
-6.523534982789221
-6.830260502217259
-9.59116949063433
-4.282297124116284
-14.202147230516882
-9.93584449970528
-51.369632708404616
-16.165661636451517
-50.730664232175535
-25.43890582317693
-29.386160415206795
-4.002733326463992
-6.450608982809969
-15.16503095049803
-82.04259783084511
-3.886085398911899
-13.763946477896123
-11.64470366074156
-93.76175529589696
-11.284779558170559
-22.75674741853658
-7.096536856138023
-6.173861357474903
-18.908135658911917
-21.976771992153502
-5.580516672231726
-18.943523982119896
-8.632777795765767
-11.433016091406435
-1.2333785768427437
-6.581078896776082
-6.256165587434498
-21.62936817070236
-11.805588618211674
-7.254005121778564
-9.774036888117227
-32.10894384249566
-6.311744484993762
-29.559249597336706
-3.2785787962613
-6.667192629596197
-12.786958727954824
-6.997256660838358
-3.629813911963977
-55.26920237517539
-27.482791535357407
-10.683287987367642
-16.48033586594267
-36.68949147294319
-7.09530121748839
-51.03427336567597
-3.0338420666674906
-30.63542833924525
-36.66076583049512
-30.495967074407346
-14.062366021176514
-18.311483302164927
-11.127814576326676
-6.240289644030212
-4.091005687197866
-53.85008594637751
-57.72393685585629
-11.07932282516793
-30.3202079837474
-16.160551262607015
-5.672798982068447
-12.361662197012102
-13.14180293330152
-12.945986949953298
-16.56307342245391
-6.8692069827484605
-22.314592207200523
-10.360868151497245
-9.259307875667064
-6.029623014822838
-9.679274160073364
-9.882575090856527
-16.379577289270483
-39.27737205848524
-30.0948756528878
-13.27953878603328
-25.171790682023946
-20.626242248106454
-27.13219270707281
-3.455264894097526
-16.834830118310844
-17.153294703210364
-13.178514871460534
-26.627377353697433
-25.257853440189383
-6.958766102927614
-9.344317508344309
-17.25092625513697
-51.853888717762175
-6.417035514691179
-35.75318399506669
-19.146121598964456
-1.9251674501089928
-4.13090142844454
-4.493175299912364
-12.832278543010053
-10.3100464696238
-7.499880195347555
-44.27941526297308
-8.803462352810138
-11.514885954204004
-2.6071868693658584
-5.047866047933143
-8.354885806927266
-9.372511939213092
-7.713149353871015
9.92007245420473
-8.354264057611173
-8.233309705993452
-26.606930862645648
-60.57244852346399
-50.537160626930614
-24.7019611660846
-5.033038717048688
-3.576548320956801
-19.10683128496605
-25.339603275717653
-8.379724774778456
-36.35385457734101
-17.44574457932173
-26.372865913361696
-25.86881634930969
-70.22433153044916
-41.41487979377216
-6.8486102275085425
-3.989892580700227
-10.945559146623836
-45.17885686930786
-6.209222699748052
-11.810635460373474
-16.363323518029265
-22.991924389490755
-40.47124648697918
-1.2154350635036202
-18.32644872103445
-32.25965649666342
-8.049359334168438
-5.115776088230843
-7.767732141012116
-26.437742608213732
-18.65954710064539
-10.58641577145018
-5.979930462982618
-8.322678901398456
