-5.874338962658746
-2.726072903998123
-3.0340696640549374
-3.7149414601207926
-8.581052432543771
-12.52510294778182
-12.437401167068627
-9.595685468506362
-14.531782407519202
-29.445005637708462
-15.416158976449976
-18.79559508949369
-17.65838764535524
-3.929549880283655
-5.126385377524994
-19.94371093500007
-10.80885356640958
1.9587700940659116
-64.5385761373917
-22.57641579936462
-21.129610753139037
-1.6834842428234262
-52.521489944641
2.527196633519916
2.553683648233494
-26.43671589944742
-52.29258931786226
-6.296809220338331
-43.626196318265535
-14.933044827772566
-35.9246595169162
