-5.399438477042658
-134.67239788164468
-23.76534792459885
-14.538227094004986
-6.644466913360233
-11.492020369404708
-18.011927241868243
-27.925420407860763
-16.514929916681076
-16.737979184918196
-47.82835967013249
-33.00642989651077
-51.168100852854174
-4.854074394967759
-15.395348667459158
-35.31103360524547
-32.94970481640794
-13.534246776045274
-7.131332975962892
-5.4794640984627865
-29.709008787251033
-7.579603185883261
-65.47310437654592
-8.470065583763857
-2.9963540206560766
-5.962395912569404
-37.34407511334183
-12.243163081560951
-7.259611127321008
-10.736126477687064
-17.69142268150632
-24.51020985514191
-6.130185338493619
-22.605231002861625
-12.345823942632371
-29.791642072056007
-19.271257139518298
-29.613842122966687
-17.37780271666859
-9.230980210641524
-5.449353578588622
-0.8202294230126216
-51.2958908239272
-7.348684009353434
-1.6498804842129133
-42.856165839414246
-9.767309058090376
-14.065772483935781
-35.451591565212105
-0.10373388341454623
-20.55590044029225
-18.014992810586058
-6.921584552180451
-8.128645757071968
-14.294815196129388
-16.31390640038221
-38.234012800168315
-16.18286511342104
-18.082527295945418
-9.028660157522276
-53.12072828616186
-12.293987311087244
-10.176733574675016
-9.923353799309787
-32.3943219207
-19.95933233499675
-17.587956908660832
-17.131941242216097
-24.309016664118257
-15.265734053849904
-6.02741400754556
-8.461815052986118
-38.68327632812196
-7.661623923009634
-22.688396105294792
-28.74803688857485
-12.314570773832454
-11.490902181164834
-20.094912087971604
-10.370497668674883
-19.395040979754736
-11.38418118543501
-67.169800642252
-19.263554788366996
-27.487269821288603
0.12854322344168126
-1.9514478004533955
-6.166442348811688
-4.827781218983354
-77.3674528283955
-27.12149905270316
-9.403270980357854
-17.238308918889192
-16.280376133282918
-32.63039135814948
-20.537272667505842
-5.527025079906928
-74.67785947175001
-24.779726724718284
-18.578898545971878
-13.059279214259142
-13.209645588784314
-49.83444768474033
-20.86960275562178
-15.363459747604653
-19.74893253754953
-10.61652921362348
-32.41253445132411
-8.40712201612534
-19.919086626699805
-8.974302538984675
-2.7910972065370463
-15.206591782376838
-12.92019359427915
-53.625386996291034
-24.07489761227219
0.015853350119261995
-12.712151510275248
-10.440222743275609
-101.0435535934762
-8.35807879182975
-23.843468637242065
-6.95878324296271
-6.2343139564290615
-32.999746934709606
-14.923696676609858
-9.427548568848493
-3.8647557342425842
-4.211362891619737
-9.633668815832765
-23.606969940826815
-19.020667867134154
-5.322018163678982
-17.17423767557839
-44.315133510946225
-13.599831079419376
-25.51307178645693
-12.998880791426524
-1.1785001507229684
-26.453487215823948
-9.874845544626655
-47.72725182116965
-31.49945300923573
-37.128655879764146
-13.02120501063537
-17.252577217834055
-19.282827373556398
-29.148062526723272
-21.471334969505495
-30.28826648829464
-8.60259452459786
-17.68383880233517
-20.81615496602745
-4.547207298638318
-22.572675386770825
-47.253305842733816
-12.907613603404924
-158.98446939645893
-4.21880045711487
-10.712932131938919
-18.814693321041926
-131.86267242843198
-16.86948739609757
-30.75072823234385
-18.14557050343395
-26.057897631588745
-2.329186066457276
-46.672447495830376
-12.595480823629304
-27.389703528076826
-61.30159759850896
-16.906311405436636
-50.597252951979584
-14.125584934864817
-19.045764317766537
-16.344242157118952
-21.335134641070898
-8.704676327761621
-31.58101523487294
-36.7064140607613
-23.92835653208413
-46.0119071947631
-52.441684387213094
-13.146742756430122
-38.68476208267075
-41.42280360825242
-22.003838624793552
-16.64170516839808
-36.97113989428156
-5.378511933825932
-46.77280238562027
-80.53271880230052
-10.233760426817451
-15.737829861691107
-12.259923114051238
-4.68202626808775
-7.506828486132451
-3.2179729880696843
-13.227606857479127
-21.129610753139037
-19.372070541976758
-21.697346324977712
-41.72674633876867
-4.018160159921028
-91.96138701673092
-16.207051805185177
0.8297478910762691
-8.798533270532825
-53.86424591890276
-18.90952738180242
-4.969769584383505
-44.207543586727525
-6.841467147438964
-39.845019315306935
-30.783051287153285
-11.209079461038355
-13.703585116947435
-38.71221658981177
-11.432548350898694
-29.34993837926196
-42.86036747614628
-40.5991278956984
-11.505648140103167
-27.562223993754955
-14.056269497112279
-5.974145432604931
-16.089265694806205
-24.7091712678722
-30.375053517544366
-113.91288860016017
-31.382144101905617
-6.094234814550395
-6.595901182260998
-24.018343113462645
-14.493120118982251
-33.88679269550798
-51.747334744282334
-25.612666358047996
-9.269278103069976
-12.593288997177893
-31.4112193939672
-6.4516369666849815
-8.366707968072294
-7.265781087433293
-8.228470369973623
-31.4550185665763
-24.895368314279946
10.254214264145604
-3.2327225963159654
-59.5189978749568
-17.11355103306032
-26.12211560047359
-27.12981725601634
-31.77823147017677
-67.76257446669872
-33.642435030868754
-9.650013421395062
-9.797383314360182
-7.2466216589159185
-16.49864261810371
-8.975599010545595
-58.86717943671562
-39.35089511252722
-46.21397045140051
-37.03776821081476
-17.56283410770605
-28.475860167269676
-51.607970341295726
-7.513573385442231
-14.449476041993448
-33.34901899660083
-64.39722692262241
-26.99996907674955
-10.672936053595409
-10.654004285070359
-22.871022766125634
0.0984213425979638
-0.8632186955899454
-25.825174171862603
-8.038983373928415
-47.826934052157355
-12.858380758013531
-24.236316924902763
-8.036180764443724
-65.35580066077347
-7.511584447209982
-24.92199933369118
-16.29067301927299
-3.1216161254211556
-28.60622392625723
-12.962920672198686
-29.862691701884216
-0.3109716605264075
-19.974641089081135
-8.82371395775824
-13.911226930945146
-14.495053106601151
-160.99345759042632
-14.473596788837678
-9.185000604039354
-8.63004174307787
-28.471849786860414
-3.6354419415342982
-7.522349681888592
-21.476803714220146
-15.035771215208612
-72.3501805001902
-116.94776799858941
-21.054494108174982
-49.940063825475406
-56.8388998244288
-72.80380516958445
-28.16722658203518
-32.61660009179623
-6.1289017555143905
-9.445154913218738
-32.515295944202244
-10.7971974738675
-26.576567023742733
-4.120554432519803
-0.5127270497597592
-19.98681549636905
-52.8644183211138
-6.178618152967116
-17.262198234127112
-38.83703452778177
-5.387944450921295
-26.58796567501917
-25.070284741006745
-4.847520671359238
-30.089686579036652
