-2.435312118813537
-10.546305519466975
-28.643467250168825
-22.95193727807542
-66.93894697620551
-5.826023064989527
-30.51518955569772
-60.51462532542812
-7.893269745320089
-40.16587812051159
-12.286940933863225
-24.245244967600776
-12.419760588745387
-5.431114544123493
-16.449071688261757
-28.76095061130185
-7.210547079513058
-32.10179895518974
-19.887440310279896
-20.22415095809645
-16.324557370749755
-11.289634692708637
-13.534050097378376
-7.227134367368051
-27.223213740551703
-26.404083784451817
-10.090019891091499
-45.496118760189134
-10.22900137865748
-40.02875696405482
-4.685304138363227
-51.90508001859177
-20.021772725023386
-33.2056738623309
-13.806868730170727
-45.35123132752355
-3.5042234249817303
-24.001006041161176
-82.74356371632373
-11.645168379935804
-9.253088082791002
-8.678362035412094
-8.521663716160079
-7.94209720800716
-28.775066273287152
-18.77933523910137
-56.396717345068545
-24.716854817512196
-20.81587824081515
-6.380674848004696
-66.0931537590208
-18.889152276886392
-7.982487342237013
-30.077122871217576
