-41.63674657880929
-41.4127955533379
-14.541671277539173
-54.70149301708652
-71.06007858403964
-15.481697383814923
-8.18487806877347
-10.213307702269622
-33.84059607961318
-7.55438011330649
-46.1260812745345
-41.109290948429155
-30.152790998316174
-6.602263853065815
-15.828371637424524
-22.08566911281034
-19.77057254891583
-16.816323504106485
-16.752110967731745
-38.95888172157977
-4.006082850709275
-17.25494832031824
-6.991463687904293
-14.217385607866445
-57.38179522117009
-23.164288700493497
-17.93176563694614
-34.531620537781095
-22.706122468732538
-31.707809564766972
-14.632947090922123
-22.471536813710184
-24.097843731243806
-32.353102851631085
-39.77926943197819
-27.6663053872522
-38.57052830592266
0.7915512797427203
-12.737878976474052
-1.6298413989698848
-20.057317254006033
-55.15724265514039
-1.077594363906344
-2.4351252910170933
-19.821406823539487
-7.526877726349623
-9.541388806625333
-39.87522966134086
-14.403303683735373
-25.609405147862713
-6.98801540289756
-2.4414381483577055
-67.54409581737838
-58.84740241691838
-32.48843029361957
-10.98077388345802
-18.897908767696805
-4.930243510233569
-7.726435992744349
-30.31595254181822
