-27.379469300832277
-14.253713108057594
-20.081268446003737
-58.759099524022645
-8.637131599766137
-32.42299378574041
-19.226800104465923
-15.829888718077346
-36.8446143277819
-35.270029433119255
-5.806054129478298
-25.822070118962518
-17.298893135663477
-17.274467434948466
-16.316353312552067
-14.503627484944943
-9.907675630772445
-16.557696387773074
-19.079710703674643
-3.0194289137054455
-10.974765184199931
-90.26793500662694
-9.803748715903009
-32.6087530219141
-9.262293306477597
-12.043273837257699
-6.954604894068374
-16.52349456797719
-29.199765825103373
-18.562073056794873
-27.250281153994806
-7.342333586735067
-12.43982014627515
-6.389677428419079
-13.76817042677407
-18.04842017810864
-26.56791573921725
-44.56293719778379
-20.090078596912107
-50.80732087757376
-15.767718672359878
-4.285192912458456
-28.078718843379
-32.57563113386364
-13.732549424934295
-11.570528097011081
-19.764280663466558
-12.163061149774078
-7.867274662132815
-65.9018181210861
-51.35195644900909
-14.56160063682921
-11.567710400560191
-11.866763986381585
-13.668593475198051
-6.76057102806393
-3.543301301483946
-14.231151644607454
-27.833642093696533
-5.373179041269255
-13.35576940787944
-7.115493160069531
-17.391648945831285
-14.293766069647463
-11.732569076752398
-14.45510757191076
-3.501929783919136
-6.39853576531284
-5.572409226699392
-39.735322238972216
1.3347359756663837
-9.32788527172949
-16.42414603360276
-12.091849965429486
-17.57845567720348
-10.316441795602142
-4.074342868534918
-33.15427030647163
-39.76407332922901
-6.850393327475938
-15.744705652658311
-5.627633060040397
-22.78902722788582
-85.77797132282332
-29.05146180802105
-31.520044095036834
-7.174288280080499
-17.16762614230761
-14.19969828317075
-34.747091489485435
-9.216770262021244
-14.871299161713782
-24.186165024820617
-5.902489287427423
-26.33411613558138
-11.718788480351979
-32.9938998900856
-17.456201142254102
-2.4661632229118724
-15.961780701948701
-22.774933239350403
-13.223867549334214
-12.109990637848831
-20.652782155401557
-6.82466583473407
-64.1981718055629
-13.536455408020142
-13.76609726212494
-7.887848148046755
-29.796355575633722
-6.318519141536635
-33.98125687736252
-8.124663896915179
-8.832904311068894
-6.998147929163718
-11.676109012485533
-15.489485218309389
-8.429713022046021
-29.644837325935036
-12.32931202518021
-23.21518547150335
-28.50622834917362
-17.325812447260606
-5.23840800992515
-4.4938267394310545
-3.5889204806229578
-16.519375837988445
-91.2689666436329
-14.232911999415535
-19.765318900496442
-19.808848333515275
-23.97103702876437
-37.19672242802667
-3.987850645774924
-4.593692260042946
-9.393679576516524
-9.434548912520414
-15.271485912485327
-31.42993708105081
-16.73550725208572
-14.035351576282594
-4.818799404922747
-25.097374723434115
-17.006736470299952
-11.723825759031788
-63.14392179107684
-54.7269684624454
-22.448635519213067
-27.213876645579553
-21.51009911615978
-9.04456060914468
-5.467761225758206
-14.040820009042646
-33.87542571255833
-6.426561753429042
-7.579734610882623
-18.627909028849643
-13.680050616546723
-28.89563705613205
-15.441885594073167
-19.437403312806154
-26.93369201103657
-54.14766953903047
-38.430714208631365
-77.58733158084057
-44.987869404874324
-19.483987273335728
-6.408051874481481
-12.141058996131836
-91.87988166272399
-38.18820151162907
-11.407895625449145
-31.538562558676407
-6.973393337458677
-5.138817516960713
-29.181305824898793
-28.205739357760073
-7.6241933642877795
-24.558617121445042
-12.534469523654103
-9.312332724552675
-6.047853961775867
-13.211506911338127
-13.632359541270716
-25.770370996228362
-43.43569389269312
-15.961922516466627
-47.20303118018323
0.19664833820031025
-32.820432708348925
-7.870587804461524
-3.727428074617572
-27.435493432577918
-32.48636774019459
-36.449729898483845
-16.00733960100729
-42.49265203834349
-13.368436109718921
-5.012326136425278
-6.155792528029334
-50.589169939849526
-35.39220336200572
-78.91223134546104
-18.644265223953763
-20.66503378511414
-10.983190028573793
-10.019025171859473
-5.918224400619309
-29.04179045734512
-16.30225261878409
-8.395984544831979
-6.1816983604200315
-6.38036290558762
-23.443806771853094
-32.91675407658166
-14.753002883219166
-52.537370841460735
-22.77388878782989
-21.598083177970555
-33.203011345641855
-16.656158507935903
-28.997517762589258
-49.51759294216012
-18.678197168058233
-10.009848473197856
-4.823285867125492
-23.84095628399373
-9.60442166665062
-27.562223993754955
-26.30289730886992
-14.125639951465988
-27.918020526868396
-11.078050845733129
-16.409681214797416
-10.562467469935731
-7.109885686606369
-66.64742358498314
-8.39645337023085
-15.127946856562646
-7.17129273197113
-5.793866113288664
-9.131208041065387
-3.3852079952639165
-10.44205720532571
-12.777245000070817
-41.383653578018766
-38.55917900845138
-12.599024882803054
-7.094626734885728
-8.09525129243206
-15.26380263385238
-12.728958951639166
-10.423626073700342
-5.5138242939244435
-15.031082953059862
-10.467980947647154
-8.254256234455536
-8.601326332850311
-41.95322595522253
-34.745799790021145
-17.89334719166093
-17.086415585504977
-4.4582463186635914
-14.13519511815814
-4.723907021840061
-118.88929039099065
-14.15970718391348
-14.132620149780939
-11.90137633934742
-21.337893654154247
-53.27257007454759
-19.743346959872504
-5.2898523275621
-42.820931560265905
-15.656957811085402
-18.74650535172838
-39.714613190425744
-17.405949262026375
-8.964334773548602
-30.267345460384043
-1.7647891180866666
-7.795906377529901
-24.747960448555176
-11.885838526764926
-17.726911157394092
-19.527688174835223
-16.27122877774306
-12.28452813380295
-28.946831510429114
-22.688551642002402
-19.067364041125167
-10.468982705733401
-5.748248541476587
-44.91609382168736
-7.734720818458368
-25.59700292624809
-21.578507499277507
-18.99894075304974
-76.29932603313426
-10.917922855600251
-26.502388702922264
-8.854835221821602
-15.09540949852952
-7.396618121082609
-12.557555755409913
-13.503369325029652
-29.41722827575848
-38.67027804450858
-63.85837951664073
-21.283030932905756
-74.82176719205309
-9.662143638374607
-9.46483093622275
-11.65259078978073
-30.625241081275508
-13.718408559646074
-2.317036153150202
-31.059312377883554
-16.383291648142837
-13.856468888424159
-10.520102690662494
-33.21658309682698
-52.24616782421276
-9.818066229772832
-5.769653971920232
-10.894698058824144
-6.091889722869858
-10.384879297081566
-6.240049769013331
-42.52170810421807
-22.686222064006287
-36.827632130390356
-6.154662001217356
-15.653147013440881
-19.73127444866465
-7.240560380510033
-26.180081319291904
-33.064353586359815
-9.043712827496938
-8.379214097856961
-33.16408446667405
-53.419060540701345
-12.6380019219484
-14.172867782312766
-26.513907960653444
-30.380364693991798
-118.78378656818478
-65.81620382188356
-32.14552693703647
-31.433637473800577
-6.432898218065336
-4.931438431178089
-8.177777091284977
-52.73014536743881
-7.287263976703867
-17.58229176111146
-59.144916741830905
-11.266758010284159
-3.9343120030824834
-4.904596054485744
-11.97676836460484
-5.160349141281806
-12.059718006374244
-7.184146019744457
-29.799587626914537
-32.376197074923
-7.462373256806652
-30.669475601992282
-9.830080118713902
-32.64050666604151
-11.21106740744713
-17.345258880807325
-7.383525384665933
-10.468263951792911
-38.06682533129231
-14.117516888951533
-27.81817657728181
-5.878868077311605
-8.019748511786927
-33.143492074812215
-14.390251302533088
-17.854845433400534
-22.16095843451908
-12.101480784201282
-9.512519096832307
-14.105685050380675
-21.733804979928404
-29.29525859064336
-6.5644735016419835
-12.715484360526776
-11.754810677113978
-5.916829326725935
-37.947067483761984
-51.85960207516847
-13.312987626951667
-14.900465564153116
-23.37494854364757
-6.690899882916017
-14.748017117955367
-9.016773649335182
-44.293287248621205
-11.412411583339678
-34.28040524885042
-4.74750776486693
-19.33238919121589
-9.566431536801316
-7.774955934550251
-20.524696549836282
-22.94730615589085
-7.008235056963981
-17.56787658079988
-127.70607124997292
-54.511027782981856
-12.743763838448022
-7.996722086689641
-6.804481714792015
-6.307038987658664
-12.2171494020237
-81.0249939667858
-33.05267587528133
-88.90841736867084
-18.519431497063348
-9.352456725744615
-15.817466722571531
-96.59268015486126
-15.167117508022343
-24.37754696314146
-12.167775133095695
-47.79488716830278
-6.4757099496628525
-10.573606724259443
-27.642509702119675
-14.520430941284655
-5.565916077903302
-16.86255255062565
-14.823002617578135
-30.404494072235185
-14.053093100806272
-14.45717874822903
-33.64878979314311
-7.716713229768625
-13.26392455188538
-7.268425115427942
-31.612376292805
-20.009292434781898
-12.945534021200954
-16.950893049648737
-25.51830305188476
-6.89588292839839
-9.898987459434759
-14.15795693591437
-11.689020239676305
-6.333560090473578
-19.267760685766195
-12.027859871816952
-2.5356436744378423
-10.028970197838058
-26.85056637690868
-8.337330810373146
-10.742969417107041
-5.238023775528275
-14.66173470111735
-18.653821152801065
-14.5833162865437
-41.97375402344852
-29.540225390933877
-26.71153663393295
-3.563687484735306
-7.70899050232427
-7.281922721061791
-6.578073265801611
-18.53823391757708
-10.179092288217383
-7.182003198065432
-22.599746793269457
-15.22947984644543
-17.95253738158281
-23.15043339342754
-55.69518291872646
-14.82019334090334
-11.97193460273474
-140.6029313352756
-43.644038628788685
-17.81881312619464
-26.40324999104239
-10.485197174158442
-42.20848864780425
-11.634390124366751
-23.6596108352617
-8.576587159879482
-9.178517278624453
-37.197429618438704
-5.210356418377827
-24.652955486802266
-12.380258238097419
-9.526055999122358
-19.491870774237125
-9.016802990629577
-30.282435353631303
-16.33097437808142
-16.14305424623565
-21.74322858249091
-26.015921090106243
-98.95264249750674
-25.524322081084257
-11.661500694622564
-11.731725985382063
7.27919969718921
-25.513976368056014
-11.160221602895357
-59.29870503835031
-21.506112813568286
-25.520015903309083
-15.961125703320205
-14.724653317333516
-47.71185448245155
-10.546999318376987
-5.782282346558132
-7.194644660150672
-28.62905432615428
-8.226440488693447
-9.211431689916955
-5.7803207457398935
-6.6998260028897425
-11.310560155242827
-37.858369635544655
-31.40024605895748
-13.225114116831918
-15.854531577611933
-25.298024502104383
-41.39309310730946
-15.38481721456099
-39.12324208357028
-9.505083592467821
-23.14430696870701
-11.872510221375357
-11.774700714402007
-18.800243406897355
-6.371467821965857
-14.831696553729067
-2.569908138825346
-19.97552702841123
-18.804717105010102
-12.637674832078755
-12.025536803318161
-12.575696469897833
-6.98458632225278
-2.8747331262253435
-20.737717246146488
-14.073966966540496
-5.690543346617236
-15.429845254237746
-7.081110957465273
-24.037163171575642
-19.386886671783056
-4.658109383314285
-29.285307705511638
-24.814508283681178
-34.33610757984426
2.2689944309899586
-15.783497860601551
-49.511691882025076
-36.42835848282644
-5.898095469356681
-12.056964604934887
-9.640844678932273
-10.027568640223402
-12.444441626719378
-6.837095496607993
-20.506258932853157
-20.597437269956952
-13.951193943427763
-11.156113552680608
-6.800465143704547
-58.21288350612321
-15.533961792691807
-17.408475930361472
-55.681136234864724
-6.855059710030676
-19.900436062953734
-8.822406525564181
-21.921601086284518
-9.218930090045818
-7.562154911077693
-24.146324194581098
-28.632269294575522
-8.477241219649603
-45.41364551515508
-23.24311346799646
-11.7688029379685
-64.80443136526038
-7.153994050932947
-48.836638503277776
-9.431895475210235
-13.356827635223883
-29.039985426107236
-13.701591458850679
-14.817577923864741
-44.397992736315004
-14.279626547337783
-22.779612095292176
-28.991847321830516
-6.1726830557729855
-5.812380766280848
-4.045495415737103
-43.67789878881096
-37.13445199256377
-9.595436568875899
-26.87254182121334
-13.89783933733126
-14.432578116208603
-2.021510435569639
-17.028743805470963
-8.186812377584046
-80.03170568193451
-10.399204244102384
-11.297752684746685
-9.629315714884886
-6.808500258804974
-6.886805952055787
-13.373585543039788
-40.91396826411313
-43.45062779827082
-48.594741865754685
-8.91056265742667
-7.474355197630849
-22.121052416991315
-15.483869490767288
-17.309717621853835
-9.574615763385307
-22.75770743176941
-4.831471792753921
-33.09310559517986
-29.15648842366137
-10.74743381638009
-12.557416864040823
-5.865397827782235
-13.078559511510246
-17.823651725657736
-5.4389766797950285
-9.523297407415209
-3.3541228340350777
-28.611650336594007
-11.820505852352136
-5.996254405796454
-5.035115506242488
-7.962513910817094
-12.904430820745848
-20.27496674783094
-32.96102185552999
-9.684186820217953
-13.998048180562275
-5.455643981285304
-26.707887680563015
-45.25339326522839
-9.80160654947385
-13.77955997951282
-16.933220281365323
-9.807147870102698
-90.13938073869734
-42.84178232471506
-17.08891064819568
-11.099305907827587
-32.8400150994393
-7.928952171509832
-20.24572854663737
-41.466764669988706
-16.38133493601344
-14.24081645423468
-7.750940482426938
-15.567281164834695
-6.297645010957564
-12.590681158706634
-10.617008882312334
-18.472252478224718
-8.320734548378567
-26.916846613379633
-15.237118366795704
-9.359028426639012
-4.999347166314833
-72.27468573884813
-6.958516195704211
-11.95258501496469
-7.267030647248837
-13.56000008938372
-38.97130076549653
-5.127896408354107
-6.811675869492797
-21.401810770648527
-22.012301556154938
-8.210257886094418
-25.30253650401475
-34.067118390736816
-21.491446313735253
-23.624960744079146
-14.120652950089761
-17.86240212334264
-7.462798579828552
-4.329984665538548
-10.013020728208495
-12.570044953521784
-1.8102245057215924
-10.767184073043321
-38.131272804421215
-9.416703726835877
-15.526235608641034
-25.98504835631657
-44.45320024962952
-18.821806068841266
-48.3481507915334
-52.71774763646286
-8.299323178801737
-10.743435254914012
-3.316813581770382
-14.963884300553195
-39.72983113336027
-7.897861215851619
-13.381830725693737
-6.008599271476369
-15.71894866553747
-50.7412537877085
-19.78694637746635
-24.928287489501884
-29.685928460857752
-45.97629384119531
-5.629782061380473
-26.313320605947947
-16.116339080740808
-15.21601003146097
-7.898203616299876
-16.521864824051775
-5.635539609615179
-3.965782990347787
-21.74901092344651
-7.463874701976326
-6.135116360900432
-5.102215294088515
-21.973799433049642
-10.873971532694622
-6.412592298704812
-7.851105214210319
-11.6330356614307
-6.2156924524494706
-40.019973827151546
-33.50003647123411
-5.223427829247958
-14.225273539540026
-9.294006281912159
-1.1834673077733506
-7.6597174812707545
-5.669758197686633
-7.170465515446878
-28.94849443876487
-6.670384282298572
-15.543710841875411
-9.014004690461844
-12.894556135863438
-2.540240137199702
-23.233113218280597
-22.651087346076377
-44.49201254798722
-35.87471366881961
-13.393293082359973
-25.506787378302093
-32.780014576475956
-12.719299025695692
-18.719017886100456
-22.459087912906394
-5.006155611458691
-41.105069688198995
-6.6271500876719776
-14.463867092603943
-13.91450526898445
-19.363774765301063
-5.6766808099545605
-10.007111937432116
-43.90571260109724
-10.677566447755103
-27.82958025519973
-12.45074463240096
-20.546902933203317
-15.777986978976665
-12.750113310922066
-37.36018513154805
-13.267833594123848
-20.06177852391622
-8.719690305498482
-9.022749856144024
-5.290123395370668
-15.817937205442139
-6.983670980946866
-31.71452094943343
-10.326616190404165
-7.593561283747685
-16.029555589481927
-5.815883180901613
-21.97494674886951
-8.976259396451411
-4.247125808541338
-12.579955483967739
-9.334159218298938
-5.011460438023218
-25.654088925174374
-89.52288425139803
-38.92887408924832
-19.6811182835998
-3.6390761722352756
-14.232283610430478
-81.3002066296655
-76.28606024143438
-11.721363351240067
-34.68253434267524
-6.47675514440549
-21.997706059604063
-10.514302666936844
-32.258777110335494
-9.050570399761837
-14.148938050558348
-22.49980030028892
-13.218635427612005
-24.319465277356226
-8.437332668541565
-12.344145072084643
-10.426495748337645
-8.695384797841687
-9.845230891803126
-2.1061331840315374
-4.009585824070939
-50.752563824923236
-13.675646038030257
-1.7530301876777712
-29.97509621674301
-11.32432377130207
-23.310080709633326
-59.83903238631466
-22.069370870857338
-26.507520096638974
-16.412877218794236
-5.178027691154186
-2.8495357937711687
-15.428424905036087
-6.940474963446827
-26.080253455627837
-7.746329420476069
-28.786504395285434
-31.008432328745563
-9.456320344799318
-45.30221805723668
-25.993448752269405
-4.1665575410364095
-15.727667402925924
-7.74437047979573
-8.408220965445597
-39.78794170222428
-9.99981030516877
-16.003199031068718
-7.985000417446194
-10.783944001695561
-14.99591138390359
-15.023282382573816
-12.725846992944588
-25.719982829838635
-2.370949906080652
-40.85010271792959
-27.24569120515816
-98.51925744046797
-25.76877489332503
-20.163897497934585
-21.663597448891824
-51.27695639249517
-10.13292968422817
-29.52648471399754
-5.047061764654352
-11.299064228826817
-5.668738517267842
-29.205685451404342
-70.39031356755379
-57.59411232356281
-4.839960438715519
-17.48224239907336
-12.445480686349256
-18.908930691744526
-8.443221522587722
-39.1896215988311
-9.926870039778118
-7.82942575702466
-9.442829974439624
-41.23994694505528
-10.43664391380965
-10.994685532455286
-9.825881682772506
-17.924750123307287
-15.69436894529282
-15.67447544097387
-25.574813133510776
-11.34162228456401
-15.70777609204121
-6.8715198792232925
-24.381103453735065
-17.28618210201441
-41.62128180115956
-10.896359980691644
-27.591207609992832
-16.653193451837378
-36.273426410065106
-38.08861348350936
-14.2869402630891
-4.503351069410082
-16.302616983118078
-20.83236855487591
-30.34841761006653
-9.30918633181392
-24.587648200902656
-24.864923909492205
-10.906244690000023
-8.677035093578159
-14.233047663883179
-14.289800699271634
-7.435233633090007
-16.307440099528673
-16.29735471844425
-22.11349439506906
-10.560822263753344
-9.437618466892475
-18.49933286994304
-46.194320512964715
-14.910603839531708
-10.68607669779841
-14.729713690323747
-13.388810114167107
-43.5108503777455
-12.04229627930324
-16.51502423378865
-6.174863092126056
-10.996405176151157
-13.071898789350682
-31.862737339993863
-15.766188124370004
-45.51812378261975
-9.306011194487663
-10.066422823676609
-7.982413298469983
-20.639006326505275
-10.393657560081524
-13.291994308317966
-16.517758899383836
-20.384629166007755
-7.78938636616002
-14.650501153990586
-21.06543592562335
-27.155924481675303
-22.878508781568474
-6.933935999448935
-8.129902574371046
-4.439085850881886
-51.12027477352793
-29.426321793521403
-11.177197543467646
-16.099820626582442
-22.126210216127845
-7.162877146486211
-5.731173907695475
-70.51620870941936
-7.353505830198233
-17.341657393633646
-6.3528717562836405
-25.38564597813773
-7.785588150174257
-11.807516485235295
-29.222847174101382
-9.307808748683874
-8.3862479443615
-18.150082360833746
-22.290131210025887
-29.90051126781786
-13.00631547649296
-11.002638583849194
-31.375224366786583
-29.37790026379073
-19.936689200694417
-7.522289101052037
-28.50872742332074
-15.443285430985965
-8.012982169861429
-31.98934226378622
-7.92795353983298
-19.746494660671065
-65.54405867011228
-37.3262846668386
-10.582484178463135
-9.998611560774906
-6.626364749025894
-16.010489954066276
-7.672387432226617
-12.838248999139324
-12.15259262306323
-16.11380673059487
-39.01722107063302
-11.595339345160454
-55.40975410702185
-12.857287048881606
-10.091190656310745
-9.179174057874139
-29.53931046816323
-21.096027957774204
-1.7765480484955634
-35.56835456948386
-21.043364247993622
-13.50220548744202
-16.548024491746226
-114.85139581374263
-101.96246946343199
-6.205471483831473
-18.87100080381568
-81.36933602872963
-4.271038832061955
-9.57377889131046
-20.34913090638784
-11.103436938722808
-16.016375043977742
-11.66080107205574
-20.045914658482754
-35.02434112745666
-7.520431203913864
-60.37826174595501
-18.34622384403441
-31.68813127110412
-14.24587905648384
-19.911705354555338
-12.454034701206762
-11.802697444628105
-26.34819468703239
-56.36413121653685
-22.231000549212478
-10.012558513639258
-6.058059678910721
-6.498995129081134
-16.076358503533633
-14.448309272892507
-37.06357378286711
-14.281229181910154
-7.928208725676575
-12.626033969315174
-11.947335603773514
-100.5479522978173
-12.867632660529635
-68.09686392375087
-21.462106578143707
-4.343335032982249
-11.490997985363062
-8.52401192713956
-10.11883510299851
-23.69148821449092
-27.417751714190743
-17.98654700688061
-9.634849920595707
-14.549557928895851
-3.6361975823941393
-36.7184702485955
-11.404352214475322
-10.957806656780786
-11.359995113335138
-19.68700993267178
-69.3333259950367
-25.75735426582116
-27.866442067436225
-21.867107877361416
-15.661274107142146
-14.841279983515975
-19.40257681802868
-10.08748570921609
-13.4430474176847
-15.165230694631646
-75.04282125319699
-12.541614965129058
-5.773634723484606
-8.00935377417651
-9.504129907713944
-5.180220853002681
-12.248290667472304
-13.894930976612349
-22.134750437334493
-9.26746374148547
-5.911741391083897
-16.087180814419284
-10.074079986620829
-7.2828602845328305
-25.189487381451475
-0.7886068668801237
-12.552508536701406
-20.554153073835014
-8.184918157504086
-152.27358378089883
-14.492223344863344
-12.761164705040063
-63.85507254804518
-20.96387607843181
-24.128435422381404
-7.690688009450978
-14.70496820373094
-12.458718058425488
-45.627279723135636
-36.26196794150517
-19.470496742686453
-14.1913819878098
-20.969283413765602
-24.72717572577041
-57.41897321784428
-7.152436770383218
-6.596812237298097
-10.547455528192346
-11.30274286137595
-45.411973098559486
-31.006213956347686
-25.2143286608469
-13.800630722122687
-44.455680969399104
-22.264632579443354
-11.500977473084449
-16.8492523358735
-53.71522385603265
-13.316923445056998
-12.64792975983199
-5.925426076332789
-22.172977043077722
-20.866676854050553
-25.141162424129007
-94.80879868213552
-10.603785348645578
-59.096653427479886
-34.511642236878345
-12.59548753232672
-9.906309491649539
-53.38212737753866
-20.32112318089769
-9.142015394064767
-41.694039782767334
-15.558773097415491
-13.369029560643863
-21.468189500476285
-16.00492292331103
-31.026685772761944
-14.563670776227095
-10.350804946241697
-7.430142491443943
-26.847386151837295
-12.211705576784176
-12.75014340514652
-10.830175727199684
-9.889622986788966
-29.002641692167366
-15.042124799399433
-13.68208012905404
-35.00619532945721
-17.451107974222523
-24.7512323981516
-14.198970034736178
-18.474671390876992
-3.1003713985976504
-7.1670869791113585
-20.803488185296175
-4.442411683804827
-9.536157522070088
-14.356201292781964
-8.99035720190365
-10.226474950640696
-9.439231082034048
-7.676767040700624
-31.300162658566556
-17.382096569288738
-9.362159426856353
-15.980413379815207
-22.868151495429682
-33.933101396308366
-35.365410580365314
-11.26278912612876
-27.529899446158154
-15.491591047324144
-80.28589768019839
-10.502016313284008
-8.056906623055857
-23.2273669052085
-25.486587873333328
-19.640543207458276
-4.80946170578734
-16.256622624875924
-6.021589280348725
-10.605857371558173
-7.915579300143113
-5.828949461919107
-98.50511473791121
-66.96203154512818
-6.634685966988884
-18.71205481743805
-5.924188752519702
-20.251195973400606
-8.291158274606833
-25.289551510726305
-5.430121455413418
-26.88187878302543
-5.739235908273376
-22.761024266166608
-24.826762775114798
-9.002994454044
-24.858960771296054
-10.485859715028315
-4.505377623228301
-22.01713185048261
-15.971302077183989
-14.29615156041137
-9.356170031183902
-17.795599495052002
-39.85198816948688
-4.6077063165539975
-6.655739208570465
-64.79571486260546
-7.357051500823687
-13.448086665861469
-6.812987483159414
-16.9647061740918
-12.373737164705187
-12.597242395742395
-14.879661693499232
-8.190665401524909
-10.386028502920208
-19.728818876404745
-9.715692835972884
-21.104160516953314
-17.695026769353863
-31.455009678465828
-12.184922294981947
-27.460072965871817
-98.66217267408459
-11.950862495523339
-8.034365217278658
-32.18014463227877
-72.24037277254081
-27.5524448582556
-12.599967462874043
-8.283711784452748
-21.133128365263765
-16.94539266602243
-57.055039884167755
-10.54435777279146
-50.31884149368612
-21.75353557282193
-4.065565003878113
-27.0422511799111
-4.632566512090694
-12.427623134478274
-20.68996757014
-11.32950416717097
-28.94329617269122
-24.929818307331004
-21.920935544518574
-13.61547684554362
-15.169169552563751
-10.459380811638429
-4.018815314698212
-7.404391679609283
-4.471519661143505
-8.34254201903427
-14.17993441753532
-33.82788885348682
-29.165469024709633
-8.787166623251759
-18.790488782128104
-21.041738832930555
-69.27785144878347
-9.443157706610668
-9.01795441685363
-9.629692203393576
-6.575290573505496
-13.608654791712345
-7.028791071668052
-11.854080283042883
-26.68770151063625
-13.706305874050477
-7.1443942404789365
-22.383773128109052
-25.34674151475768
-23.313869448501027
-3.7056593715227124
-4.85442140677086
-26.70970121276575
-27.49587438911475
-5.519338904329115
-10.523435288389527
-27.5432866707349
-7.557475881569184
-15.863217530610669
-5.603933487154253
-13.919150702894193
-14.991611624629604
-8.025912217247537
-5.327767436014476
-11.344195696240908
-32.884401621197846
-11.128883193363038
-4.113887267884274
-17.57646486712727
-10.53960758382595
-47.38600907397572
-49.83074007290508
-16.710334999918903
-12.404924698733081
-68.34742616366772
-11.0453325068298
-22.106705775988285
-13.642004355046272
-40.73494162817658
-17.30821747306801
-5.891819706300659
-8.90493176423617
-33.02847057417502
-7.142204995172718
-14.191489940640855
-37.40611378053402
-7.051721434797709
-15.803264940832142
-7.579820673916946
-11.035302685654203
-66.81179894433714
-34.21073707000649
-15.595909345238018
-17.773719475986667
-22.126852405610727
-7.609034728768057
-55.92912512186248
-11.168229295991358
-26.674842176231177
-25.149613910117825
-13.353478924928432
-7.345125718483494
-77.80176130539674
-18.015697027664366
-7.142266054335296
-5.236737941698735
-35.28867321199795
-21.829766323925586
-30.846374137163206
-11.1000351745666
-4.52924374782676
-43.67870899103469
-11.133415394877929
-8.238845086767142
-66.87932352910069
-11.521272377748977
-78.99159950455466
-3.310429892374964
-4.640590263147877
-21.77008732717084
-4.5484772106320275
-8.005294059564678
-21.96402147256443
-30.787472351971843
-16.079214106375325
-5.0594730471812515
-26.692212473537875
-15.87956374346927
-18.798476643326893
-24.293325341425618
-26.174935801508603
-28.717890908839955
-29.785180481079124
-10.74198494412408
-15.219624905317586
-16.35654076449377
-45.87753883234168
-15.642385407808643
-27.28105400649078
-7.0541893198771914
-11.827155478390138
-12.762594478261994
-11.48994796501733
-32.45629637491853
-8.832385777576054
-6.8729332312639775
-7.137174315933438
-32.07842612680711
-14.32917619735042
-11.544349005772226
-7.333529701138624
-9.79342085748477
-4.893990631010971
-78.04187294127844
-19.942084885505587
-39.458511378769245
-32.48717001807335
-10.594923123843953
-5.675581273449991
-16.068397322026804
-8.897891342099362
-18.75897112375387
-13.352275202602662
-6.788064080994252
-15.721080649924803
-23.815553713986887
-15.260389564372879
-1.6122108444975873
-20.486557812954885
-72.27494165639854
-60.42044872132909
-7.757019168253477
-113.06500170924497
-21.861698354091235
-54.564209812710516
-15.539793260116399
-17.311787105908
-30.80979237671232
-3.644629969627512
-26.447781778223348
-13.497800955040105
-4.649512633707434
-31.518338871076192
-5.1651764426552695
-13.440623176482571
-33.41840707938325
-51.1095012676299
-13.179219049359155
-130.8552876675069
-3.2257186503270794
-9.237453312739726
-7.206488096581005
-35.604862143041736
-46.22880796447852
-31.596667724938204
-23.973542944239302
-3.8271888522073643
-25.02767038895035
-10.095235813812083
-23.305845453345917
-24.140420724805672
-44.20419415874752
-12.167835995638654
-4.775356987212156
-11.145976211650284
-11.303898508109198
-11.351290831623336
-10.74827452012223
-16.69445238200794
-15.412767462815834
-22.42557173574066
-26.826473816196874
-33.161856722180474
-29.785901962288623
-10.034319310904218
-17.164242581685926
-6.274440653241768
-5.939153108368585
-4.473093953090683
-12.0116626808937
-6.47852146257294
-21.622731351019336
-10.45010842070936
-8.817506748086045
-12.27700756880405
-9.828116494957557
-63.40285700501919
-13.830322592114435
-23.03151673455132
-10.989060028991693
-15.552037726361394
-5.990831222264799
-4.735665952248948
-38.65755257255864
-26.295996992523605
-17.204173859115492
-20.613316532923157
-21.837526060048386
-11.694092555086568
-14.96464241592974
-6.836157138595871
-11.048861205030615
-8.078204635772954
-11.834867081472492
-6.4874629297728825
-46.61062175944151
-59.72883590612396
-6.10226370989287
-7.60426695434916
-14.025524809437364
-23.604141023198846
-22.58770117612054
-22.350991586927535
-7.77263987971574
-25.801517553737302
-7.087805653328457
-25.342183845341406
-34.56959839771708
-56.149816284479705
-36.2260533374262
-10.989634858325594
-13.778084731423217
-36.29831945015719
-26.343433796284717
-30.162325154756697
-5.531470026943509
-9.770274028327709
-38.08829728873366
