-29.572961578792622
-4.576281955382923
-18.374929640190885
-11.947205429738657
-0.6036418472074756
-18.19423381496209
-15.32259092120278
-14.524909561447211
-24.02493673184554
-8.849836536669896
-13.158749519372272
-19.638788456628983
-27.59009350066234
-12.396696003750982
-27.077215706823054
-28.64071847641727
-1.6237374566337583
-1.9473115304085695
-4.126260811202194
-10.054523096589099
-9.835295826359284
-12.626517698477317
-9.180577038510657
-4.211971930269352
-10.58641258725354
-4.792993034897789
-16.58389613944379
-11.141660079029046
-8.613864839527848
-45.60843522651885
-5.992195337991484
-9.945429516149042
-78.67979544073107
-2.533418507222337
-34.67504090820474
-21.08527126881874
-1.652800314264708
-4.92702325708443
-7.286048453833965
-31.054490715861284
-21.14828089330897
-22.269995405463483
-41.674136973602636
-20.200960052265412
-2.567153741973478
-5.917434937588285
-6.07036483388941
-7.438454791919003
-14.875031432396451
-12.09100603939121
-8.819518178216342
-4.270779122659554
-3.900296900438444
-19.942418163263632
-15.71675649178138
-16.775879559697565
-30.497613992882357
-3.6255489361468527
-7.224441308437301
-8.741663967127359
-22.649370584655298
-5.48164756360321
-4.401647587921561
-2.657211249779994
-17.696884112507856
-8.675762196672068
-6.4673634944354985
-22.55712885166199
-34.487446170397526
-19.04675710284925
-9.565027294178394
-8.743821584180546
-5.330790296876878
-3.7679229888435275
-94.80879868213552
-21.367319315819916
-2.714729940728438
-3.60475390023829
-6.7911921007782805
-4.273664451865605
-12.283917215761418
-17.823461658272787
-10.594203911483001
-0.9894687507060506
-3.535784594144555
-23.45811957808567
-10.191188905808485
-7.741693052600705
-6.88943528315859
-36.80653690237979
-13.69391184524992
-18.039147209622655
-13.37535877641956
