-5.995672760153732
-28.763888213787492
-1.3936120244872772
-24.116135543200894
-20.313261636923432
-38.72827108397205
-21.090228276871553
-12.493606480798258
-22.5277955291695
-32.1399397628589
-31.085504871615864
-34.39363828032717
-11.965180480561173
-60.61215687192771
-21.414322059664705
-29.224000804478255
-3.72714029507877
-13.603878515898113
-10.939158670980712
-53.98704838864702
-7.021368252731729
-21.85531873137221
-19.214353335224924
-20.6763532151899
-18.824598752595662
-12.487893457303098
-3.3378386026285747
-9.841712635790161
-20.449888352715888
