-4.623992181700623
-39.97729663866883
-11.278567602303864
-4.111472026801923
-52.12967507664478
-3.4682179851042387
-1.4919420605347935
-4.385773850324975
-35.67401920745438
-3.013884762531491
-18.40788949624683
-7.157368903855935
-32.07840858457437
-158.48944278774297
-10.356630293934423
-9.906229379358832
-13.6009527123218
-4.686952533280158
-22.735894898776007
-17.398747861467054
-9.408822905595725
-22.688804406102374
-4.039772349245191
-6.845656685824284
-22.49393099419722
-61.43605296875379
-16.058012011213062
-6.611345591901822
-20.132720616941235
-2.429509620411737
-15.12648124504443
-9.350487137853726
-16.96889556827803
-10.627864691319271
-3.8542676558377886
-17.346203995134655
-4.250586601448987
-3.040897318836419
-4.896937535407992
-4.276554206674864
-22.020034799706387
-4.5099387186414015
-9.739746985673538
-18.396047201996264
-57.363976446713316
-91.96854607637347
-9.182530382543813
-13.769083312799582
-3.890504535941314
-25.492683873689717
-14.002108242856579
-12.733603558356318
-9.052316823833054
-8.99080705236167
-21.24216527475613
-7.4399924886739806
-69.47741184257735
-23.655406895472574
-2.648063236799077
-2.5565853973291173
-14.969554435301525
-7.23106721737584
-3.4339758795601636
-4.606383623911506
-2.916888917031532
-11.604329442072007
-20.665248731961686
-3.257845189973818
-12.689771360002291
-2.9811286939315713
-16.174008629098623
-12.088174754931893
-7.556740053094858
-3.0720693182057515
-25.729507108900844
-13.546666282597801
-5.791630484460553
-3.5112846632038317
-26.772155789246607
-14.544654895545843
-3.1579413879254763
-12.149413711537612
