-33.06108495124924
-14.81273461271432
-10.681886307525954
-14.108489626230616
-24.198657796214082
-9.459183175070269
-34.1415003232105
-13.855121598906583
-42.823695869304764
-35.58264311430425
-29.24374142553769
-47.8037002049921
-113.73757197407289
-14.58751503615511
-17.711088839556176
-25.805936599876947
-8.839988910126097
-44.907917947913255
-22.02338737468075
-13.274750745718528
-13.90472944703137
-16.481790714473394
-58.57825853235867
-29.78169943429395
-23.995113487864092
-15.8969553921111
-12.399837245748149
-28.53879871373324
-10.16498141189994
-17.056471511741183
-18.982926922278192
