-58.42206450779147
-11.399138902699523
-37.43791337468937
-15.251127556382468
-8.94118592627368
-20.786187507398946
-15.727472811294005
-9.851705807397254
-12.208859861866326
-11.399172655238171
-14.80263802696681
-25.45771687490293
-14.302692827675632
-60.452568792357624
-64.30332621111424
-30.117890699085454
-20.457590432354234
-8.152207650973377
-12.083419610611005
-10.410862092322423
-9.719958114097071
-14.703295765146487
-11.34477994799757
-61.158214147731584
-17.845180594637423
-33.88272351153435
-16.447417535325464
-68.01899613417147
-23.333513160990627
-10.884656192619637
-20.633849609687623
-17.213677486648276
-28.635782975392182
-11.34477994799757
-19.52145530030297
-23.03909673828564
-16.104698501395724
-50.945576830562445
-55.62969739924548
-15.747509620446206
-13.595101155771797
-18.199454181986354
-45.35325298812728
-13.561126047187866
-11.423519247768347
-17.31223090998037
-4.705236186653502
-7.878072060478302
-46.347416462466214
-8.862468009732199
-6.29886109612176
-27.49372664039979
-35.56565764594561
-22.170441469162963
-48.195214332944126
-11.011562776880316
-28.766909568670872
-13.26078422060917
-8.505053216263164
-15.447608965334112
-39.027358311442164
-35.8151641390061
-13.63534396848171
-17.54632833125553
-16.50958238684853
-9.267932213075618
-8.302296704621192
-9.912361898612577
-23.01902276665446
-54.363478780073244
-11.243953244726079
-20.336946006282492
-12.089353490071423
-53.06538709861724
-26.231893012257167
-44.20855120613415
-18.390711183472025
-34.114968879485765
-36.9715054910329
-27.020550637181323
-25.20494543572777
-13.443221502075172
-54.064948572299436
-16.416102003537198
-12.544588502083096
-9.704785505915126
-6.6782635063927875
-16.10252646511127
-26.45416386290694
-9.568695430648866
-11.735594522173132
-17.131593979620003
-34.21562180782859
-9.419194896523837
-32.78449843186729
-29.444337007824224
-13.66847768983807
-12.165577308543929
-15.244553148365972
-6.759205991284983
-29.782305575527392
