-19.92080948667873
-49.95772464215575
-15.132758321014899
-15.208014411100105
-27.264286830126483
-28.752554878225183
-13.92476970879705
-30.85399191795189
-12.493848677614057
-13.799341708485802
-7.896774260290504
-36.34606475544796
-24.799152574838807
-46.27163378169217
-29.4474712831398
-13.676384354768837
-29.321672627897936
-20.358704701645333
-14.681995267674159
-39.90725134627162
-33.01837004113282
-14.946012254450734
-28.717824509531848
-16.475277353428204
-118.28240240998672
-37.21849300299507
-10.52726674995157
-28.342303711731713
-24.635213672502637
-13.904269193935955
-7.846868170084215
-52.22105073872961
-13.618574137875765
-64.09119413725647
-11.521618474675801
-36.28135583777342
-18.842503753382147
-15.04328009329623
-5.426485209554821
-42.355508414756706
-17.734779473684718
-35.85580997121553
-9.287031732464474
-83.4713939591369
-45.208895478037455
-13.595651082585979
-8.981359313227617
-6.196837194422367
-36.74704631504011
-10.560552576760001
-7.6852350628450985
-12.816789713017615
-36.01526753295531
-11.264604144247912
-28.855304132309552
-18.435003723769757
-24.263046333183077
-42.922481171848425
-18.04241936184065
-15.928278071019287
-29.931278800764538
-22.749905611004166
-9.405485291021105
-5.518956955816049
-38.81808576435693
-57.42273822875447
-22.471006200185233
-11.27897915848637
-17.12045443890508
-29.116890750229235
-19.16900775033123
-17.187157080698057
-114.85139581374263
-33.723817361280176
-32.7796349803249
-13.296154635871007
-16.470251023314088
-15.068154737224644
-65.32025599306336
-48.381076297007525
-9.3840521539629
-94.41963292130714
-7.426483630322231
-40.39679364848709
-33.01524008464482
-33.314848505059445
-7.867825523516893
-11.59173873258146
-17.722585339251825
-10.89218997798965
-29.385818039738933
-15.671137233667007
-75.6899116019078
-23.666089894432517
-20.433488750633384
-5.977814277627534
-25.305409311019314
-11.043640163410984
-25.58426118407004
-12.105053001303071
-18.23545799952385
-17.145591616585794
-55.53717466327009
-17.36051082891493
-9.613630866192507
-24.315935044010477
-80.440512200632
-15.931433588900049
-8.798519832776734
-80.91778891494738
-21.72164407160261
-11.459041911393948
-8.87129539694499
-12.616952485137897
-12.861639324002224
-8.571462352019013
-17.670818181961867
-24.35923554603362
-52.35235290103146
-22.806527790349474
-22.36294459393592
-16.44439879044526
-16.412748888080124
-8.520031195121568
-39.87321228425857
-14.70888237742232
-16.52706585664917
-34.500872455770796
