-13.704032457376771
-8.173939060655027
-8.275487309134967
-6.010381855851342
-24.523175101610555
-10.027908122297784
-11.73684858269298
-158.48944278774297
-27.378033271064858
-13.617732422147835
-11.760480896985468
-22.83869354709936
-7.924856615135475
-12.946708875998775
-8.654889719405988
-21.1539530161008
-6.991061627790446
-10.130084843487156
-22.24216908411106
-16.36697076018171
-28.935171758022307
-12.991075595614817
-8.244719382527885
-31.84708746783007
-15.37339648086771
-10.959325547548396
-8.074148669251313
-11.826503108989899
-24.46276687696234
-10.58245429197614
-24.36819833521998
-6.022140786260243
-8.279567963555467
-36.4643616637236
-6.42048041162272
-17.491308073958237
-19.293490500152874
-16.43892722770457
-37.635429573855866
-7.4043174597186265
-10.174020936733182
-15.730749751351595
-10.8610905973966
-15.670694854367296
-6.873093152352702
-20.524524320498134
-16.52732704766868
-19.095885758587258
-1.4862936124623203
-6.897378171608015
-7.276780581879029
