-14.910106897998729
-28.074475464103227
-13.04164610292475
-13.554626934540378
-20.75862132967699
-47.79281988741201
-13.042791823296659
-15.151358154144278
-29.437517724779873
-10.806911118998777
-11.009927552672133
-24.096315233049094
-32.16860458674944
-25.594031374043716
-24.624295250249848
-10.813364622851998
-15.596337355816008
-10.460247890882842
-7.455053448999364
-11.685947962486672
-16.16052790529998
-54.611307046701825
-12.41261053513033
-15.782008890197696
-37.46312933749239
-14.279114871111437
-31.305400647418125
-17.234374652756312
