-42.774786326222596
-24.68197489789109
-110.27860023475704
-28.257111829400753
-32.42735440000991
-47.614074717771516
-24.735263389873865
-96.92222497732183
-95.4242049109674
-11.037013052456146
-35.09791554179189
-9.242477865948223
-7.423832104856996
-51.999175389806986
-53.05233330356506
-16.097868090587934
-10.765660161305037
-18.79996727201711
-59.266768077882716
-25.067735183424237
-22.227462201808383
-48.00167193576714
-15.999395085594989
-14.6685587033633
-41.08123838117166
-20.067058712196744
-42.631787354735586
-34.15232298877125
-39.05571318840684
-31.836702832929312
-29.778992104443432
-43.327065871788875
-37.19717163674142
-10.364331710017959
-8.873923119749309
-10.476861809345353
-50.512432960872566
-48.836638503277776
-18.3743597219136
-35.107960906526486
-36.48178728223723
-13.031765312423843
-61.836618988412674
-13.251945455030935
-30.83783963640112
-37.979568446435536
-26.201703333231478
-14.384264831736074
-21.828815883915542
-68.34742616366772
-78.84237354637416
-31.470830945119072
-17.30572915583111
-72.99804477865456
-14.833484909273704
-33.39600354423501
-31.73925583059784
-15.200409547908047
-33.75292268254703
-19.660188408927752
-30.598004957423328
-16.420920613691226
-20.436764935187178
-19.975086592569262
-24.726579387346554
-36.3492669750649
-26.833254728534058
-35.212338360213295
-23.36582315231732
-53.73711245535298
-28.501089511228592
-40.02120782961695
-19.965246545753654
