-52.24449023167033
-25.710491731092482
-33.81658594573232
-14.0683959547574
-34.137253828445864
-12.394642857441276
-37.3078097133571
-96.31418868288715
-22.623518201992475
-35.08655635041165
-39.4902175554558
-36.9887149164832
-50.26823183643567
-23.721335912801653
-21.663942477386595
-61.96812526029657
-48.14260685592035
-89.60772812105034
-17.399248219151698
-55.3609856747039
-27.017080787482943
-76.96640842767621
-14.086799924531492
-36.83029140610187
-25.791613997510268
-20.211662895897224
-22.385958453840672
-39.326645802007214
-20.24448200475208
-10.961094423639171
-12.214857029117175
-37.19312859422072
-33.070650973914255
-12.865917929838998
-15.52218209792826
-41.33473885356028
-13.00761747194817
-30.990992912905426
-22.153798391281093
-123.88867079727434
-31.858169104350843
-24.974344532326505
-11.193956179819303
-25.269606780960775
-24.09804639908322
-20.08673491201016
-11.217821686413163
-24.955501712192806
-30.595041057090466
-43.03826247372285
-23.483396684848536
-12.52265459780379
-32.9583007267071
-37.23545205197034
-45.80582974149418
-51.23035768830465
-21.42306928701769
-34.30225462730808
-15.136473759628768
-25.203347283832773
-10.766309991155516
-32.597019209284724
-43.7181001378019
-16.086347966524684
-69.6716739425037
-12.56820218379206
-19.06594703599626
-43.363475225490134
-10.162277746364769
-24.53440020016179
-137.76738137117013
-20.117678979947243
-17.517077386067758
-11.800949734775951
-22.129568810645967
-13.082795398555252
-13.6355122319196
-23.998810833353478
-35.416486410631684
-42.51416492056198
-22.314987268595917
-22.983854900338063
-49.934831667476
-72.01515984667857
-74.68758132487133
-19.491316891048935
-51.044368209402
-32.07886119438374
-33.696441634427046
-21.101900328592627
-57.10461864247341
