-16.871716050551996
-50.46601715558823
-31.943181003198728
-45.31771305604397
-25.796774619302937
-21.088673195079494
-58.848145513983745
-32.60046499261495
-13.671173697601889
-108.47819812310928
-22.048590091246243
-10.750426766991884
-24.475654502990302
-30.130349078942995
-57.55281663599682
-54.803876857849765
-52.22105073872961
-21.315488837965514
-19.901151665603116
-63.479645369817106
-26.861337615740684
-16.302260193834233
-12.742832544760592
-29.799209650239327
-21.320148585323192
-22.490044783630264
-24.258593496981945
-35.43703566282973
-21.77223367920986
-34.31434751548079
-18.982568509976026
-28.170359817408382
-23.649902554265104
-42.726143972459916
-15.052219760404508
-19.145679808946028
-16.031403101080087
-14.488201377014002
-33.70719948334632
-30.77004575338417
-25.851392699615413
-25.524922029211012
-21.640893520229348
-12.708851020733762
-25.50504426015771
-20.273402065671668
-25.64616258469355
-29.21194119059622
-29.689038207119932
-31.65660809346082
-83.43384617458454
-17.328284079449016
-28.30741452004853
-51.12313622996529
-43.826005816454085
-21.72466415450348
-23.345069383478442
-47.92479955568189
-27.26907404443123
-37.270107363755294
-20.308351802582184
-20.707814232294623
-37.12180463176849
-14.288540836059969
