-45.9801422678919
-28.61467930800319
-41.434938357659696
-69.30159338176864
-18.603201406046995
-32.68043977258326
-50.74509115318209
-16.375888594480212
-34.152824905909775
-65.95146956581632
-28.77299009811289
-26.729226763960327
-26.964682855334825
-11.328165143547613
-37.215987790143636
-12.503201583055885
-48.673132310310514
-41.8245916749077
-18.927911721708448
-11.883160552349835
-26.333232359392234
-68.97531438970323
-12.027223416416975
-35.43512362139445
-10.31034182754243
-36.787579600276075
-14.005440835059348
-53.18633000325408
-28.929960696004745
-32.29484652638726
-23.205986690139955
-51.16132636407964
-40.14068324268571
-76.97874901869243
-41.79024579965043
-42.959375178093545
-19.544843153088298
-15.44810998247531
-40.03258250814077
-41.11108637886664
-99.7337181818531
-11.241827230516162
-20.534639666397982
-52.26113504040205
-14.197522725252142
-48.74674336314524
-22.142699726051095
-17.393379063392036
-17.36142462583315
-41.05504400506152
-69.23864205918086
-39.17544477436947
-7.904536248361124
-15.67793640447919
-26.07181510496279
-27.211179402069142
-8.415485852241039
-9.43208538699185
-20.06355535879184
-21.642884417063463
-25.662281127556817
-38.203512091997794
-34.41530889017405
-21.934504547324675
-9.869217066824865
-47.92624076699935
