-26.34609255713798
-130.3359002284714
-45.32895252538572
-8.44758486099154
-23.516901968671377
-11.885588121867976
-37.14948776140593
-28.77355244943317
-25.342433100462625
-7.640017261282159
-51.2360378917812
-13.999964526938731
-45.2497868790914
-36.55336433861935
-30.994090343953005
-13.120101428020567
-58.96491929714607
-49.02221505308392
-8.322618330111021
-49.23417684669726
-14.67935562989288
-31.312744308205417
-13.04674904559852
-33.56375373998778
-15.748348985839414
-22.165645617273537
-19.597909788701134
-49.05852572386447
-28.333773928924902
-35.696939065498604
-21.33421838462272
-15.25353033880039
-38.61667987778711
-48.65746485465744
-82.24218045240445
-13.49829036060114
-8.845697133022885
-14.847554832266093
-38.007258534206485
