-12.620585618489255
-4.385171482631219
-77.3674528283955
-10.811650730623642
-16.56267370401177
-25.176247799541066
-10.445688276160071
-7.296299413881417
-13.31390881763693
-17.367651923158622
-23.68989059743681
-10.87929487559454
-11.503034214352597
-6.5403693712732816
-35.049717409172565
-14.010204719909314
-6.968646811654953
-2.8208580737860136
-7.456153376746881
-10.808945934887383
-39.737932060122844
-24.169702432599895
-30.26516082858397
-13.973706455149298
-9.846441504310956
-13.482084275561856
-20.178664261391493
-52.65823001185779
-40.52566313230516
-13.02155904717945
-15.467819677255749
-9.068789221353967
-6.729593463344019
-19.083950463787804
-65.26705868066686
-11.022750573455102
-25.965943710306764
-75.57917526236231
-19.4817748228806
-31.027918880728198
-8.451002713915633
-8.85514469107833
-2.12676042640849
-17.862857272346563
-13.102525002791753
-1.3018416108089932
