-11.04388377134055
-16.79852467016356
-21.637075043470034
-35.31301433319194
-26.804823043195565
-22.771753063736565
-8.908123716492874
-23.31549338450107
-20.763787195654636
-5.625304439173066
-7.025324473107074
-12.589747054753659
-15.221712234369768
-43.84821528350205
-48.513723626873954
-31.353076255168563
-30.67043688308362
-17.710499628222063
-5.566724678849815
-15.91382246110785
-51.148532428631995
-16.860251049313376
-19.632708693907283
-6.832916100714494
-10.974765184199931
-13.506822019928396
-25.405588693485125
-41.10003586597298
-15.555385091598088
-14.396550791146423
-19.489903661587896
-12.403534953125344
-19.76820411484943
-42.922481171848425
-27.037527956175936
-11.220445577542558
-18.55911556029219
-10.984134898914844
-14.652699260227086
-40.091458508504715
-16.90973568994828
-15.702325482133935
-11.809207266888857
-24.49365301897056
-27.154766880744553
-22.074500789648916
-18.463773510259912
-24.240925406072645
-34.89631044225099
-8.32531141765228
-14.168153970095087
-14.321464701818808
-20.567045951221
-16.42771335093191
-33.773198948031265
-10.678485131168747
-15.9345296076909
-35.369806652165
-9.500582398411645
-24.787337199024353
-30.865704445040553
-12.137686373276077
-21.6074512697586
-17.866393527894747
-10.960432772585408
-14.779825152858727
-23.324297983175956
-28.528896077455645
-15.384231273485993
-48.25230127245404
-8.745564695869485
-63.325012224040975
-5.515532414190205
-26.25563172058057
-48.692168739042074
-9.84044954200064
-19.262445690578954
-16.55106394892903
-20.922877171183003
-12.098335824968322
-18.788561795623014
-13.492079276920594
-15.057680839754926
-14.773379321913467
-13.3306200335075
-19.288399427554708
-4.879846086650136
-26.04081983853153
-18.665202612621872
-76.0822580653968
-4.478245621906621
-5.686004270942565
-9.191655224397177
-26.461847785566885
-23.29388540412777
-36.52755173062226
-11.68315849576873
-12.850762526875457
-14.399026821323767
-81.11307665405025
-10.384953258012525
-8.241097918302703
-18.62095455259841
-6.760480682741726
-13.481018246029178
-18.66464313086811
-19.820515329075278
-40.43246003960942
-29.159838879965108
-15.087606777921295
-8.59001747861305
-13.19121647564951
-11.713692918856026
-5.225576830162526
-23.471605924180718
-8.388908447865584
-102.21823940417998
-6.5443636379992824
-30.900367151959358
-17.96887283236783
-38.97700990957361
-12.639302073250386
-3.9968624162583817
-14.999909565965826
-23.862562364833046
-41.78517584664337
-18.422987858692412
-53.87998368476448
-39.081812262071715
-32.57827618677612
-8.199729892268376
-12.733812111202
-31.74988142917044
-15.294430326386337
-34.01065616037659
-18.592073010110035
-13.228012378051005
-9.952454737285471
-14.33092435724686
-9.247839210106958
-6.047217935546253
-46.18337615160808
-22.987355674376136
-3.6539091377019255
-17.30145050661137
-40.233339675503366
-10.434144851617596
-9.711329746024663
-14.617523722618467
-13.124676052866414
-12.106348724786868
-21.993755795554094
-16.759512049095093
-5.374971553785359
-7.300676689502037
-61.35637786949743
-8.09884848025117
-22.965462578002978
-19.297374004019527
-16.76990697852148
-7.454829601165701
-13.720329035728975
-88.23149991687126
-10.948929329075314
-19.70131229510536
-20.293240367377845
-19.268677834698362
-28.09156429727008
-14.455219200404374
-28.14711612403391
-11.414386152598926
-76.32168754484745
-13.199219887546299
-24.119677345758284
-14.477528922035232
-14.455308637943387
-11.543921973049507
-9.182318479229266
-21.39856947983192
-106.20778948966088
-24.699538758576825
-35.16082145874356
-58.021352874115415
-23.800925912079695
-3.374106020221291
-21.57825393901445
-20.6303672842988
-1.2502680554274472
-71.50475776184723
-9.200638684826096
-11.734642582253194
-10.200260381700316
-31.645280401886435
-11.67370447726529
-11.0742405004881
-10.421665222390974
-15.935864808149947
-28.70697741666747
-15.126641218956594
-6.686048593696897
-12.968632597799933
-5.993514077088528
-16.52401590802384
-96.58806505395526
-8.404092413723667
-11.602587377983042
-18.28717356896835
-37.3452918668093
-8.55927436939966
-19.27566846211702
-19.192091156807628
-12.231344918581764
-11.405927169436607
-7.238933500718002
-32.501527010065494
-65.34301719093905
-18.483314784043106
-17.59638947653327
-11.387825981906598
-11.027687132097258
-13.688927364467732
-7.35478651409571
-8.38494466955986
-6.194222991746156
-3.9152431075819725
-7.239154640503285
-31.65554524553082
-10.332550337510986
-8.493948085028569
-36.69809770472187
-16.83616125569194
-38.85390270797827
-12.373302985339878
-36.27630825116154
-53.44058217007953
-17.48539855017989
-10.556083192413656
-20.297758699912738
-13.122883028407376
-25.334402865468505
-7.064710852579115
-4.380103165196303
-43.17196466823824
-14.780054878192326
-10.195964388843924
-9.916198788607634
-108.12986694136
-20.542350475143248
-19.854427925263217
-26.86732098903171
-48.11820170700405
-18.21011234147272
-20.647969397680043
-34.77842232609977
-23.95127561254212
-10.476765761523017
-22.18523679138578
-48.89293863099301
-22.662631968867075
-35.918245817612224
-21.75859887463831
-16.961620697167863
-10.551862506256084
-40.3297638215521
-14.277430178869645
-13.408340022292634
-15.551249182629222
-9.9151596849031
-14.731928337509478
-12.427471294509854
-47.94365978767504
-22.744306020260243
-13.05133995207353
-33.80911748727656
-20.559420352084754
-8.390540632399292
-17.999014587142916
-8.755322504159565
-49.86947501389344
-8.660074787431583
-17.048299893393644
-30.371481834554018
-7.39196612080217
-46.04463628612193
-10.221103068236983
-17.49251934723792
-40.15852925600076
-12.61937753881745
-74.00945786837056
-11.746507129911727
-7.618335910989021
-10.594027727160308
-12.358772057579364
-18.639114843681607
-49.06403967810453
-3.9155366861786445
-15.655534423177635
-53.39071350587676
-17.154169964576408
-82.19829806086717
-24.73059950902876
-78.17542248588644
-25.831212407468275
-6.159116614729806
-22.13252531800874
-11.328923447016813
-24.69069343068801
-11.56071788574766
-5.830051386174435
-24.02724480235173
-13.483843181296601
-30.791458402662382
-16.10911625473811
-21.99380933682586
-17.384503039092646
-21.71277706535457
-11.994678019275227
-27.85036288662052
-8.466337151721858
-11.663604538661824
-12.952153689040511
-20.149275007098595
-10.631277892576172
-18.376544876772613
-84.04255608619275
-26.57448639774671
-6.300760602896445
-14.692072752818998
-25.911353207538525
-14.030955692572235
-12.430137059545407
-10.861528895403925
-10.050178043281704
-7.606700465633334
-20.212911361885457
-29.644645802469785
-14.839342078773111
-9.979376164846835
-27.890455419142146
-19.59205256725223
-10.705673914619883
-6.3519371849613435
-12.95946923995407
-7.192597856538718
-25.024299821095784
-9.657983755655284
-7.979872913253225
-4.217850155681534
-13.014352280898356
-22.681854716560526
-36.441569664918795
-8.501377849011718
-20.930691626822544
-43.85009445844943
-7.178159524659822
-28.90217385933074
-16.702107110624798
-12.359094035320497
-7.710853315528525
-15.542544957259343
-10.283081801754214
-10.359455894776127
-33.86037597042868
-8.264047159192733
-11.719905971744812
-30.754778474607214
-36.03019470691191
-25.01512562829901
-63.99303488987677
-28.525729928160064
-33.788350336170936
-25.19864513202393
-12.97474925422921
-4.347034505944475
-17.175020886413648
-11.986821230036949
-35.2704998046745
-15.99685668222095
-11.191554811132162
-15.931486242907194
-21.660778953405845
-26.531941825966065
-10.013815296286692
-6.936866659339377
-8.579132302539385
-21.054786289974462
-25.587202187840663
-28.116821363301785
-13.762857409683196
-9.098285862829256
-76.38753002523927
-17.128903429252414
-9.990465904179821
-10.175837987368443
-10.146051876477962
-16.814632524015718
-15.236671821978042
-35.07009580704895
-11.2510309764584
-12.62632450480784
-11.79853341301075
-6.074456561980727
-45.6131083733621
-8.675600433926938
-16.488919858558273
-34.09934409741541
-43.371323129590884
-7.94190162031765
-54.67829178681139
-9.39690708490391
-34.01238283470481
-11.532638136252194
-21.157070530294423
-8.347518993738452
-9.29565339078617
-15.272823846093857
-6.685922229600074
-19.619431740054836
-39.80422191435229
-13.818953768263249
-27.814063573575385
-16.208751616995425
-22.6038160322808
-9.53666703893649
-5.040911511164361
-24.751474470067468
-27.559805805038504
-13.633233694789729
-13.53032704009396
-19.523817993757486
-28.261329583737414
-38.03184422399449
-9.78876729287397
-9.545417300231227
-14.70679518326617
-22.330985330008364
-100.8119669038306
-19.037918264838474
-38.782407664792174
-26.537844600366974
-24.93487784786929
-11.991302005292603
-11.54671295567972
-27.327841745893785
-18.078898966677034
-10.853584567108458
-68.75879368738424
-35.04365690546798
-30.821012119136757
-63.273242666380064
-21.385445067563257
-11.131610434527603
-14.360322897008011
-6.931652823132773
-17.447814181527182
-15.325116342084108
-64.8289934319038
-13.142704707029651
-10.592944101114732
-9.072987291121073
-11.223642571537374
-27.867255290976924
-16.612438599555464
-14.984348782143783
-19.09459658738053
-21.85192215866851
-48.91772866799702
-7.6412907631556335
-13.639105176094805
-21.347524801300604
-11.638258819895082
-10.839977237455077
-19.30315451858376
-11.534478093117922
-25.692483336824342
-9.898564748693714
-19.662980269523256
-15.610832963899483
-28.73052667307638
-27.628542124803804
-21.06179630841144
-16.637721204461386
-51.02160459098528
-38.397980552891134
-20.39939407755773
-11.593656666991187
-12.35024119137833
-55.57527882168403
-37.296206214496635
-36.71605917969984
-17.597077183345906
-6.764955903100877
-7.271009369480826
-60.89920500983282
-23.820017860564143
-9.732735877749532
-24.80581861095891
-31.89010195511583
-19.891510459561275
-25.561790854208706
-18.687263044296568
-11.590777649489716
-24.71659508391184
-31.93289857023878
-8.744754791267676
-15.569401989110283
-19.058464595691557
-32.842822380600985
-13.379598719516034
-19.64792159853375
-20.68132675328069
-5.513010827022471
-8.435375946204676
-7.427685232656884
-24.260963933770714
-9.44720118386929
-13.491165645419777
-4.923535572085009
-30.55969882731491
-12.616415701085387
-22.048446133299677
-46.591383285703174
-41.01380710957687
-26.247005758747047
-8.773695786333525
-44.38485596628116
-6.395881469484326
-9.58385400365983
-29.102639956398264
-16.606347776959932
-5.4296961494851255
-29.171782620373254
-16.827041986456162
-11.931176217775812
-14.230618326220155
-12.498859244732209
-9.866893230119969
-33.616831898869656
-11.643845557954664
-15.93755326441529
-15.008465522471802
-4.596981962955227
-3.9625810837320654
-14.388025184230088
-11.419989088981547
-209.14397305283103
-15.260993857859416
-21.704179039979294
-82.40927516975647
-5.424639027211675
-10.611057792188644
-53.136774185174275
-56.009934005303464
-17.385807307235215
-8.271196629670143
-14.56925684473371
-32.008208529363536
-45.491148719271344
-31.94049975024232
-12.23189581003971
-18.268087280899664
-22.374966885928327
-12.464148396753215
-10.513045193361235
-10.1315443870821
-3.828544428083729
-10.841961708204193
-5.614111666817515
-11.345332594446186
-12.176977613473785
-12.296756741363241
-15.564639205463068
-56.65735086682018
-40.406560378350704
-7.587380807200974
-24.232374959251466
-6.68734362596394
-26.55337028636164
-10.836065109055385
-11.094160205619731
-21.806133254572533
-12.31170541628376
-10.58330751781163
-10.850742585890334
-30.259576947922078
-24.898221275829695
-8.09884848025117
-18.80994640400909
-17.632753741796744
-11.922399961831584
-53.654847700627855
-35.93748509577432
-12.603824110342316
-26.884981653211945
-34.94654675118502
-8.100746476719376
-10.675853091719615
-25.21885177953356
-11.929103752585567
-45.93202657442355
-7.688307914059329
-17.209130439396628
-24.733838807757337
-19.96463373627819
-23.70235783268613
-19.712061941916176
-13.113828087382025
-11.49146492662058
-9.841329196894037
-13.346235581662155
-14.458237521823692
-29.756836605767084
-8.069092046342309
-13.834768778028879
-55.681136234864724
-17.96986507006357
-10.878748702348153
-8.920932037641657
-7.845949491566215
-145.36485609438265
-43.819796227316665
-17.38395400460663
-17.411689621843326
-21.142870828787192
-25.933472061962128
-13.30419260157309
-15.130193828162948
-21.077824382350972
-12.244935654789373
-14.557950626972055
-7.551736519931156
-9.678216766134103
-47.61992064262909
-44.49452107069398
-27.016739243899266
-30.290758294215543
-7.522733138626581
-49.40537961836809
-32.16691589546896
-27.76429234228595
-9.26963297392722
-25.07127849630042
-21.49540219008959
-11.225377769224156
-40.45304905682427
-48.77060182711029
-53.770739274790074
-26.393505926825526
-15.593697045620726
-14.32841724927922
-19.122013148287166
-26.435027236004643
-28.128231013945662
-12.15079612383566
-28.795257338421855
-16.357300062843212
-25.100909955381
-21.441092082029318
-48.631779385856284
-5.131513548127611
-27.511798827914063
-23.934391201151357
-11.704886148344334
-54.53419866305842
-15.384369092197273
-12.373660098695876
-10.43413114204871
-36.733955800385175
-14.643547619408174
-26.698495890448733
-17.717141154825786
-15.360905094457797
-15.546006729298005
-10.93270760078467
-19.34391593677566
-7.219004212318564
-31.695675743921193
-56.18253111883714
-8.620500328573726
-23.920021222628996
-13.782251500106058
-14.760296750545937
-16.457892492385575
-15.689218713306394
-12.390576718980352
-6.034448664858177
-49.506214729429395
-13.762421181906518
-9.896927869959502
-6.376767836014704
-27.70230539611324
-26.401614309420648
-12.557153841119517
-22.39396290970523
-24.369435188350455
-25.51413690944737
-28.920828685893852
-16.010372368953664
-25.77821314052849
-80.78529792288565
-34.45084760955116
-36.57401800622623
-16.077473603256852
-6.743872795891737
-10.026820506276911
-11.595845401388624
-8.46008973399977
-16.337031822404686
-11.805809926205253
-10.023146933857037
-9.062948942233142
-17.267306515446883
-9.008423233293023
-31.75177365365183
-38.14275794458128
-8.180501611227834
-24.289963040752767
-5.692965106434175
-21.716455010153034
-10.773306457709365
-56.64914013287273
-8.006302843570218
-26.04329169935953
-18.535488176322488
-12.607348422904723
-17.885050066949603
-28.444805331781588
-6.067779449253738
-5.41067923554827
-35.061923869854894
-10.660935673922465
-27.320559407414603
-22.9366154499953
-10.393890468758103
-26.912010556918723
-11.823186322886633
-25.501710886065826
-12.472807066251761
-67.96432722908109
-26.81569250890164
-20.47815782491371
-48.79183065979092
-57.225857581392894
-78.03843882161935
-19.203828492324202
-19.44022220060354
-16.87972556369763
-12.197496711563545
-47.913517345468804
-9.619167202692593
-24.870862428686376
-7.832243081913267
-13.4556791538525
-12.539841423637847
-64.98617273553342
-10.044345174889438
-13.037964662062128
-18.161177586334244
-68.64063287152443
-5.377953304304789
-10.177998831371458
-13.339448058723107
-5.9703365625151985
-9.997732990330503
-18.209713054113216
-8.068386805479077
-24.600594535034837
-31.118514574224452
-19.11358235704687
-4.33420061759515
-24.500875907677706
-15.562157282443305
-48.0545117338927
-21.850765409772222
-4.955619131842423
-16.339344570507283
-10.22155610890005
-26.16369607893799
-19.812316373365476
-9.66538184764291
-12.263667496440968
-11.802219012331754
-9.459894630478138
-12.258493725011006
-12.566465721818723
-16.106875916295675
-10.932491871984295
-14.28343799919267
-12.2268314986131
-15.911371535984697
-11.367517410349608
-11.311298667472466
1.2259680921365355
-4.434495872436903
-23.25494081232064
-18.61893037147311
-50.44963338960347
-14.323730575597468
-20.119290771608245
-13.62658961794474
-8.477015471996644
-16.748274057375315
-32.46863589780119
-11.093165837696203
-27.232328979736867
-26.365607461280746
-8.991184894675683
-26.033583985304546
-17.278304648001047
-30.731957450124593
-25.699257958888662
-79.20469647043477
-6.814278925362927
-11.887256092885972
-21.22745385388881
-27.568105072226384
-25.769731133311595
-20.531980494490814
-9.252998437070701
-29.33195335451867
-30.87498627790217
-20.512578305634616
-14.171191606233927
-20.69083466463745
-20.105985716099916
-9.05203485430745
-8.362038019031754
-28.06891625420876
-65.61343969364846
-16.120584203322103
-19.39095428903693
-20.413739167890544
-50.420573874250024
-16.540228938280247
-7.694016085842129
-19.084378543398447
-23.1190147971574
-18.542871275721208
-22.200820056887892
-16.311920636985494
-9.42553273478694
-31.73879019640105
-20.301448787304693
-29.636294357023765
-4.807163915358978
-4.330444212785095
-12.789009533570729
-22.019391169546655
-19.520331369030664
-41.63731833865236
-16.116683730385336
-6.507591880983623
-17.084421820960635
-27.54628932858631
-34.774876644888224
-8.476284537002295
-12.499052647524204
-17.33582182560933
-37.271500587756826
-22.546816239266015
-11.411580491433194
-9.740599054963587
-25.66383816294452
-3.0127713681806165
-10.065617284954008
-20.02957464737644
-9.812672644186597
-13.666197116619257
-11.556917105957705
-18.76717227491047
-130.76890787172377
-19.403756325399527
-8.660699765475693
-8.748291650536876
-38.37604435591441
-23.721255297382452
-89.96975282107073
-9.44718298315097
-13.557173049629586
-21.730113124510513
-14.86676987079393
-20.65608208946529
-6.096234454300804
-35.439642368040445
-22.404209229224474
-25.386062262594262
-5.20742632406398
-17.746995003067255
-22.080405867693646
-21.710126993533027
-26.489328303307172
-5.526857575139981
-16.37993508870194
-13.550884008790018
-3.0327619542764217
-15.994431707772685
-9.205198380284669
-10.124061223069424
-13.81953427430584
-8.907689489183312
-17.24044295250648
-50.95109194446021
-16.12394927441873
-15.668191638092202
-5.46579973430139
-47.56585596710889
-11.718290352902423
-15.037966904134478
-5.129482743456655
-23.840421307502798
-12.376276949954761
-32.961218407914075
-17.00276885783709
-8.974461131560755
-13.485363960458281
-23.18684550701274
-12.67613857504159
-22.957315293118647
-7.770833062679621
-9.70960167116844
-111.60453567190153
-34.62252223845756
-7.248313558002255
-19.487309796843505
-15.581619420703262
-24.41022438404859
-28.129283371752212
-20.516037159316163
-18.700909294561665
-10.911343907433608
-10.090941900903955
-13.797328756298079
-33.524951110467086
-17.399494144572014
-10.293498407523558
-15.666930178583486
-34.40969708237588
-19.890024137592153
-21.97399620194357
-3.9197582700330886
-13.816202847667007
-99.94706587239219
-45.02009375179595
-11.165177833274441
-7.473155794214706
-18.04449611976399
-51.11323417743209
-11.839168348324888
-11.321864384235754
-11.68315849576873
-15.720134333444225
-6.29546358882944
-10.007057983074336
-17.74030840640361
-50.88000984566661
-22.274983247559724
-17.69378338750507
-46.267931657175104
-16.22259056156076
-16.75041104845874
-39.04570242132786
-15.08599174786014
-38.915260363096294
-14.99592025499909
-29.024401363678834
-5.854047309776902
-15.389663857301587
-54.81896220382347
-10.422524080495831
-12.826938592880236
-9.033192508324271
-13.165620868992493
-14.658895042970304
-25.978958386211627
-32.48472897064326
-12.077013920478809
-13.602577056687027
-29.112172299221573
-13.308989026261969
-26.611819019345194
-13.347799199255178
-16.679451704699073
-4.419605544914884
-8.411598800273191
-24.224231945164174
-26.988762318820935
-26.125652901663262
-32.6036978329759
-77.69723278014796
-12.247919405624744
-29.919034658571075
-5.843756734737323
-7.163845500763537
-31.351446382565207
-12.656382001170702
-21.252262692625518
-30.658192617118242
-21.001243354471352
-8.875586076662328
-12.214926404541407
-4.248662436991852
-11.402818570892293
-21.297730651397522
-19.567920831899148
-53.716051206328494
-12.82133118436094
-13.03300206984021
-6.9640380730822375
-10.399651055912662
-6.630444272603059
-26.057756912188427
-19.15057769960639
-13.532423677696633
-21.014031042629778
-18.342224308890515
-20.695061532894837
-17.613276417861456
-5.278248230704281
-16.833721277990104
-12.302667219560599
-7.560435120811175
-11.114421707171056
-8.83567328002096
-10.076101617303722
-6.141918408497875
-14.769722712057842
-29.794249932927247
-17.443010146857834
-49.35093040455267
-18.12171299407021
-12.589979756642538
-15.276910448728112
-21.395550728114916
-9.776309808914874
-31.24163306861228
-14.650373269009124
-12.845860736021127
-16.599782953420927
-6.402842222441914
-31.527433564711224
-21.302517094147028
-52.04715480040283
-8.036249057203072
-31.152476367964077
-48.70534611994723
-11.928249780516031
-4.229314761776531
-16.51799041089375
-11.71292676439344
-15.855856069277404
-12.401927311423872
-28.605681133057896
-14.70008115112279
-6.093583205438619
-60.66133217482084
-10.809541520350797
-30.420781703082692
-9.093805792301426
-6.384619624275838
-13.269244607906328
-12.16711375718539
-16.867477164003677
-11.755042786134931
-4.667288068897951
-35.83510671130637
-54.593900354022495
-33.070151431842525
-52.73973267040013
-23.61860392321686
-43.79395913987165
-9.476957617778142
-21.719244004120632
-14.444304952220484
-10.048159995339214
-16.320429011808272
-20.455596782464944
-24.92132081287197
-34.037732573210995
-16.60780815743726
-12.684062578851025
-18.68580089592113
-10.742585958039147
-21.120492142377085
-13.23903707096861
-57.42325145116324
-12.352353284877294
-9.207743555724408
-11.408140292261495
-14.39313962641049
-3.7189702205372663
-72.9887161943367
-19.910563909770474
-73.74982532172635
-19.291044653732428
-13.35404897210044
-10.045832140794715
-17.67892853070231
-12.817275850513482
-23.382199361874893
-57.800192731952436
-14.234697603321823
-3.7189924120936895
-31.290923781845297
-19.21734825901059
-36.12735316806592
-14.65308152180875
-19.311949072818656
-32.65233149434188
-18.394404027875108
-9.759413712595745
-21.507467302757206
-8.335572799461383
-13.444684827851741
-54.77933961746044
-12.63099135040133
-11.443811608967039
-16.051126766636568
-8.812454712040722
-18.42927525427131
-48.68951876991418
-12.214227765406168
-17.54231062623534
-8.361709073535488
-9.30187426030472
-19.32309546155334
-8.910445229638984
-33.79721048894328
-5.467792254657331
-8.684356847129427
-6.208233647678193
-16.512267066011383
-16.54922988812768
-9.959896384079103
-17.873593429747068
-58.09322589824287
-81.52809349824547
-14.435067795820444
-23.132198371324588
-13.786777856181821
-11.015572900998212
-59.1540985914068
-18.782103189373963
-6.282071861167856
-14.300392341978677
-18.687548393176055
-10.653204691891368
-20.537569616922664
-5.796516068389973
-7.709449274799512
-41.720910214311324
-20.0402058833432
-9.839577002937286
-49.02562442621654
-21.48386208973859
-24.429075653498693
-16.80119105941283
-20.605041657765703
-15.91652159529627
-30.734192100338042
-21.38742763961345
-13.608701370427648
-19.854608317620663
-8.503640330560776
-141.57934919802463
-11.574504381472842
-17.480440184540253
-23.816782576005327
-25.820366869751798
-44.5383930485279
-39.13157508938725
-9.715749187221183
-14.795541962047228
-15.64050660436063
-5.676960968596332
-10.16355103124974
-8.666651513760296
-6.699793642308166
-48.53181864516523
-6.067380929334147
-6.35855716671849
-40.70227489291002
-13.312197956817952
-12.797784620295422
-21.108277478841533
-9.67608360796288
-31.279158089913345
-9.382514733840342
-34.760833205066575
-37.81666888959109
-15.797392172362777
-13.380379516709485
-13.640864966502496
-60.10368824173442
-7.17028457473183
-9.335654706236205
-32.73486101150285
-30.26067727384117
-8.313309522286403
-14.784342487660265
-13.325960074557994
-15.529704055651411
-12.036027249878297
-48.13756637590458
-23.73110654031112
-5.944926784476707
-7.13073551312742
-10.362026249996058
-15.15437126802294
-9.032305403248332
-10.75435015938731
-30.327538580508268
-14.114603070892926
-66.77803949773397
-13.780825623887493
-91.43158382613481
-12.985700553270496
-7.292944806663618
-28.756031577786803
-29.48851143107401
-7.784483189763207
-27.119223900494582
-18.513529473392577
-6.219720180172028
-35.63905420635084
-13.166120052366736
-18.395447822197756
-18.24704318792909
-20.073087077985466
-20.907906282722404
-20.236260372299633
-9.283936681656284
-25.36936104192052
-15.133915193020401
-9.287933309975132
-57.668903284293506
-10.962544574540686
-15.835638145303578
-22.33137285871837
-9.15357932147355
-34.21983931284194
-28.686782333379032
-18.932397619255973
-33.72493121243261
-6.664538742541574
-146.7663331779486
-14.203023169597852
-8.245058580621146
-12.609213021374817
-7.982523172889216
-10.22343015995123
-15.377455425855244
-74.06363214337763
-10.285874432960723
-14.882442102507994
-13.886179694703236
-12.924651093452175
-16.996190501707954
-31.13465892660204
-15.639348203371727
-20.852990618834355
-15.828395554941189
-26.408358163099695
-9.543036190922907
-7.754729417538258
-22.518353691710566
-9.671992679627774
-14.742404725605942
-7.970639487166633
-6.4935512216050695
-14.74973214001352
-53.02731354912792
-10.759051632408926
-17.279943864958483
-20.38209003958235
-27.677181553967774
-17.139519073336952
-19.872966346670232
-18.28545945892966
-8.7495814750064
-30.033314427368094
-7.457886117078392
-23.859074645272486
-19.78252324180943
-24.672263728270497
-5.623290840878709
-66.66772225808658
-6.970356511666696
-10.51365656795735
-17.155976171000205
-8.792042623861883
-40.66665539740296
-26.5420419194002
-22.939631495554742
-18.14408898236312
-6.562083100184994
-51.33703616456254
-4.109776674222721
-18.59245361207921
-33.46964921283677
-13.10006660708415
-21.50249022643899
-18.463521944943487
-13.895405559873172
-25.296781131876955
-13.323214108860082
-140.66773375052549
-17.97735980147567
-17.813905180420424
-15.281842554979823
-21.388138921216456
-13.277428010368599
-9.4708259645028
-38.10557067616376
-42.549978909052584
-16.215377325438084
-32.84442401707889
-15.126591427542941
-38.79599143682613
-78.8604506989817
-12.635342563667866
-9.495959614399373
-20.043101845270993
-20.81026403850898
-9.83096338385351
-30.09421479239821
-16.44219748272154
-15.453226267307127
-22.838194662625128
-13.7057532130189
-79.69522461941474
-18.79948359962436
-21.883443985583124
-8.203513356020734
-9.255240489446537
-30.02214611968784
-22.86770828556084
-11.235400757587525
-10.837542253827971
-12.29375203690513
-11.820366061120758
-21.961588312699266
-39.58261580518411
-25.23276242035562
-42.25756939883249
-8.028940179721554
-15.178241280726505
-11.570648381796758
-12.72076205704905
-23.40921064741483
-21.550429229836617
-5.6719119274356
-12.838616322194568
-16.119163070054324
-19.572694628954622
-17.627289751424446
-54.96042506148902
-9.873223377064585
-33.0281939934663
-20.070749717103126
-13.587702319827748
-5.583423315032474
-14.49191553621995
-23.733129447747388
-7.9936480327688
-46.786677039454815
-27.599168071754537
-77.21802561002384
-10.592944101114732
-31.203657755057208
-36.85391570089143
-39.73900394514259
-10.033889439471869
-37.106401446445666
-9.506910605027628
-14.643878625724268
-5.75776781540278
-10.879155031142231
-42.066901000639696
-9.447040321215818
-20.752052942603935
-9.156047586105984
-18.555070762929436
-27.28105400649078
-19.833836410347875
-13.872460280634481
-12.029505530937492
-15.912375620342448
-18.26172686112188
-37.709971167819056
-15.43023036273399
-38.345989631019094
-33.57071215687395
-13.823309070944417
-102.79695557254198
-21.135569131321546
-29.071826712770804
-27.628999618335513
-9.931265071114318
-19.84194335000782
-17.371835506790138
-7.901050131905466
-18.242829948923276
-14.471684721417404
-19.31917295482901
-10.410433851469952
-22.991839659150273
-17.861083438588402
-7.273866515766473
-15.508735999652123
-10.209649920616119
-41.78018810565334
-17.3917926820699
-13.164935006225946
-24.287425284621683
-21.850606440793143
-15.868544752934795
-6.2182751416258855
-15.649394043786408
-10.900567118033651
-14.848498556810194
-11.486490673521109
-15.045864345682471
-12.916504770163447
-12.648223471248068
-10.696892278875533
-6.471893452009225
-9.97540407342169
-51.48873235007485
-34.028771111150704
-12.727599617741499
-21.278064799877715
-9.26318761931635
-13.73806840194195
-56.189749055725464
-8.080010426831643
-18.375362639593284
-11.000762690453499
-17.485985199952744
-17.248157460410287
-130.8552876675069
-14.921589049787181
-34.024698487820416
-8.0306179842329
-10.64977385235931
-5.86297014788952
-33.21606107215358
-18.115081968834097
-13.601646427796716
-23.488899940224606
-39.72348863940721
-44.1563401407295
-10.916876867333468
-4.862431992789584
-15.221410426875536
-24.81680546271599
-28.76920242431765
-15.33204278292916
-24.147528527696984
-14.109236005923965
-19.101083289594598
-5.9548868637666255
-21.647940798230657
-36.24380057052749
-8.620500328573726
-51.03427336567597
-14.09185549049239
-28.18590338458613
-30.550261816715185
-9.882507118276287
-19.716484681993215
-14.9147292552566
-12.32927040413072
-9.092004472811608
-33.41488548799835
-35.17721497948422
-24.791692316907966
-10.115521946435601
-16.23433050968743
-63.40285700501919
-14.478278834300568
-17.396248737057352
-21.827882879566044
-4.355717707446722
-5.472432495309746
-35.23176370546788
-13.506505994354251
-15.538741360804156
-8.564249133278905
-17.354733345965922
-12.653025465402697
-13.463272609438242
-56.63173573978145
-26.534714601831123
-36.14339801385767
-15.98521220849031
-58.956837016378635
-22.9413984520613
-15.436210633220536
-40.671717943738344
-22.076692817064256
-35.19810557729997
-6.587636057949206
-33.06530418053109
-17.366947249408906
-18.470213216111098
-25.187514587244177
-12.400909859870964
-10.812168414726917
-19.409711300546313
-13.948836127991779
-7.038167642778606
-14.386391995683963
-16.588938498539182
-15.506570819036204
-10.961308611937538
-15.10534914160541
-47.375977713121834
-2.9979287938012864
-8.489998129371724
-13.88857706314701
-17.894997813128256
-27.5666418862107
-11.213386292442987
-15.490606394474904
-19.20672051539622
-45.290179252062316
-55.29328552095096
-28.461697614708765
-10.430786796802428
-39.50124367881316
-42.44120550154833
-23.742235329925798
-13.30590359360907
-15.718298743091397
-15.99491358754463
-32.504829218067606
-18.39097837241983
-13.700127636506796
-13.895065662777796
