-10.155267579778958
-2.255897891700322
-9.912949152906876
-10.023467156113046
-9.325156459805944
-21.293119013296117
-10.386688566005521
-3.1533917251709997
-46.16645024673649
-62.75481262251645
-18.54484995368576
-3.9037951478217736
-6.176921369432456
-4.449677222988096
-10.303081218262
-23.492646553232753
-2.059812375112262
-39.047947137189524
-34.2166217691967
-10.69084932153493
-1.293213696235369
-18.305902250612046
-7.902406248073789
-0.8980462099207596
-4.453870590893427
-28.717890908839955
-25.765084926523663
-9.817465767758195
-9.608934869858123
-9.081074184330982
-34.129843810024724
-11.163571201072761
-14.431592624987978
-0.6869523324821697
-6.355137110946844
-43.55337365193089
-6.161307376644188
-10.843188781805102
-17.286513481520487
-6.343999944562819
-9.253767339420026
-16.291183458160127
-12.026357856027744
-15.729643003812383
-18.655991141564318
-40.21236979778849
-38.1834993457405
-19.803434920525103
-18.754557228968874
-26.433585773235897
-2.2246143592193275
-31.59852337927121
-5.976613734393052
-6.16864735603344
2.959522491565443
-46.49752456025886
-9.689420857774328
-22.423006627825057
-64.47854326208216
-6.170237436368107
-13.101271804559115
-6.387487468433981
-3.0009454534208335
-0.9582156331916515
-8.357477228816286
-24.405739898763
-26.999319720450707
-9.953036664374979
-7.049890427905094
-16.39972775121642
