-30.267729268413994
-137.98792118618607
-15.024813449787935
-16.825760996595807
-56.13220381525458
-26.875714932742323
-40.26632202790089
-19.64640919228628
-15.187007893871291
-25.146162976527016
-10.816881720059856
-20.2352925231754
-12.156376233433253
-10.98664282371376
-6.908741657575065
-8.365938995096773
-30.16076009609774
-26.47503044360933
-14.562198313082634
-20.527474510193965
-9.802019292548101
-61.30554745783229
-25.715721881082143
-32.75854815836189
-12.49564057475568
-24.840498008839457
