-6.9988905909100545
-10.976617992796918
-10.714331858605336
-4.985873919023577
-10.712163512293808
-9.392498350926603
-11.155460846473877
-28.08116490519767
-12.000465921963501
-24.891440165116087
-8.988615753713814
-31.99105419099776
-38.43917842994509
-19.545973121408373
-32.88093476828355
-34.72354797565053
-4.634665026999891
-14.261343296113258
-17.99662568375534
-24.494895478177302
-11.573507413035463
-7.985128318139951
-18.287226428081297
-16.68027784760855
-7.888294174201206
-16.18002563517603
-8.712354065192708
-32.31896933203703
-8.436841374104462
-10.499435058228096
-13.348436905180275
-24.350776206400678
-16.400724435820845
-6.55224710741181
-14.285609193082763
-27.220694877051404
-6.852444277756754
-26.77692556344893
-43.640580420789554
-29.408637089881417
-5.371786337472286
-7.17979567789121
-10.885661538001063
-43.838405717891106
-39.31153022951791
-24.448557401831078
-13.415959807490847
-27.063092645984533
-36.681261585628405
-31.610858544416484
-5.885972843320777
-13.965448825622898
-3.7097318710643976
-12.272398381848827
-46.24716093694751
-56.980011306539616
-23.247100238756484
-18.18025674791277
-56.46635660413259
-10.59057542687139
-9.58504503359106
-8.655925770899827
-23.94839763931918
-10.986059301920179
-20.69888937821637
-45.918837901384606
-10.194984275220309
-12.846760020734838
-5.6329540257334045
-29.205685451404342
-6.938167895357434
-18.96163144084027
-9.297914611314592
-23.102295524762315
-16.168290519612192
-11.432729547801399
-6.868810792093919
-15.40231478718924
-17.662730017469023
-7.694308829961406
-22.98859656714097
-34.69251284207013
-13.69272942635465
-3.7755384739120883
-9.104485593171159
-9.775969027959931
-73.9637595390072
-19.230667660008297
-14.356514566481197
-7.121406019705999
-7.6863017180905695
-14.211633252183109
-4.0178747115170745
-46.15323899500159
-10.602549920575251
-4.352982841429802
-69.3740787967487
-11.862935744299461
-11.229858218149833
-9.406507698120699
-4.788570361611979
-9.936424458038465
-18.14337101164627
-30.540182883470294
-29.696582878535715
-6.833360770019471
-22.880355482864903
-5.692119023561894
-12.180714400108448
-13.638652515739327
-35.65363739916398
-15.211048239518444
-12.049545604846159
-6.773472485297836
-15.75147227083786
-22.952693974016903
-5.928317227040623
-9.297633275620436
-9.717791693291105
-28.891469657844727
-9.01068573661422
-24.58382683662386
-36.48032749129567
-12.053870824001283
-5.636395144812614
-28.060573034935103
-52.88785800164472
-26.077275733088378
-25.97307209263692
-9.371268399612697
-22.090392649058394
-21.314934965414437
-19.30729213320203
-13.941544470046091
-11.21378758664527
-61.5242220295207
-106.0462098048253
-9.953529331238204
-35.33447254293942
-12.562667139740615
-39.0956828300482
-18.569795829376197
-8.45000748135562
-6.736290596724184
-19.01766639596457
-15.97137849371071
-8.79463670844525
-46.78919679577555
-13.231333408344295
-34.77086805011975
-27.769983176247862
-5.651576129157656
-15.31452173543356
-32.447397231632024
-10.496410882793304
-14.500923612000314
-6.688732857819956
-45.88475213614675
-5.250653424664731
-7.780685526722545
-6.595272675777135
-16.216181476581614
-29.470527753708506
-8.717848060797039
-14.034282849685267
-10.894267988060003
-16.420578331961536
-16.23791085254922
-17.036856459462467
-13.142931467537956
-5.358176463810179
-21.400914118504662
-48.597219577405355
-9.000453207080549
-8.904500007276807
-9.428497793082874
-9.262577681175701
-28.36863910430153
-7.628829831004204
-9.76360350856115
-16.653584086308392
-20.63518639220427
-15.962670831876935
-33.91055493984363
-14.189156903646941
-30.948802070117328
-10.901990912162743
-6.741492400751358
-5.568778024167605
-9.733122442714212
-4.991438956627514
-23.127199393869272
-10.748649210039051
-47.33789302505972
-17.431561652183685
-8.892795370050091
-20.39806156860521
-25.925797190959962
-21.993570660166732
-8.699140585027513
-59.77604323232256
-22.1313352718812
-10.794681548742828
-61.341237080062704
-19.766654510825905
-21.16729265204591
-11.824011367405152
-7.330412577584879
-6.864682003057866
-6.189473732956726
-21.337463404791478
-13.506004743610914
-9.847161388657439
-41.559069263306995
-7.718467779437061
-18.851434466069193
-19.88841802014375
-14.953486533369603
-11.376261558296436
-35.403730888890614
-3.4899337740382044
