-42.81469772939429
-33.18778158539632
-29.4895857395556
-8.001337025454228
-31.973287627711347
-21.288827101467465
-40.00278640211949
-37.57291753642088
-59.10436620892933
-15.780927847663074
-6.248189816181101
-14.445300817177772
-18.00235476412255
-58.199630305612025
-14.002949560560063
-34.577527026007665
-13.219651240430752
-7.577767367527011
-6.917831415963812
-15.860033631617076
-39.66949260542634
-55.811077851171135
-24.62272655277311
-23.62612815869511
-66.73681614788586
-23.776024470913995
-3.707617368697992
-24.94596787465534
-22.617437765570262
-35.94021826752998
-22.593202208409174
-17.50759305434021
-44.59869709056584
-4.895284631250343
-14.833738936699241
-5.543095283192956
-63.52218312207667
-7.244225239843957
-45.04248530964765
-68.83022424436223
-49.89816713786922
-11.168298770597179
-50.718957306517176
-51.78847172500479
-36.986401602741445
-69.82640686488497
