-11.208579933364298
-65.39739992534331
-10.47836634823163
-26.244629372902924
-5.971668786701033
-10.821261777197597
-11.422227643392375
-7.42956582266118
-8.942358745491147
-16.211197042967292
-4.908374937271693
-56.13220381525458
-25.06681282865059
-7.506034559988682
-6.539959605209623
-10.651382496297284
-5.920928500699062
-14.057721168274774
-7.667105961199542
-12.532748065688894
-17.181104833449876
-22.362379737700643
-6.419441313898772
-26.404662695239775
-11.101826735435981
-22.02788849998622
-17.301206476852762
-13.045268622301228
-5.694814879398655
-40.05194169838471
-3.2439696204970137
-9.721234841427803
-6.810863957769399
-64.03489665310781
-9.499357100401404
-12.289284678771915
-38.877143191444915
-124.31395722026807
-9.05135429567435
-13.930601708405366
-9.168001434010517
-24.784982495678918
-11.613131197445169
-8.034547195394643
-5.04593556903566
-43.55726013508893
-61.72778980858498
-2.715096936820377
-17.549850888319124
-24.418507584904958
-4.7174275603083675
-21.096274527910662
