-7.784904605382877
-40.4949318199285
-41.3116988863041
-45.53470836997513
-40.29657286795707
-10.672980496712066
-5.702672724345909
-18.879902297335555
-4.93986262506848
-6.891912365102969
-45.17897905997103
-6.287718331978055
-72.61825385284574
-8.639540049814055
-9.688681337787822
-35.19421276743835
-8.254135362393459
-5.34696032183992
-22.04932172318054
-13.48120585692953
-17.89937218329892
-9.455891047541986
-41.56846898973882
-6.6856048216492034
-51.3038664983234
-2.100030864936614
-7.2928853346397124
-25.385648394395172
-9.204186793190148
-6.007095507928294
-9.729769409390828
-62.88008294458262
-9.189680103895107
-16.76806713298724
-64.90113239449185
-36.82784819931633
-6.099185059595397
-9.082757485095078
-13.820923136743952
-7.428977984195686
