-5.970627051565442
-6.026637784769266
-56.6087324152723
-11.094812087619081
-28.38594104563912
-6.9466819118496215
-4.136124311327802
-20.932731197482116
-3.056902812378036
-83.1841986752676
-0.9749697842686912
-53.140279249329446
-4.513485935860053
-1.527216819332227
-5.50225575457278
-25.31890248625986
-26.367725330601242
-2.5880987616533795
-45.002992388358514
-8.7495526301939
-35.26486921206381
-20.063811744253687
-4.326827454268121
-8.503354641408155
-2.539043995696661
-29.656755065874954
-47.73440750834326
-7.292398062789722
-3.021657281362206
-5.310847098597975
-4.018067805493251
-6.300748821934956
-19.225123670346658
-14.108898990650232
-26.097694888915417
-3.073644998886341
-5.38685014979914
-22.064683916197968
-6.699712935922338
-31.213938148539768
-109.51449482079961
-19.102763889973247
-65.16774178607287
-2.7682093345242174
-6.209133534397447
-35.93050687473969
-13.51006497530529
-9.414283619864992
-15.563696646551657
-15.178945348453112
-64.59432069844212
-57.57380205068092
-18.472408749041573
-4.455975720267751
-6.453834573234854
-38.68761818905587
-4.943312929934595
-5.868293178937087
-30.147356911940495
-10.530227735747511
-11.661894074176928
-3.585782002823841
-7.3410792348604
-14.591424568581983
-3.8729199684869755
