-13.365901610657293
-19.140298159486438
-61.35656951263842
-5.407029801094622
-38.51890838983417
-20.64624781540622
-101.76445504516853
-59.348987333162405
-43.88855651637305
-19.77486051663217
-39.03711424879297
-20.00223018399214
-16.589687042996054
-13.858149550914602
-16.943126423931442
-8.864388888208984
-35.027890861506684
-25.75626741878789
-13.998596527704695
-18.64192884752099
-23.52585507110716
-32.31562498486303
-9.856861572646471
-59.93193536552374
-2.8165045369359687
-19.106921168484725
-12.797816256967568
-7.271774981874666
-26.838201816477998
-5.990856360099405
-5.931011122940478
-30.733975649508608
-4.278187709133379
-6.728554498697757
-21.019766525413406
-18.12476990815418
-18.9007572714815
-35.85188072022919
-16.03733119039281
-35.70296040845681
-53.49125153721904
-16.87879910868399
-25.18826493799729
-36.176474942609815
-7.993078508687056
-13.428969612484988
-20.233762354790063
-19.054148336793112
-59.64400276109422
-12.73920413313377
-147.54795952186223
-8.459646217103451
-3.6467168230780045
-24.214342393828996
-19.054737035807445
-17.911787974651833
-4.864422436021934
-37.78246871298548
-30.399993747106937
-45.446829116294424
-72.67699635030527
-32.842822380600985
-4.178140507726673
-26.66676454863463
-2.7388971569064684
-23.97542580481073
-16.511696765409916
-11.857232825609007
-45.208895478037455
-19.75697400499039
-27.749942056277543
-115.32619311827627
-8.365348155089388
-15.630026898907726
-10.069124351712743
-15.450294667151184
-28.112414561860575
-66.29466777602485
-85.37907148797997
-18.94749862005601
-19.318286609859083
-95.97259505370486
-18.66101881572725
-14.520797389699384
-61.46988523905477
-20.44834690944867
-5.874578642689211
-55.96158814806333
-23.89737946558971
-27.30221019722324
-40.67590391494996
-30.20850238452905
-9.348086038085821
-21.01714541606472
-14.949645420071679
-8.918267596941881
-8.673984462917401
-8.251715204970425
-14.189898793338239
-21.851274180351023
-151.89024575765552
-5.232992777770013
-43.11947422134743
-93.046339090071
-83.71845088258576
-10.268481500895623
-46.678226017030404
-19.075818767588242
-21.536735324635085
-16.14976000475444
-8.864526592176917
-34.703347588113466
-5.682494291136067
-14.79758210426628
-23.883433211114717
-22.40817127984255
-41.7437490869233
-36.87047763017565
-20.97372524321607
-12.988868675874945
-24.654411894168767
-8.62492571518229
-52.71743877773496
-53.99327200877851
-6.9245539779863705
-9.445279175485897
-7.65898339783147
-15.682545484701837
-12.80540686541603
-3.6097826404031643
-75.41616678511642
-38.32850764476794
-45.94903718907706
-20.905404218860184
-40.47773807686612
-19.15300983517582
-5.392616198307206
-21.92332322927578
-33.45124387479994
-34.691922640610954
-73.16337924069975
-8.603446255516047
-25.549634638815707
-16.713414886165875
-29.048114801122264
-52.87165493820563
-39.63110827768568
-66.78265258063811
-14.222683322978298
-76.41247855925558
-37.451775592133025
-35.10352348272645
-36.07683290392261
-46.56664880671939
-34.418604718672604
-23.420980827337374
-13.30118431135303
-43.051841056100706
-31.88499545880678
-40.47692154106839
-7.74086958091533
-28.151106038762332
-49.37418940400857
-65.07853321673011
-14.117097680935485
-4.788284803635922
-28.19669122492863
-4.03143688601954
-26.305065645686266
-49.54221667835359
-11.262148902506263
-15.88297364716398
-35.403730888890614
-10.622917867708122
-32.68968489219777
-11.201774914400021
