-25.60059113522782
-32.075981778618264
-1.0569335559952933
-15.656794243113685
-3.394416728266176
-3.0605188130462606
-11.805318933518903
-8.334097521665017
-4.441315987167952
-18.47930262647898
-17.498008714310103
-13.318011956185712
-8.883849982857416
-2.392925656060711
-14.60753457161475
-10.922052189315277
-5.725711281804006
-13.810321119747144
-5.101919052840144
-13.782933351735911
-5.627763481140676
-2.0642857210774497
-8.059534776126988
-5.252295185575371
-5.207223757436279
-6.223398400730895
-7.289326974368587
-5.9320359023465645
