-15.117854005390647
-23.76832090983699
-28.422502013150226
-16.27113263644192
-24.017979105613634
-10.896469068526745
-31.23097607417902
-59.863264399251925
-10.228593153406893
-7.0954107580332835
-6.0050373673845305
-10.318087301843606
-7.567449674050428
-17.485297526966256
-8.767834354422183
-47.38095788459545
-14.227237979723496
-21.49890174425561
-5.072853760422597
-25.115953921025945
-8.836658127534545
-19.932003835532843
-12.979234177495808
-7.769009629270895
-16.992656164691525
-22.106431095942263
-35.93160138817071
-3.665769104049763
-14.010196978687553
-16.605957294993967
-11.102420952440893
-22.96475718572477
-12.093908772292497
-14.348783132212928
-4.910367669904278
-23.54864101155376
-15.732309253261855
-10.339732253830393
-71.13796171865766
-8.619675574754892
-7.319981505202478
-12.196301632122308
-18.095628822738753
-6.318389086835551
-26.00442381934865
-31.5158290119719
-16.084917671675164
-29.880156759552687
-5.433995675246322
-19.04136707660017
-7.935222981370142
-5.496466117749923
-8.629142690447049
-14.731144965478128
-26.58199656436798
-7.838463753763753
-39.78180366243931
-6.627053081207378
-16.318896027089977
-16.02184855204746
-9.183393047713572
-4.0807358814378105
-17.15173620006008
-6.765108955104021
-32.44089812318725
-15.764117054374053
-98.8961689768548
-21.27293883869005
-10.851602350733897
-34.80620605395033
-7.664941783894845
-18.932465948921237
-12.357164240441165
-11.860305600951635
-5.473089482498191
-6.921189445326567
-5.301873301999311
-43.92225981949712
-37.00397609775857
-9.524577632162861
-9.576850358970438
-30.12879519794879
-10.099145006377697
-13.172574339801038
-24.974244595951753
-17.83731471868357
-10.058783432619945
-10.154939246812098
-11.68398126521331
-5.968610429110553
-18.314180189533097
-22.078932370531906
-14.194770922515177
-5.8218072473398275
-15.105874728025455
-6.259835806329265
-24.781315552509767
-6.065076603701191
-11.75308172103872
-3.5086337517438033
-24.184893031954353
-22.98414672869862
-23.97064598837184
-14.679272823821286
-8.042051686985618
-22.14653055172676
-7.847344134946801
-9.509064305791657
-3.888245279248429
-92.41594561206283
-12.40718153940601
-26.763482541474144
-43.21323405787283
-33.33272598394134
-28.878435050805532
-5.0992874327621465
-9.480311907174007
-16.22965616660637
-92.50682581460312
-7.021687272025035
-9.668554804601696
-6.002729372607346
-50.575302745136945
-15.28652820646849
-96.98799928620528
-14.899034140029915
-8.963481495419437
-41.58844263781523
-3.8121317464779905
-14.796381805812388
-9.252130694515877
-13.086018077722532
-10.487911790802105
-10.572141607160352
-27.224199403504347
