-15.380921759136918
-88.17719255058888
-12.323782141200427
-13.119590456708329
-15.8682497183606
-6.639398561140909
-15.717991916723792
-9.691922522489294
-15.176829362123962
-13.54199716505397
-5.638225702589341
-5.216560681340247
-9.148258388804118
-22.073075255040706
-29.70834443607236
-10.154381896001603
-18.703971948845968
-16.36395664908568
-7.839733026853977
-5.20138807315828
-91.92508123299228
-21.343698286757014
-7.413841045527705
-20.773940932116222
-11.522793430572492
-7.9649422667626055
-22.476070051349158
-14.092915222845232
-78.86565194304184
-53.10147539242123
-28.296486682128663
-25.99175097656993
-60.22893766281194
-42.86151516559488
-7.012446163180173
-15.96735450682296
-5.336329790627874
-6.623699524626369
-11.4717129914666
-18.168537290836248
-28.343108295299736
-25.98742479640704
-12.69876770717497
-8.38704161781412
-15.68937280993567
-25.245531236925544
-27.65875568329697
-15.228942952144456
-14.713995554704656
-57.2232024747659
-23.062870424973415
-21.996899620844278
-2.4136682682091517
-9.325852355941175
-15.925594384042151
-23.64527030332871
-5.521560544932369
-26.93116265942093
-13.616987502083147
-16.069665227241867
-4.836309974952362
-32.03621555843015
-8.749325664351426
-13.415760393816711
-12.436577813459547
-32.34416905307256
-48.529157377002676
-51.003263376239204
-17.17187832056475
-11.921093897379594
-9.77344461310739
