-10.778552244280041
-6.942248044729936
-7.796525799837851
-10.817992181377392
-40.13115100066804
-9.053374801358142
-14.507449358822798
-5.027939091929867
-3.9214049777339626
-50.21663456714345
-3.800565790050271
-23.597343627920623
-34.914275418427074
-6.701005823820003
-24.01006482971264
-16.702115257423028
-6.168366491023605
-5.575304882930403
-5.5117891208191825
-24.629680195533847
-47.057498791652925
-46.67522822241019
-12.676137169913702
-3.6186169925666656
-4.8880870059946195
-33.321029550400645
-23.325234315795843
-26.748737401840295
-17.295445895190728
-20.819557472811287
-4.4851444260070075
-58.604437214546024
-11.255909660393966
-20.463195557199867
-55.77741751096962
-30.90774467325523
-12.150004673022925
-6.109762757582345
-5.426591164314075
-49.76190614696086
-12.232435570138632
-8.399193323255238
-60.28062897172365
-22.605722939130533
-36.15398061396867
-10.346010072237817
-17.878325521147907
-17.242847196695745
-4.384982225939684
-13.443832381902897
-36.94453793089595
-3.564275578717379
-7.145940004764126
-15.069078645783668
-13.153655695383627
-21.0500712259843
-61.79657927474149
-12.638734769071224
-14.007124385110439
-56.84440766926325
-30.00858496473212
-23.416498538533478
-10.855362578673361
-3.7912522204833667
-46.89690723010551
-11.857587276634668
-5.900390746434812
-28.466709145374736
-8.215548394636347
-18.095674011219185
-16.7149636950692
-3.190857359228986
-63.79451242879341
-13.100990829360098
-8.223383773453909
-42.111328048366154
-8.236191010528614
-11.115494721148602
-16.14238391506305
-5.107856285642748
-13.992241393816123
-8.707372883701852
-6.140981139391951
-64.83076539644775
-14.336313860688328
-7.759332341871915
-12.34598505507281
-30.469823269717836
-8.226603912552399
-33.41227292003736
-15.995590422499598
-11.581708521817417
-15.786490372128855
-15.544372258618713
-7.636624368043823
-13.286272428295955
-9.120783413783453
-10.366738865957235
-17.91716146925991
-32.62170822022227
-4.578330833648663
-6.878938639147703
-5.922962984692331
-5.837125953818562
-23.965927511262514
-4.414780670118087
-2.543295840206991
-13.880000936679176
-4.241801319661083
-24.349815407996246
-10.202681276108764
-10.67915806005654
-4.149986765451163
-26.80007048637201
-7.532216108459621
-9.731508344431848
-4.206935672789933
-14.035986228764003
-9.737203856928241
-56.84460521632467
-28.46755658912631
-29.786774733687313
-13.71074479014606
-3.479206983375988
-16.210124341255373
-10.623089871932702
-13.592879676878331
-4.555609250579203
-6.081803816475698
-10.46632009403486
-5.911782533020021
-12.994583342476291
-5.714750088547527
-3.566685662512912
-17.886613763294513
-17.609586530288873
-55.844789463930475
-2.5986454272468604
-7.672786144216539
-9.802886476753168
-55.98561181976233
-31.618576500766128
-45.99260904370178
-108.15899367297312
-7.588928334166853
-6.280477591110469
-22.0663574117334
-10.86739929473795
-30.55459623302467
-51.71202335736221
-22.162124260900587
-27.96203993603217
-14.331434283936046
-19.351581083015258
-13.75584177002853
-5.673880381393553
-15.220020501773893
-11.670343251721055
-9.039363425111924
-88.23149991687126
-4.252967976966346
-11.686874922431413
-14.198364365940014
-6.628409173854539
-30.4707557478453
-4.625956114446292
-14.230793383297987
-11.191933222353367
-19.325788790817327
-8.68319945823639
-5.3000168958329725
-39.432289782454156
-12.784451172648053
-11.709982205930956
-6.546753560992547
-39.26639823503506
-20.019221693868868
-19.530869158092347
