-13.575328309553536
-3.6435742440881507
-12.939898784307344
-20.516616149804157
-13.562991721418303
-29.00842372080263
-8.815299362570762
-5.96064565818971
-22.35133507664502
-13.119455225091986
-5.8102847992451485
-16.637792834633064
-8.89473409315823
-8.97435408888426
-25.7842297802417
-5.562480471949548
-4.101626853254996
-42.056688593601415
-15.158141890643039
-19.966185591321384
3.941584731302312
-8.874597460186267
-14.857540104665548
-7.845529820546578
-24.857347611441465
-5.2099892072342415
-29.116106700693248
-17.408079180692596
-83.01267514804643
-9.190791501724117
-27.109869566414705
-82.12779040308243
-45.19624548115601
-12.782652507690463
-18.36652068400037
-84.48862814125425
-4.9166664269649765
-14.647411338670022
-4.164221680759997
-19.366956248918314
-3.1242426366597527
-13.531475800299173
-26.71592464125015
-7.487528158075743
-13.29217519301261
-9.57377889131046
-13.618415948210446
-13.393494362125823
-7.8028167577348295
-55.17066934852498
-5.069150101418386
-15.15071221663229
-39.18852719778781
-52.49398492459053
-9.386214525488937
-20.234704507698684
-7.629678888185844
-48.89577112985697
-9.360873890625742
-5.690995878983769
-25.963643872395906
-11.036893029282943
-5.074960547614619
-30.52271446221785
-17.039559993561696
-19.96390632373748
-32.20815414773264
-319.55970003634366
-4.707811861018082
-6.759561050677668
-15.152025658692805
-11.275471388330443
