-18.99265686768185
-9.900995044388294
-52.615850197818325
-30.856693393917517
-52.30557467722143
-9.365589384692754
-44.93598807224823
-6.568030914348339
-5.087308715462793
-19.422201235373098
-11.220698808704379
-19.919669972441174
-32.78948772793467
-37.379334851803925
-16.255646940115653
-26.858475154184003
-28.250572925277787
-16.32327955932212
-16.03339073911914
-12.443937776168717
-18.759047744075016
-12.88952852951022
-7.424201112667242
-33.76417243420612
-6.783217971338328
-16.009851207368975
-6.067629549407104
-12.090969546407587
-3.6058492622574576
-30.368515660339135
