-5.64897611677141
-11.240492005523855
-16.51426245207848
-3.1746569764859762
-14.673226703163795
-11.492233657923519
-23.76534792459885
-3.8445788937340932
-24.61412794684625
-16.251090620549146
-22.591616105401293
-22.280857924002007
-33.211672471219266
-22.682219118347856
-28.814183886111916
-14.865605209849136
-12.31468824186511
-4.2732050154653045
-28.5347079740646
-14.671788339405607
-23.44788871721948
-24.76906663479434
-41.3591707894576
-31.507896948794066
-6.536931828345221
-14.817590166853156
-20.834656688009957
-12.218904404386057
-12.891260181079742
-2.8161586819428095
-11.43349927350663
-32.535171594345876
-16.792960572637597
-14.54289027493342
-13.764481409145905
-1.6777052527130953
-21.167583061958297
-10.585311552428067
-22.942431675420774
-22.83001006232137
-36.08753991675762
-28.089684222264868
-16.438441039532826
-12.392778526090966
-28.71673301352389
-50.71691947932611
-7.80212901463559
-9.16186129678061
-22.604318928752487
-2.370856327042111
-3.1061277723133323
-1.52073844071214
-9.236077393004555
-12.896761660157502
-50.8428263856543
-12.465486773877256
-10.544101408347988
-20.492530101318057
-8.589759392760692
-36.60363482280778
-17.76819645358969
-70.25898690390281
-19.582234755898703
-9.766883097463761
-14.896391022178602
-11.079566880812648
-38.881622429964686
-6.335492530387064
-17.352344502138713
-26.338497818675346
-2.021086581292374
-22.833163992467426
-30.388238934821867
-32.531881631754985
-1.3223680018644028
-10.006900486872064
-53.47090660551287
-7.030327058381839
-3.9621201166620637
-10.728859564406717
-9.759208027845906
-23.11219032857457
-26.447571439312355
-5.085232402410312
-12.41634958928498
-10.237158409728615
-6.038551307028231
-101.9523690757487
-30.19242898972709
-4.971009933278994
-0.8950917659530189
-10.963214419503437
-7.445257596293582
-3.823069012179872
-19.972745858004252
-24.02639371320354
-18.496434918231603
-10.638754027956509
-33.51072982928409
-31.319453478663366
-40.36054398814622
-32.59386459237816
-19.701135780293754
-24.019834213044565
-11.223951704609952
-36.09913416556926
-19.00546728222642
-8.592639529483906
-9.961443051775916
-30.79680113995119
-26.50324156380302
-18.156592663474683
-18.397685015071303
-14.353985348265656
-13.868676527958621
-22.252455619256782
-46.976694839728985
-10.650940339917495
-9.08914861033595
-21.686978387274284
-25.5783001048152
-1.2600441131661297
-7.262028999724797
-15.862290256781304
-5.2204526272464875
-4.468352140155834
-10.315045137728157
-20.60471434622163
-10.659473612179397
-8.525255369472012
-49.134117011373924
-49.82539436082157
-18.126841199742614
-12.029817070855353
-16.268911068564083
-28.361948949445587
-2.5217940116831064
-1.9904382561947802
-13.316345961234719
-3.881459301326444
-48.129053231114035
-6.289435646572876
-49.41067470585924
-20.6041115743479
-14.092593195443749
-21.301567558729836
-77.53067902551237
-9.11310610235468
-38.16595097365385
-5.1370303910708985
-19.878763226562075
-56.480944222076054
-28.833157027656377
-41.24822432005039
-24.61347553079755
-5.442952303236202
-6.650290252709786
-19.144458965708054
-29.441369907256195
-30.392256517223622
-30.625724518197384
-26.0370394976309
-23.642309981569415
-19.486967726481467
-7.043934231278137
-14.7618448733363
-35.44093489913353
-10.670184650190736
-10.66506930880482
-14.173504704756459
-5.77408140466066
-47.505705830325034
-21.81430588496823
-3.9205789817543493
-4.618752574431725
-18.775122405700635
-29.73259158254906
-4.697781737524644
-15.815599375654473
-28.24037409235891
-12.708709076966771
-3.3353824554230616
-1.1930775562462903
-22.88685135678918
-12.457104946135749
-10.649814828529792
-7.484220675880971
-5.410075668687785
-22.91196911034864
-11.387536989208213
-5.16029346075766
-41.6243386890255
-42.27445310425237
-13.66554414399376
-9.293018636332269
-32.12130853728361
-14.846278641106105
-6.4259448348368755
-38.863360283607285
-17.601564966603622
-5.87728716095552
-6.175771381830612
-4.608355283448983
-57.07458363267042
-30.331580435905874
-13.446914569111312
-12.694320197854983
-6.716541602042018
-8.170246596381144
-12.987295833370124
-13.359566147748362
-3.8066529855517026
-9.834457958255543
-10.569853531486622
-12.566936108377439
-3.055081592989108
-68.84180878831961
-38.28199493364027
-0.9417887090523636
-48.8701574857731
-15.932102091594981
-27.79398918654581
-8.641266115713078
-36.74936554879456
-16.3113287915331
-3.0802553182396446
-4.088661335460705
-8.1864878639633
-16.594730377093263
-16.756117129200625
-6.7577317917951385
-13.594462937594976
-23.853042684412664
-29.63718106664486
-46.35881786458764
-6.828006933585502
-45.006484870294756
-37.17794055376956
-16.382702715038413
-8.68219663885009
-8.563684001336847
-23.301944931929548
-26.363847968743205
-16.111889609403498
-68.3061967364869
-5.244571919841603
-15.912300948699208
-8.81862978438582
-20.653249756792075
-15.253811487568072
-7.910763015754063
-31.28896386975384
-9.824839364473922
-18.560352466700483
-21.756144871763862
-24.47643129101324
-12.888454160726178
-4.807581173582735
-10.127391777039135
-12.802170991449687
-14.121775019278191
-14.40768318421405
-10.05773582341315
-14.573818352403512
-14.303783292328513
-10.139530341575488
-4.7997761304047035
-3.1673881146374963
-5.123746587491505
-41.857647978649815
-42.44507082147314
-26.76751952794575
-2.657282291138054
-18.751871419533575
-27.139938791732337
-41.78517584664337
-15.134830303201142
-17.823607284284964
-8.784215753793944
-47.66055287002292
-35.92968446461584
-22.461026321021166
-15.999860459355702
-3.1954375960170975
-42.26409795830003
-16.16180983057188
-52.70622549756179
-61.67496814494889
-10.257110162072815
-6.9724303648301955
-4.37122048739252
-29.36012838423445
-26.619837998736127
-6.871548157610495
-17.607075437711188
-39.554362093446564
-11.92254754122955
-32.630961466997014
-21.61483817273765
-5.4441261766995295
-9.11998828589209
-26.61683000548577
-11.838598980347985
-29.395417987745248
-27.117096388995503
-3.850175768845451
-1.463539116655078
-25.385218111086168
-3.855843888765119
-27.7321657630176
-8.752972675605893
-5.147286100258389
-12.610071993333891
-9.354813186816093
-34.969418256766865
-101.60061413196338
-14.591605111299568
-2.970391895364627
-12.841723280784132
-35.37182123302263
-47.89330336610412
-12.276534925059387
-2.762208904657582
-70.36355611269015
-17.10058899592671
-7.252684673456173
-7.532110373920992
-23.673235577445638
-39.43020583730407
-75.58963753766675
-21.74209756101051
-11.124408124848713
-25.789061578989628
-70.8529000702859
-12.023121009825571
-8.19309607894258
-57.1202190976777
-47.220310027875875
-2.5893378404882146
-11.229163614234857
-37.09801059331679
-7.402994861135538
-21.75580420193394
-6.91087722634742
-6.4437788481401395
-29.968201820597233
-21.478833942752715
-18.814693321041926
-24.160153352855307
-2.8865880105432065
-7.837824475737002
-17.785098201840928
-44.806930290744866
-15.554369725691705
-119.71886653035381
-17.382110437799117
-38.38979291131614
-17.63124616628429
-9.69430932558725
-5.613314412500419
-12.315088021380475
-19.666152265360875
-64.77642222024335
-23.75905096871232
-51.89024425560839
-17.646917187039584
-15.070975178731254
-4.082493834157854
-142.04779671484562
-4.859258402905221
-20.457259644144614
-150.57902519075714
-15.840272834617743
-79.6101951497322
-12.725334866730192
-4.386240836143772
-24.79274500901601
-5.591033625232562
-8.42770072289651
-28.042537445996214
-46.912476694401
-8.471258460978182
-1.862185310800774
-16.933724335606225
-23.716317568459747
-12.059605955304155
-0.8057283644991071
-4.095199731373239
-17.299120297181897
-64.3081240668052
-3.2468529652819753
-12.576253804093682
-30.731833810728485
-37.288376952589424
-7.55212364972852
-87.25686449617625
-6.220152833095909
-26.657602823708046
-4.388245510663403
-7.64930478285728
-32.998628426045016
-15.754548636033968
-32.88016242691514
-81.51160012202119
-61.35103588362584
-6.7688293652650815
-4.936124035216388
-3.991071758648695
-28.929092536335663
-6.5459770835512545
-13.524751783064952
-18.049170586881555
-10.513282084257405
0.7199106164991095
-13.201377577464857
-9.854407861750227
-36.97788360573755
-8.54383230933785
-13.074746865534243
-15.25158460379615
-16.899523316754408
-11.498741007724258
-6.086007721062918
-20.194654569759678
-12.187016107968825
-64.81614726127194
-15.352790325427677
-20.702528313704637
-60.08469486206715
-34.692876704372736
-8.023199672352385
-8.331370924559016
-4.337142346808187
-20.25225016794467
-62.43996887420441
-8.086070390708967
-20.84563855659713
-29.888751661740297
-12.861775873757079
-4.6201587312531265
-9.033664552939705
-39.56283933210688
-15.742273841766314
-152.0568987133106
-5.208745897355453
-13.593871073082374
-2.586778589407588
-60.46039723905131
-14.013536108872032
-5.936713624390735
-18.400498607716138
-2.9909082440893417
-5.828383658873888
-10.84242278902929
-17.31223090998037
-25.723338368400427
-18.772662919844258
-35.1406253861851
-45.04368447020229
-24.174596995862952
-7.765357052007264
-16.91544164302806
-4.116815498118922
0.3711424524325114
-35.107960906526486
-4.075606453172666
-37.85007080091388
-11.059803180773914
-49.27769307784151
-6.545785891057454
-10.495361236122058
-5.244241662304223
-3.8870200989968895
-22.844497856587232
-3.9115007146256215
-17.34401569350136
-6.434887223826301
-10.470613311475052
-38.956021913536844
-7.751268439591413
-41.41113109506064
-15.628286840166812
-16.24375820746847
-10.196430249336615
-32.13418222905766
-10.984244244824993
-22.30009488148996
-29.556565541550793
-25.520823667075906
-21.059624064561206
-36.376457668840956
-8.405091261816056
-9.013674349657352
-6.41338692256696
-38.38000847860983
-11.780695713617044
-6.852537522814051
-17.368399020027706
-9.100931117563158
-3.860538056635647
-44.83068689815335
-9.743846249565774
-5.203685146051621
-13.917967641776666
-19.68900843230749
-49.013697035415454
-29.39035794767323
-5.595060907550012
-9.372168385038977
-110.11899504724198
-53.19208733194999
-26.25214020312511
-38.99303682856989
-6.052196631262214
-14.034810414745946
-10.934740548362177
-10.439384675069991
-46.2002440710556
-16.61229308003292
-4.464987920949779
-31.151583898870175
-15.187447135647664
-7.603698218725177
-24.98861067218197
-12.037798304733212
-32.429913854011865
-11.185585387151932
-20.277736966588037
-79.0465936675863
-11.218644168259178
-36.260917240584654
-24.331909718059823
-58.68466484927277
-9.034845244454353
-10.456183259616946
-9.132258296117447
-20.447996859831534
-18.683429177709943
-240.36979454757736
-9.82295677398196
-6.712672880590655
-19.677984167520087
-9.503376441301322
-8.145744167380336
-14.135232881204944
-26.014734674730718
-28.19933504011305
-4.4582463186635914
-74.48059516965235
-4.749318299017633
-18.121622158037017
-27.17513471889526
-28.97677281364681
-23.59511668935581
-47.549485394481906
-16.007265002105473
-49.91580005862541
-35.369269535378834
-4.9877556513693015
-22.513236847854667
-8.224611922834058
-19.01248680472314
-22.43782882141238
-7.566123176401989
-112.48899963080936
-2.0620648408733118
-18.13538422607052
-18.57274562675673
-49.05868799917366
-4.637504738649845
-8.086009110240488
-13.669534920924907
-11.572105329681442
-13.500770399916508
-4.619357417037735
-1.7456497033629386
-34.02764242881324
-22.049378417038834
-39.63531490518844
-5.4847989904331484
-14.986098164364188
-82.8089973609673
-13.877569788998004
-36.54203158168582
-2.3501494022116516
-9.224020775117598
-41.88232039720144
-25.954721961693075
-10.975651957907377
-41.42964830163785
-56.168162930469116
-9.339501361244706
-4.2979022187582645
-6.8206561080306
-29.30611335469579
-35.283225515385695
-40.30224558649882
-24.92744845934266
-3.9547300422362177
-9.773419204891747
-62.31858524019059
-83.92298013436647
-27.17668882817607
-37.0018895265988
-5.472865953059792
-16.19182028047018
-24.56201180117275
-4.449965869625804
-18.556364495802203
-74.4190550552904
-51.36293602828154
-19.83019187428593
-34.09869650275909
-5.927990706154692
-69.97487567192722
-8.35569958569161
-44.122239923389934
-24.30639999314593
-53.7167121952395
-15.077861986352543
-10.12748540324996
-35.60140404651525
-1.8970826949805344
-8.96272442304559
-13.660684823121114
-6.0997685388265905
-8.421751609609306
-21.26207536330602
-6.1128699172758125
-8.219213682581291
-6.6389788200505775
-2.3189820838232276
-4.926718925081937
-66.63976788025492
-14.06836987837217
-5.422992256041156
-4.972355827870632
-18.002292744669273
-47.40156745653456
-9.287445626972012
-13.653573062230102
-10.29605594478554
-25.351900454119424
-9.758493605228836
-6.082895660014669
-14.10540558487147
-18.081279282847635
-29.316703300604342
-32.830063075027475
-42.85841614510559
-22.385324551207542
-23.167198773570355
-7.175322826200922
-15.813324728555152
-6.496617811051846
-12.54380121340536
-4.37805579447254
-9.353265756962259
-27.314533880965794
-72.3501805001902
-22.707357239645987
-41.18663154319207
-8.513066074621156
-3.5352643740954064
-7.713383306048974
-24.320822728519424
-10.499629029591839
-5.651728933425949
-18.51634299264149
-16.793083088889308
-15.175477101830793
-20.265738750737423
-7.24788778333003
-14.638512507480526
-27.37876430025761
-8.35778985399578
-22.04469825143063
-7.616037296008568
-33.43824262513157
-3.0360897745403443
-6.043441613669723
-34.65089056529245
-16.07267122800048
-13.998663650311064
-2.5956283462055207
-6.003859388148714
-6.939722594682819
-26.79042369845393
-3.0434053211709475
-18.613858406303255
-18.8273986962828
-24.168403281035857
-12.342770056829703
-14.108408404182292
-30.516914132636124
-35.319483022978915
-51.87323614604551
-4.34769991546017
-27.114575895146682
-9.052127309551734
-16.21190445385871
-64.60920923707518
-3.950576339059727
-5.546184558762564
-5.715053720579524
-50.60134818570585
-9.650691047245163
-19.139274422816246
-42.2078004300763
-1.7820880817096876
-0.825075233608686
-30.266295856797466
-32.24968712126693
-14.102863963504523
-8.350224712784325
-18.3018372019796
-2.177231630858436
-20.043690654994972
-32.92965311948627
-8.473040639967806
-5.095609493633115
-6.111775130912411
-28.709106312654605
-5.84600019362942
-26.745320527267378
-2.834298877490271
-4.736681321926378
-36.60422312176584
-77.8094817628389
-12.272334671211494
-44.97836027999174
-14.657031145894074
-2.8060656169488545
-9.811182104927726
-15.708774353242642
-16.932569269482094
-31.853177468176586
-27.082404639811653
-12.871689283708422
-7.231293840068248
-14.784280747648399
-13.91468723790952
-31.111917637098358
-8.490376701280953
-14.658831496256074
-16.93761929643977
-15.560650067917987
-2.1480684196730095
-14.982903343637247
-13.626484341831839
-5.984517423039287
-44.22323128592955
-22.563202756115526
-15.676089870488308
-19.270499962402138
-12.723903181830682
-5.29684208493105
-38.710439158304816
-38.717333019070416
-14.101616133660494
-5.78480775855585
-112.81204841750899
-5.299015296343026
-13.089172214955852
-10.617851087312294
-8.031848145246947
-13.795449558399607
-19.959693053571154
-86.7013847567246
-28.427377986458275
-4.73316078335029
-35.189713891858844
-22.388763280898644
-17.410026047939077
-11.129317509083382
-43.371323129590884
-8.34567676821569
-30.5471856024656
-7.329202091818156
-2.237582115586736
-6.285444297324471
-7.879775054759384
-7.820127656394967
-11.557755191662693
-44.47675675900352
-7.347353774979921
-28.061511957364214
-23.594589562106712
-22.977264011353288
-9.306249039774048
-1.3838747611435378
-43.392060177504646
-3.707970152928383
-20.79207159407854
-5.989307576986595
-1.0494063544619467
-4.1891979729419635
-54.13246836402234
-31.49763749032485
-17.853636763604754
-26.06320192446645
-2.739311719356737
-2.6183211031159632
-3.6448647718997362
-24.916499920423092
-7.348741030680692
-25.274547316833154
-8.40286967875595
-44.482607224638485
-78.51256125146688
-10.095379114055143
-9.078467802920738
-55.60088962940668
-1.1403951875679441
-4.28200561411892
-8.31546114747637
-22.43812808317317
-3.1070045822117254
-11.25162495129086
-19.876496898620136
-9.699280083179122
-16.42776122011173
-9.3653747857031
-3.5719203786176967
-15.628782148012455
-9.23979688552334
-4.903413857189124
-33.867971694069794
-5.057483213907241
-41.916488130607966
-27.618296514036754
-22.938755889733965
-25.06781125522586
-27.474803309157533
-18.717629052534598
-5.330241450114781
-3.5073069399781622
-2.696397351271964
-5.462892341435575
-12.991022811132115
-20.827336653351114
-28.428483436076952
-7.279093258276591
-4.481249402106788
-7.27742422620265
-3.2261834245869783
-8.654867690699184
-10.9018301507797
-80.01394077950684
-55.78113614389185
-1.5804944259593425
-7.465367265766804
-12.302965144166372
-3.147221882945146
-17.74603585449626
-47.94693057028271
-4.892234545321304
-9.703760330977842
-90.21463496025214
-3.442903595905575
-7.78447853568497
-23.263996870747278
-9.865443219972631
-10.214012396410567
-27.02666765531662
-38.61098530629391
-32.91928686327911
-10.073318041784598
-29.703477844698334
-7.5750751107659795
-31.114937112485684
-22.938380245378415
-15.345100984204771
-14.54125456890725
-10.696240460366306
-11.38418118543501
-9.805940254058118
-4.51300456862429
-9.556788111662055
-62.926568789745254
-11.051546520174108
-15.437008170667909
-16.48557839871964
-23.588123452397213
-2.5330442861186113
-53.143699326184375
-36.682718381482736
-30.552396220724223
-7.188666153612122
-16.28581938484678
-13.984663837640854
-15.818755673519922
-31.20553204001283
-121.45468583153591
-12.012935590998184
-9.42334806756139
-3.371951327248289
-53.99306455550784
-5.443498147086442
-45.181669734029136
-2.7413201245408114
-10.869903234271472
-3.342362576848325
-20.62122596520501
-3.576490939273248
-7.918157490845103
-23.351105355249086
-22.185534106300743
-3.1478094455099854
-10.265645049178785
-18.488985266149857
-27.18742308148671
-28.869703324757634
-54.1747871967761
-22.80196229312784
-21.844548352322803
-77.39640839176103
-8.067701559368581
-15.00555487472698
-20.34036736977573
-12.99295221487343
-37.71623107985242
-42.69607059662918
-10.828081807387498
-7.723052444551425
-36.1453008836824
-3.1074430780709807
-25.378644510889668
-7.507150745402796
-13.534625322284485
-74.65746739973922
-34.94283222803769
-12.777126520501634
-8.323590740430289
-47.20917720032161
-7.232202601536295
-20.00285539635383
-34.37207898409118
-30.656039250514713
-18.84896372499674
-4.240001257911589
-22.243397935828742
-8.18796193096412
-32.54403287087825
-1.8067243537281366
-62.85942435542896
-8.08448983760949
-6.045384451010994
-57.348154179706334
-27.813306678967297
-13.51948943612494
-27.854619005534612
-12.976513976874575
-12.112260488304754
-27.77232431817089
-26.63631066420321
-2.010857841503644
-25.188692724071938
-18.957150371469208
-4.439723626974674
-6.923197262117443
-55.952057486024636
-6.134314212709619
-4.469363022403651
-10.755519724644202
-48.307467359710905
-20.612962998403873
-7.192790028275099
-11.44962979851959
-18.85180757669473
-21.417586798896394
-5.963343719796473
-1.3218368343479507
-9.556213479512733
-11.726180085732299
-14.41237780753604
-13.127569017621743
-9.013415842190657
-10.033364784391415
-19.11581306435585
-67.76910390082506
-44.63225482247258
-4.485592389083197
-17.424581141204268
-4.2421861861246795
-59.431821802248365
-20.789284929845472
-44.706976559355745
-19.278659167020717
-3.98680167413382
-14.000151621100642
-4.3941836704300785
-7.410754614884009
-22.105785836489364
-47.90111222181873
-46.705879763325534
-34.14830382297402
-31.738123055565843
-15.006742641803537
-35.01486268992516
-3.8602880424598416
-29.865265169707847
-17.83540780907242
-16.641781782735432
-14.449250114093
-8.395534166965525
-3.069018060835248
-25.818147489445114
-15.869160127106529
-3.999993454487
-11.417358490705654
-11.883997962634169
-25.939843565425573
-11.098403210433753
-11.089919877683965
-35.005100100638494
-13.272947854263514
-9.174258484237654
-10.901183495757017
-10.334312829303329
-10.315126704153924
-24.75410898712317
-30.978349435639814
-10.059041645211018
-16.972063514876982
-9.357208082882122
-61.375113521108
-8.40214645861385
-11.89226405421109
-19.557100931345648
-22.651944486502906
-48.68261478147772
-13.413391772404207
-4.4965559142817435
-72.95986332039602
-26.604166581726467
-4.810249146192863
-27.646705628682533
-2.963269454042578
-42.986624033562634
-13.843586303034405
-5.6960115139289735
-11.338033176727935
0.8798287276444283
-13.268296603820378
-2.415588306341513
-7.54916311556984
-12.634027965202005
-19.480699709168743
-13.621004832692785
-69.98958296734928
-21.43169808382083
-25.453864840112416
-36.739125889555126
-2.6703287294196314
-15.790432304117976
-25.18590716864347
-5.122464951062159
-11.273404128150533
-6.4515458045305465
-21.530509751948973
-15.009446717111187
-17.598909548566194
-29.891848645906236
-12.92145323822232
-13.005837818948926
-22.58730434470063
-12.002753355602099
-26.21967335047076
-14.903455658242908
-35.06508870489206
-45.99236272169373
-5.727579362169296
-22.22474725691992
-59.93482312316282
-10.787313902129188
-28.613914588966004
-5.249259685084685
-32.02705724204126
-34.61157584704656
-2.638672363797321
-23.754817481754202
-31.044113783983992
-23.299738470959387
-1.9603293060030207
-40.304839549388554
-7.575071253207872
-11.706912768593849
-64.24669465192434
-18.486035441392513
-60.66901151110005
-11.9115308781069
-25.552060158957474
-35.37680068431179
-24.05519162461223
-25.40146289478254
-16.299029510194398
-18.242829103725555
-17.011379167397113
-7.590764590981258
-14.012246891140427
-21.07328254732725
-71.93763597107338
-13.736325906853729
-16.268064342181425
-8.487391278530305
-26.20093419870302
-28.912597038989365
-40.77608348004933
-10.063753298500812
-44.34017644883992
-30.90658044527877
-24.666822462908197
-5.023216408756077
-9.301279716251898
-3.4096317313650255
-11.294612850166438
-26.87188781216231
-13.361616015794503
-4.4068552828026935
-6.798132693405877
-8.18487806877347
-8.938849704935981
-32.76079308044308
-23.958854588219825
-14.253249599316613
-24.072513288479016
-15.770743984416173
-19.99785845765239
-3.954106101736666
-50.15127748185042
-26.135690897275143
-9.185194723601077
-18.02004508038474
-12.2482067814542
-20.42816137103131
-21.14935018250021
-35.104649072303474
-73.59256733161963
-52.011342345759346
-45.51643770557104
-4.655480206561872
-13.035464359937004
-5.378432682755743
-20.721076837527583
-27.48554661358019
-5.793830616534156
-13.342120024054116
-6.521737686623557
-18.683622530084094
-4.831197664279065
-20.413450484256572
-7.777537439824792
-43.26526279812588
-12.555220111161917
-6.715904986290748
-79.6662758538026
-11.036207158797074
-34.34208416564765
-19.47172267174683
-10.24705296845578
-44.22628803355249
-22.488488998005277
-22.53324804371658
-23.910147379509922
-4.539338699994228
-54.57213458081242
-11.704730037117596
-27.247846106302074
-6.1889175489496795
-3.8682979322393445
-8.95534910502534
-11.036855671805906
-13.296337831774114
-12.712041007511816
-4.714549983071435
-43.53290128990105
-48.87079435274111
-46.09257953963159
-17.523483996725876
-7.1657207184752645
-9.851244967379053
-34.09792346423746
-6.113082310022573
-28.94699674297755
-9.102754080360311
-29.345285070718095
-19.570619990455825
-10.332368339232683
-31.577684609444898
-10.498020393342797
-46.78355588427868
-20.67252437113515
-8.254600506510647
-5.608005795363908
1.2175527079987931
-43.408877723771006
-22.940356906843302
-12.810944184229339
-7.384430438374496
-31.52242406285432
-26.87254182121334
-21.552522990940055
-14.71320800230313
-42.20259147789761
-8.667390752774523
-5.836763645214427
-4.681557577811244
-11.24973246674678
-38.3826089381094
-8.123337266292332
-9.998066452290706
-19.96038114843828
-2.1133740543739634
-3.550826912891765
-3.2475286220148605
-46.14581699989605
-34.41509325590383
-12.123086796859461
-20.79489873999369
-20.976677207132376
-10.119648706441383
-43.23182216032522
-7.127329102173464
-11.598375108353359
-14.001747154391786
-10.308770601461333
-13.477241628788745
-15.32369902931158
-41.746773796371116
-19.877632013391334
-67.26472575632633
-17.470921106091023
-9.892691252552014
-15.749458734833912
-14.232907506381581
-12.272645777007316
-6.8890710668579525
-22.721035464237833
-6.742298904515023
-24.126921711465357
-4.2392987317536726
-12.899040012585154
-4.524317384621489
-5.895928636053161
-3.674868342151375
-36.50013277097907
-17.731313512704773
-44.990241960700864
-28.362727439692915
-45.721631712058056
-42.08716394765431
-14.418439893276997
-16.56272433371089
-23.048040788942327
-10.00751549665751
-40.81559468408126
-38.63201638075329
-5.384474902550299
-30.576350634319624
-7.439790645936157
-5.484507415320484
-18.616156489601856
-5.636323492162536
-19.25875026876005
-73.54573556478691
-9.828027551357675
-29.444633725373063
-9.525985678382089
-24.2554685002067
-52.92150802948026
-43.470427591831346
-22.768382968549354
-14.31225173401344
-1.389683218372391
-45.62390128988503
-11.664350482347917
-38.851245248880836
-20.076874407851964
-14.93341942599418
-28.24725910194383
-74.08112043914949
-4.922518822922
-10.37047072863018
-42.84178232471506
-43.01070877434062
-12.244426019844425
-51.10899481297558
-15.75286908579245
-39.25917592244523
-35.73561085001609
-18.97805422512947
-10.068464356472177
-7.76267040222324
-10.392746757480966
-10.186831778167786
-16.40814495744889
-8.162147602525375
-15.599468484852425
-19.962351175778224
-9.348756888270774
-29.60018232122853
-4.032133198840841
-65.79121470434691
-19.136183734227274
-14.40638779357698
-15.662098255068697
-2.0718622635963277
-6.033579218374722
-19.028098849891403
-3.9423471713277745
-13.793811729628386
-16.30926506278963
-62.41951537006815
-8.655225645740545
-28.704279033608028
-8.921038309034282
-10.748851892361506
-67.50092691783239
-72.27468573884813
-0.4118130239540316
-23.437395192185548
-43.98379761572544
-29.351726483515783
-10.048689306416819
-10.189441288591246
-65.35580066077347
-8.565937783666254
-8.01217591526863
-24.017146994633915
-21.958025865623604
-22.156552403831867
-28.944563040109205
-5.219960819709718
-15.260206848637331
-5.313866416620079
-5.983089114259654
-14.255051689526052
-14.372775823371486
-5.257511351323712
-56.230656263540055
-17.604356549702203
-14.240896068435044
-33.71344785057404
-7.015052639353314
-13.546179003019045
-16.437582622048108
-13.248589808482668
-2.259764933512396
-6.710110115539712
-20.11859853495914
-36.20612538565418
-10.794643012322288
-44.95389345429863
-6.022031474296723
-19.016924994908177
-10.403079746662934
-33.10410959174957
-8.408779201188597
-17.571759076602113
-15.532788485260516
-3.726063272355474
-18.473102133443344
-6.738549470145382
-18.2436421401072
-8.538751808113256
-15.838787096927087
-17.22200554030234
-3.0350647354296747
-106.58389777285382
-23.833442688072058
-11.35444827349856
-6.525009982360664
-12.732376498786085
-33.08350819778457
-67.96432722908109
-8.514510660347266
-83.35639213783263
-55.27873776131611
-19.4817748228806
-5.411482741448137
-24.329728268594945
-18.81218897769369
-43.138275033478536
-46.19100303147963
-6.7232801825943245
-6.229044910890107
-2.9508160637457737
-7.784066279857895
-113.2717313380027
-6.563832832813376
-2.8714786633692495
-9.200162931773473
-17.94264292252361
-18.179306865136883
-29.584788941858648
-13.110033451087258
-10.231041247107928
-7.5448450076564075
-8.489378670252764
-17.111958570748843
-101.36283387777026
-130.58870873388187
-50.728259995338995
-30.598004957423328
-6.675189945673087
-3.77547143217405
-24.809437615281503
-23.411728792432164
-14.089174417273322
-79.53210075438255
-18.35206906756468
-1.2831327749972343
-4.908080650824183
-50.3385210317741
-17.091394561415562
-21.40684797203479
-3.486627991267527
-14.633386288893316
-16.696299475619792
-5.213289990859362
-1.610161423907988
-15.513699743031667
-47.017250737617466
-53.959931161010964
-2.4661383570389743
-92.55764707066044
-1.8067243537281366
-8.420710782353709
-7.7969393777855025
-11.859667088842938
-17.7187213607495
-32.94313740356949
-22.90454434053753
-59.91384860783967
-14.578172332963621
-10.147675685050725
-4.163750191896903
-14.827579301541258
-6.495363163047453
-12.95411618513761
-13.252721967737752
-17.483346024361964
-6.005894498634041
-10.209136546398513
-32.26432678572924
-31.965427313996045
-41.00810540642847
-25.545162499160142
-34.61516235615563
-3.77301259731955
-151.6437510869675
-14.421750357597318
-64.65943993506127
-50.4296991035536
-19.619292854972848
-18.235841770695217
-27.490045292095488
-8.911660551836926
-37.225120764471534
-13.690233720629974
-15.787080042049297
-27.380699296861724
-11.701683477640112
-17.496814624548634
-7.87813546832355
-37.74476770692591
-22.592831953817328
-39.372347797114344
-55.879530139423245
-31.90694157612811
-74.03769738744012
-29.61211084483085
-72.33307072163284
-116.42191233480585
-8.259736096222415
-9.080307337375723
-6.335687583671853
-75.71224114287097
-12.672746075329348
-4.545516629510755
-12.102896964286119
-27.740518163734883
-19.670041869686397
-70.86811372478267
-6.02058197606738
-3.702639449505975
-18.05006421638457
-11.895509629586105
-21.806309031840698
-28.511802169003495
-27.99240681159944
-17.61736309867943
-16.04185330667512
-99.24948499525259
-20.551456221773932
-9.097227971475908
-35.44591572170685
-8.317721572845267
-27.85143362374383
-17.92780434444518
-8.43167844673109
-7.374116549902862
-7.782925701879318
-19.552973917643396
-13.301001742715613
-19.053236797181942
-17.555112095116993
-13.819039100645831
-62.29048450215964
-7.666022843037929
-66.58230931480814
-20.257579835649885
-2.2081874350800366
-32.64243856447785
-30.507297480858487
-8.607994363898209
-4.538680534009742
-15.587862409310747
-89.52288425139803
-61.26405448994774
-5.434644082887099
-18.361201794142655
-19.292373337093206
-28.689966767549635
-32.28059197506673
-17.084234985936384
-9.099097930097102
-11.726041432658615
-8.474670313093352
-42.93515027671926
-8.312865863180967
-13.851795697190365
-32.60366298187713
-14.152978878154403
-22.020579911200567
-16.646547447949867
1.4892590770447642
-6.8171660398783525
-6.347058960149638
-6.402108028004749
-7.692634547895058
-23.237605261874254
-6.067426239289353
-8.101435907667556
-11.17163764757346
-18.64796498762512
-14.771314543572315
-6.329291445387452
-7.622632781247057
-18.709040101999644
-20.87156087308375
-18.499595402651224
-16.30248897956278
-13.101780262311324
-117.0422835877403
-16.091966042321776
-10.107739986992177
-46.42018858993245
-4.992846790662591
-39.246670189900186
-44.93531533721226
-19.840810593720196
-40.5368679653206
-27.711673671267487
-24.425862402095568
-48.783866866348234
-14.268331522316004
-42.6237135772499
-21.14733257245007
-59.797474833551284
-13.274804441949096
-5.215720567415153
-10.966050917240118
-53.32957109210435
-8.006855328713995
-10.093035483675107
-6.789658187796561
-15.242125116830747
-12.38993930283499
-1.7820880817096876
-7.162166841065203
-17.62510689283784
-10.98332193491126
-9.51084413213959
-12.220270619314615
-23.656196229921047
-12.146139304707523
-3.061319681188281
-7.625896686405547
-10.7014950051346
-35.80759423170624
-31.008432328745563
-35.47398937656015
-35.90147139101696
-3.145542232449085
-15.71198368332391
-23.288832815013066
-52.37637439194672
-38.25682372718209
-18.257563984123117
-3.7014617384254005
-13.886140722303182
-86.79877842159627
-11.576419772693214
-2.907339895415929
-20.15411178004126
-8.681843670550116
-1.956179193076122
-9.132674162095
-35.06243283472209
-35.95369077351182
-11.621103445042136
-19.246738316404997
-22.783317564255007
-12.143879607371305
-9.933121867600788
-5.540720477040258
-68.46097841763059
-4.4089696379960825
-11.342679328414846
-2.5286803116740786
-9.451670395969021
-22.083352754762025
-37.848047221026576
-24.244544721276686
-23.853183737213918
-46.46545123856501
-8.054687801996712
-9.08003123291025
-26.398720326730125
-39.444228110700344
-17.851733596211307
-45.050205055806586
-8.705708134069544
-29.46638120462105
-50.44147837281237
-10.165648749187362
-16.537457619901705
-16.56615287937365
-51.532429914326734
-7.391716402240524
-27.39715377104536
-31.34740265660715
-10.086628077242585
-16.634832939025507
-15.927011858343231
-51.746523332675565
-77.25615900151247
-15.521680900074825
-31.925558883912686
-25.92550681183637
-3.4595878996174054
-13.34581647195458
-30.17109179162477
-33.848996956679926
-6.3453864494937395
-8.35802872838892
-6.923740533869138
-41.23994694505528
-13.558714049863458
-32.29484652638726
-46.539486174706184
-19.547217300890978
-4.200096491665662
-6.443194290214248
-25.844792484690274
-19.591241711607065
-56.99605698145231
-65.58431939320322
-14.624478023964697
-27.937351569902507
-8.59689709269451
-36.04844615886946
-7.823506063319137
-28.35412697349468
-5.936961924154744
-8.025838578632797
-62.49401850789373
-20.69348856765705
-9.932390198524926
-10.384921858963747
-56.72210795244847
-7.9865465119903485
-48.318416681832616
-21.706472450794422
-30.56935589381429
-5.25152645143098
-6.592121869776118
-5.327169975103677
-18.43431895505269
-53.91060550000092
-2.2424329768729043
-17.702619416970627
-25.528923889909212
-9.135127398086203
-13.612089164714368
-5.975774255422063
-34.4543712622359
-4.829329324795863
-20.743910297123367
-14.637613096310092
-18.75987653913519
-11.835403380760866
-29.11509239718538
-5.774263966293728
-7.509764526598235
-44.78576225537674
-5.896563846809787
-48.41743725312849
-22.09221557599434
-26.020578164326015
-3.196670081233132
-9.585330622542996
-19.78334860354407
-34.54600687246569
-16.29735471844425
-13.930061240762493
-8.20568285916635
-5.856748225715916
-5.20285538358226
-3.565834452691985
-9.574568320612164
-19.823247770107507
-8.490548749751396
-14.506470661847828
-13.405462317204872
-20.64381357281003
-18.3955520335462
-4.46554622845831
-12.437016744769345
-12.685784579199469
-29.511739345878365
-12.342976170947296
-11.033477991959227
-28.118841957600353
-13.403850097018166
-8.766188232286693
-6.945066154552764
-4.732800537691948
-83.38769108377956
-25.99221078531874
-14.747573882756914
-4.051423040989733
-11.974659946149115
-47.253305842733816
-51.79557768025961
-9.054025503758913
-15.915039042308196
-13.38712641110605
-15.91433916098782
-37.58264674266869
-14.702119763815977
-3.236982467629907
-27.70652939034711
-17.016213589312983
-17.279965735398207
-17.390640136460476
-43.91365609822138
-23.83815154886963
-4.342604980538308
-13.786008780865522
-29.393961832719906
-9.754070552404757
-79.6014341806785
-4.642755746186526
-20.947623545985795
-46.19386234493902
-9.130133054045661
-9.200476768299215
-81.54833470860508
-45.115428821539226
-9.836952104392516
-5.074475968480667
-143.22316659263063
-28.74223780564983
-4.161268188489089
-44.029168579214115
-43.90316146318965
-24.307191598627377
-40.93119548292696
-9.460638275408908
-7.44474299248253
-15.88120927326452
-46.73487508792403
-19.73747526013993
-2.9306819064330867
-36.343483106616155
-2.1480684196730095
-24.66928668103239
-7.939427980362033
-11.325770003400162
-9.310223936476216
-5.368161647495228
-9.011912710583914
-25.581229539114663
-24.98855605003547
-31.06722909543443
-28.355946199496223
-10.98495057903442
-33.43080711807226
-29.084137557338558
-6.237755910150434
-4.380547654534399
-25.79678857668065
-4.394561529271749
-44.62252129603795
-7.464900708691075
-19.14139696465395
-6.037058624030063
-6.040054711651855
-7.400092509339726
-39.68259953033572
-34.976739841469524
-18.091219846923345
-47.361788127898365
-5.797307080545687
-12.041717078268015
-15.443285430985965
-16.68291371853922
-4.567689759143706
-17.27457112202626
-3.0799417846125303
-29.780504665280922
-32.35158887917008
-43.01614821431083
-3.6022636516840962
-29.97084266415234
-1.149106661983651
-78.3600373671861
-3.6055247016540957
-24.828353114981915
-29.619737684274092
-14.476233594781633
-6.741374944843019
-105.43622742897136
-3.2809711831097346
-8.933443024602195
-21.852864048425342
-12.080997250520701
-34.96990782144415
-18.080891394682226
-41.59120040251314
-132.61095921411547
-11.10499591588456
-9.797536228856035
-42.199181387866446
-10.754991618205198
-10.999868474853383
-12.778544616254251
-10.085213370737032
-11.936638190956037
-11.149840061588627
-16.30132376563001
-17.032650545238692
-7.175144836946841
-37.59798309194122
-32.48664207020858
1.5169086621780896
-12.507317437409089
-5.286491791100763
-8.468671793106648
-7.684072261811019
-27.193633861034762
-24.527730610854814
-20.24635660381359
-6.901568146042709
-28.313214291285675
-11.377974853225306
-20.361153093841086
-27.45470652857873
-28.75002109377127
-14.233580344885453
-19.96842849443934
-7.298894843534918
-4.5433624585695735
-30.916852875883276
-14.831045259900597
-16.975033471069857
-29.135540900907017
-12.492063197397004
-9.886466358075575
-36.47265158999304
-7.724813335370609
-37.4776131444928
-3.9608072787041433
-7.701460282210241
-15.248402668729687
-33.66745959758809
-14.711114793752945
-10.336791252366492
-39.90437366373092
-62.51181259534941
-9.853073473074819
-10.223239665501094
-76.0714558286093
-14.352374653311367
-33.11241969675003
-12.700699082186492
-19.516101697155648
-55.89469911500214
-11.124662074511853
-37.253768992305424
-11.427402147313378
-11.243104334411921
-35.26462947028046
-21.098422446824
-20.638650944722094
-11.040080776175405
1.2260619919922504
-34.26012949398832
-55.37368606296793
-30.465050572711533
-7.3630358578504715
-2.1681679358231785
-2.2968256841134926
-16.270837317904224
-65.85371854770425
-1.4542187681064391
-58.01945546428676
-3.9076952666275457
-8.553129425747855
-30.718447230888458
-4.3682850485362055
-4.748974302461629
-27.760956627811225
-8.095828844558856
-31.732355767233173
-10.572032458253473
-10.862381724375547
-15.380283517016665
-4.07056345935478
-9.800215354206838
-13.529792654880936
-20.225340494006222
-2.79377618253885
-32.87248955496838
-15.44833708440641
-2.192774024461691
-18.110453641135003
-9.701737493875289
-5.106934455892103
-13.2832802559033
-31.11645085717578
-37.612353594210845
-64.66866069839489
-2.4200980835977943
-37.53707022071968
-5.167363368709512
-22.928481652899006
-50.7708743539448
-36.667172294976794
-14.16938124087962
-14.42291777131858
-6.85562838035777
-28.088915625795643
-0.4746948956017652
-8.492070504878088
-22.06556113591577
-12.054378014280267
-35.38328179332056
-14.702225325254496
-17.630933572640295
-21.111253085348242
-40.764581270963795
-37.277002393820666
-47.94072029859416
-11.924712721999855
-17.77099477385599
-17.8644580949439
-33.18327751811859
-28.361456310145442
-2.358971388791677
-23.916081029938123
-17.160973999045208
-8.51928760411682
-14.763208206057953
-29.056427535620685
-7.690415428870107
-12.697518973435056
-5.369629300303379
-18.871198602836316
-32.81871556295107
-1.443321355955327
-20.169401588986954
-0.4435358409889982
-3.284107588557385
-12.072530164893001
-26.964682855334825
-17.43614772284752
-8.117360511779792
-22.37902838839814
-11.608525118536159
-71.90937733101177
-17.00935769079033
-6.219274142663054
-3.891109841987907
-13.205536949368211
-4.858268086231896
-3.459172750489365
-6.59339079166725
-9.292306197441569
-10.100434851312446
-23.97365480109099
-27.571339191720256
-43.3127126559499
0.20623795816642745
-9.600387026679108
-12.551429821592324
-14.070202048254295
-13.055295307325856
-5.660218428929986
-13.92889596411507
-83.4713939591369
-10.552963346190046
-60.41233404589298
-9.704180442092586
-17.1016645650649
-3.9338570228866274
-34.10759532521559
-16.285900767402303
-5.540097740534571
-15.471999949781363
-30.98636875244965
-10.421737751549653
-16.27853022248602
-32.340149274220614
-43.524714302061426
-52.711154338566054
-48.77683867655597
-26.16312809746023
-42.04960273928859
-114.56895898378549
-24.557781156701896
-9.069292035759295
-38.94588189786095
-27.74594217570663
-54.469144159734284
-30.06080216826831
-9.947233948744174
-10.079305138891355
-17.825299324865448
-17.193144235679704
-19.427625393904115
-13.68718780942507
-4.07455690486825
-7.656400743196329
-12.462624748484721
-6.900303119487988
-13.911226930945146
-27.899871230157594
-4.966728368329732
-33.32176539211105
-5.620025178035507
-17.393379695772126
-2.973087241368519
-2.0909750845243127
-46.8981172753812
-41.490488503410305
-6.3611738677802085
-5.588297173801775
-8.992546115566736
-82.05726376648347
-22.41190765429757
-23.48679114773693
-12.099166197521741
-5.474012605273201
-5.5199878712240995
-15.586545326370983
-19.33277397329642
-5.953139590279415
-19.188504550905744
-30.252163677861834
-20.187606027503804
-15.727334224736119
-24.852931100226968
-9.097687655956834
-32.50008157330482
-93.77792369740753
-32.24439086620907
-97.90938162149638
-29.99388887674266
-10.334346389783326
-3.51577109909469
-7.152436770383218
-13.725426231308242
-22.693178986753402
-33.60807357181059
-36.716118345905784
-42.206175823830556
-26.73532696186084
-5.860093967377074
-26.71429251520952
-61.867268335004695
-8.468143010481263
-1.7636374226796068
-29.973939586931248
-21.360264523338994
-6.879130529811215
-5.908562766564248
-22.972769611907733
-5.203185099685012
-35.63417771011561
-7.308238203290871
-6.6159654904078495
-35.47064341292592
-8.640567478921033
-169.91445729946986
-3.9367863736573288
-5.670327424990006
-59.096653427479886
-55.578347449499525
-10.153786447362442
-1.0968471551863683
-14.232623731636982
-43.624435609272815
-26.125794537653892
-74.48391155382542
-12.334118137657772
-25.602732801902103
-4.297113309580331
-20.72167989672088
-5.457301547981537
-2.9515196914492745
-11.945033630667082
-11.897750927450236
-27.211156963578127
-40.676272653208095
-65.18773865367879
-19.245986501411064
-29.71330396633863
-40.682718739487974
-30.912321558382505
-10.873749743364607
-11.129097295761499
-11.751345875211506
-5.965145599076843
-37.943878819832115
-11.07027950262409
-9.650712500372707
-41.71173116531545
-13.913638018770252
-52.615850197818325
-11.052200549997846
-39.22232336143529
-8.647000821936121
-6.980918209988134
-16.014269398969304
-22.70271962762946
-24.666427380870143
-2.155567025776491
-7.9015312256788
-14.058423753680003
-9.431749738800713
-8.31312018248865
-6.3615066589798035
-35.68827753882386
-34.49361642778855
-18.934157636955092
-5.684387708117691
-4.092505639556046
-17.464298496841007
-7.149675725114379
-8.425594356974825
-31.8763758478171
-24.672940214016982
-5.697966107679573
-3.5088317029005776
-1.492708967700197
-22.119232498576338
-3.400934589876039
-38.922069194813716
-3.669129201889328
-3.5088317029005776
-69.13599663622513
-30.9927819285303
-96.76244416605765
-21.339730127652665
-19.226197607261582
-124.11104894773509
-45.96329870183454
-28.927994555486986
-15.467099235471133
-29.823808161201523
-4.769729332478177
-34.68323301866206
-35.79097335559166
-5.080832779956821
-97.35359056774124
-15.480997555692719
1.921618189575752
-8.21349494031163
-15.760192364093568
-3.459762329939954
-28.70075557102726
-40.06657977355942
-4.188167042193959
-23.18655683733778
-16.182546957823575
-23.41041474821576
-21.325146026700757
-49.00272365981376
-2.129083902799678
-4.576536403929229
-11.501431448233443
-59.1810582593344
-18.769682953932875
-6.6149336604782185
-38.28514621144423
-3.1516493972936903
-5.122812643093935
-3.706312599711556
-3.363085869374868
-9.53591150654648
-26.98914755679602
-31.087185948696863
-11.338100220235829
-40.68760884068603
-3.2884135768540856
-13.88340516444429
-10.199898097251417
-43.0731387875033
-11.082979887691865
-11.539798507855702
-16.521994637272822
-4.657234319738781
-10.277867543556429
-18.09466634299955
-17.108128975584457
-8.951325877594451
-6.603092766410177
-21.8909488381185
-2.6426931004133785
-24.06632934289927
-5.835203209150068
-88.91126255547657
-31.711760044448006
-19.865296110649382
-7.40547449157335
-21.74380074420754
-16.436108604965362
-11.859063721159242
-7.793273179819581
-16.649680249719516
-8.358151364208284
-5.231550891419267
-14.329258529601468
-26.31409319064482
-26.08189371461964
-45.96254096147631
-14.643116333448392
-23.613782820188234
-40.71428560944384
-10.576309888017786
-60.4530377787625
-30.139678914000438
-7.1137377955875465
-11.756899478795944
-39.67827985560683
-4.552850534719268
-3.048658252131535
-41.93608821928165
-20.71929458615889
-23.075094631393604
-7.510102234714557
-5.646776269384725
-3.8255017633852204
-49.05881933755484
-8.458119516586153
-6.365347126934151
-11.131114503069462
-29.404535965004197
-7.6818915701852974
-123.15527101762451
-54.60995552150895
-79.5978996753821
-3.896363879212283
-13.972595654107145
-5.605062871976175
-6.617987690227345
-19.22899225235218
-24.988859595351187
-13.184086011283608
-14.542077158739149
-27.86313221238708
-35.59165240021007
-11.697920421267224
-11.366358253154582
-22.143758466402055
-11.266480993138298
-9.366203595378298
-6.796641955309917
-27.40081970392735
-42.51190606948066
-16.242834057734985
-18.695704396395662
-7.634181947232515
-17.301670362470496
-40.139921469288865
-20.517041613201773
-22.20108539104076
-38.09836886888026
-67.169800642252
-86.87553536142148
-9.289781541719842
-14.634175362960743
-25.127911384742283
-45.4039072500086
-18.316495943793186
-13.078088512783786
-13.321354206295402
-37.95673782941305
-16.454925655140357
-11.963092735749717
-11.39750707379297
0.22819435964570772
-2.4593117746318205
-10.801433808856856
-45.55455778294324
-11.475947937469117
-5.5014909309997675
-43.24466385031404
-10.045622889085388
-5.208243190492771
-3.43969212595535
-13.713608527086343
-4.642697043885256
-1.462225314317276
-27.298339725102913
-12.76347241348044
-11.877602323757527
-9.823165047151342
-15.210360876679564
-27.522403319155075
-19.912357548334313
-23.86919145318703
-11.44289507166717
-7.470247732920798
-19.85606958592841
-19.337908769773634
-71.54813926283389
-8.013849896474534
-9.134308583531407
-54.49740567688032
-39.90714660901477
-35.051343851507845
-19.385111986229507
-15.228612749324991
-24.1505434711309
-40.060126116078706
-39.58456999173587
-6.783435686509302
-7.6502780566042565
-7.700546473693829
-6.533164589025819
-8.630525955348165
-13.771113524608845
-5.170410223099762
-36.54661696938867
-17.716575049398973
-14.026174856507419
-12.775096330118854
-6.446657265142684
-72.48209255149303
-12.375879188167062
-7.992793563310068
-4.467266649717484
-19.098884622021874
-63.35322776646702
-6.5870957388656945
-31.12829810825318
-12.16423500720439
-22.488154789605826
-43.744051081001146
-52.8686294082847
-13.393643224581373
-10.034570423547168
-13.028936290738883
-22.654895634933933
-11.687915006483385
-30.713787194486017
-6.448145722992238
-99.7970206709687
-8.588208633462054
-26.727641804338358
-7.50601627637984
-89.91100868877123
-21.297554044301894
-24.452251145647864
-28.47985080889405
-6.9629128870318056
-6.48353753836295
-11.963371429953764
-3.904537001848863
-41.493032366314694
-20.576489389138068
-46.29719100937873
-30.556337819683986
-71.4557775276267
-5.419356995420844
-20.917866780063648
-9.767298107272811
-2.991896763086139
-2.3106031391564392
-39.76891375149769
-16.22425889224944
-16.730039899976834
-35.510308836458904
-6.326977746377337
-26.84717619431095
-13.595487189546521
-67.37278818047875
-16.330854668816517
-23.626723234342215
-87.33393847702126
-5.168232146322619
-13.732940154096587
-13.435940611569599
-16.74938347110429
-7.54139726102131
-12.020684741608141
-16.42737264924331
-1.3018248598385587
-2.7649135959592606
-97.40755352341027
-19.70511239571549
-67.43868277292064
-23.88378253521673
-9.386295928971352
1.7446652209127174
-24.926491952631633
-17.141397417690175
-16.17823086973202
-21.104810048151094
-13.306181310995266
-8.356892795865035
-8.83882234449447
-12.624873711529338
-19.93776374570977
-22.165078122378848
-54.78062130192264
-50.634711854329964
-3.149214703361864
-38.96925704003503
-13.21904338151732
-16.73484950865753
-4.985689037094722
-28.212049025871625
-22.27932338203208
-14.28374619731136
-31.73925583059784
-4.538138670134849
-8.73750259801598
-6.88792668595789
-6.362839730265264
-15.88494609173859
-3.8719548130641432
-23.419377927162866
-3.794341646702379
-82.43234882558998
-12.066292982786507
-4.379117622952797
-1.9800032940794947
-44.43854491806553
-1.7382282463396839
-43.65144345643226
-44.903556807579456
-21.214819762216077
-9.687600179438546
-34.667569914533416
-15.599654752756027
-14.599286138039194
-15.50182645445183
-46.32352536302535
-5.315965275555732
-45.47664424980283
-6.0820190140264305
-5.861566848259958
-4.355578244382228
-26.384119112634025
-2.008479742961489
-82.832015326498
-33.77205336577992
-7.848131892062177
-26.694322453160705
-31.28265891695186
-13.169222830413233
-14.299902771675788
-10.7390766065023
-23.684049648742764
-20.272277439884004
-5.541894755784125
-24.112161704975875
-35.249639574114056
-14.044272905415216
-102.49099720628385
-6.282941434250842
2.2652198740763714
-0.9757082139232134
-10.309831805727324
-15.948217445068446
-14.941217341242936
-4.81617136977163
-11.650013208647767
-9.272894383836505
-5.267745913156346
-7.443062263058977
-18.968968282199324
-9.765012433857498
-6.727683087787002
-46.501366918808316
-3.1909193988608684
-6.560234937640375
-9.252173551853225
-28.832760529778966
-10.452960141880348
-13.402762909385647
-93.27442958191183
-3.5441073787564097
-41.49039449184924
-48.673132310310514
-20.44450215689128
-46.77280238562027
-17.6490703244095
-10.224987166723777
-5.899318757154604
-28.380784927453803
-8.293713200251306
-4.399429105794553
-8.909908315693826
-8.593120075385528
-22.92098002327129
-23.541650884320436
-26.917018086860395
-21.96402147256443
-7.876070247537605
-3.298846700772741
-9.398705833601284
-7.782387232398226
-4.06551121685782
-0.1564981177982059
-6.576145186711144
-7.130006714149127
-11.84949059475329
-12.79686567770526
-7.454381900523412
-16.484834608990855
-22.032443881686195
-14.09663497400479
-11.202992076547629
-12.306990255762164
-13.655998864395139
-10.644452962130858
-18.369370900422645
-6.014627400861714
-27.52330775883499
-27.505779426599144
-23.425330997859884
-16.35654076449377
-43.928712988464575
-7.451562894877483
-12.310812358781847
-6.799377362390524
-36.486562632061606
-31.643154664598796
-18.808810711135013
-15.453902421705696
-27.733271563572096
-32.81948216140526
-9.820555114626762
-34.07501217248996
-14.360135311484438
-24.266942915236196
-70.37417708307703
-16.842309136389403
-17.223903879095126
-6.476854067107543
-10.948151915858109
-5.596105915159555
-5.405340102317774
-21.58411398867233
-4.517173387082256
-23.031372339361035
-31.813757675328663
-18.60300289624955
-4.61838091821649
-9.621373900215417
-5.78157625325377
-5.1182936795921075
-18.249991995264352
-22.20920346567775
-34.06937801338562
-17.67662151117143
-9.347825837667054
-10.57174400665067
-3.2935671596043488
-6.2688504038740795
-31.730281693261947
-14.81532647126858
-49.101519532540834
-30.711649844727187
-8.070310276340983
-10.669245690863121
-85.4080095700961
-7.572470433719072
-15.874506100285773
-23.34299632379772
-25.868116138923273
-6.512782243179133
-18.42078298362269
-6.848630453856053
-4.30487723126948
-2.894835438311581
-6.8840159500343745
-19.473549269169546
-15.023548128589656
-8.714636974786846
-35.5910043909388
-12.414337111183633
-19.936715357106337
-12.122262895249403
-8.463080447960776
-2.3929494751827987
-77.89319750675944
-68.27390800275035
-15.886575695541609
-7.539854278806609
-6.791678879551684
-43.30687025489562
-27.015601214895472
-5.425973007054116
-10.128090472555874
-19.180679280157126
-21.738924464233513
-22.039921558589132
-10.960974292477506
-6.29410303148496
-10.172557367306965
-11.309514053705712
-17.295595084717732
-5.225304856480256
-39.14921107653157
-7.455254192888354
-4.599862296121536
-80.90812894017081
-28.043427414305157
-31.104670639014156
-5.744865160140889
-17.609706391753654
-5.345318290254001
-56.714685542520655
-5.2896883822476655
-4.278300561597253
-7.21042166871467
-7.902440650687745
-70.32540608884636
-20.943310809253667
-27.994981993378182
-4.728570840538987
-21.491788715867624
-25.542489789848393
-28.692039127318953
-1.610161423907988
-29.17528380163136
-3.6631665935439015
-11.491822019708275
-26.81952072264984
-9.441579987088966
-21.017043275617795
-23.11980204875662
-81.08921123092342
-49.15375969060618
-11.26368119578035
-13.882322509875102
-4.279115179509601
-22.658155690407746
-18.466936067999274
-3.5300039078242142
-20.807495840441565
-10.590467849014388
-21.14147219418177
-5.546898866753236
-11.98919375009007
-19.57507296065176
-44.3946889767168
-26.253717840713996
-21.856901422856765
-51.01046626172902
-13.063342245219614
-49.68729924011964
-3.758052281464514
-5.773286614216854
-16.693453182641314
-19.767919138588166
-6.115443420969279
-28.09797933053296
-7.130857321974739
-14.106578080788063
-7.33730878494204
-21.528318468621265
-11.132616140065567
-80.29790673336582
-16.027274923838366
-25.01447453551386
-17.819849886897735
-4.013531878147771
-9.32285446222783
-38.79115516359481
-12.72273450694942
-32.7032557870006
-9.294875165582859
-5.461011598488677
-29.672727606989838
-11.923589029969728
-9.505816649287521
-6.134219721395242
-24.48193355619471
-12.88419404221432
-3.697130067600296
-5.952766583794043
-36.78235611854439
-6.9607946659416085
-36.96627466401629
-39.07590899709317
-35.10629851279301
-10.315913559903079
-17.591373323575887
-53.23465838718879
-18.183340649249573
-5.796659988568693
-48.075119189983695
-55.46088318543696
-5.062286753866594
-10.9455661091117
-7.967901900902338
-6.8501231454087135
-8.483190625703676
-21.759573021746284
-9.29952624508984
-7.437236307304503
-12.80070221362227
-7.982191623284831
-15.039944183830166
-4.461701889991315
-6.039181972377009
-2.9929559412041455
-26.282385634056446
-72.51911175197705
-23.217213751484312
-11.76997383345054
-22.286743403189902
-52.92485788941386
-8.33020937039955
-1.7822595261038559
-11.706102812426726
-17.736903999370664
-20.567020619455054
-6.4769860187619
-16.408785286354792
-6.191844071629006
-23.28132716317466
-16.073007634338158
-6.502415511084285
-6.187133666527535
-30.824600070063337
-21.092195211079616
-5.8369984769481436
-10.366738865957235
-8.212677604137284
-23.345889279230004
-13.483147094823488
-3.2245614637883633
-44.81377231178571
-38.94510105837106
-2.161490491980693
-20.83877504404766
-53.073102827316106
-9.924555709771763
-13.132603031320233
-27.94564612561834
-6.447770524402709
-10.043105432840042
-7.607273420536007
-22.071315399357932
-40.101133610115795
-7.583888950638748
-13.764161111327432
-6.916910616661801
-10.175658239868545
-20.977368730929104
-112.0534428787809
-39.9852611017298
-2.9717499371346157
-38.02817330552193
-14.30284008841973
-17.775345160331085
-20.39963434122068
-14.868423867880981
-3.948545304066223
-38.594020410403495
-35.8448741783468
-11.023923954209932
-9.659954589265304
-18.76639240557589
-19.42407796608029
-27.89336907826251
-30.053542145516605
-42.583821777615924
-24.41100699036335
-37.55393025521549
-18.719334983628475
-10.74784322192015
-13.219077534552909
-6.11185672240587
-14.016644333663134
-4.207757234843463
-4.202747668085445
-32.36408937029736
-7.637273755245695
-6.8646983520536295
-31.013010231105163
-14.505723870851297
-30.844486250276034
-5.9869113974161685
-23.874116997151205
-42.497240923541774
-45.08397658524385
-22.578568087194913
-4.481652861146149
-22.437982318110148
-38.54057157634254
-6.276210630088669
-9.73621579807611
-40.47124648697918
-36.95310101648374
-8.939630932221538
-13.460935005711313
-15.729811534910137
-8.194054144023076
-36.16155759527576
-14.967667731670767
-11.491235151856484
-19.45954107027354
-62.96005044733858
-87.95002328621318
-0.4991076066966736
-25.070284741006745
-2.975387511221764
-21.187912628124195
-3.481215795120097
-1.5060591071968816
