-9.962471747868921
-5.169633829661926
-1.936310895248424
-5.7325813053934285
-8.787039217724281
-10.106707418351258
-28.94611513284255
-15.79954980262929
-0.50341145444818
-4.974093479700157
-12.093560935855342
-19.335324034724216
-21.1539530161008
-3.238508440368219
-15.883523937186526
-117.24616746789145
-20.96134838789392
-8.89056843647559
1.3573300020998702
-4.372677231666762
-57.9001716733187
-14.498914896705571
-3.619655174145898
-16.32640361191332
-16.36072007195982
-15.60265900540766
-5.683812636447675
-15.153777242062816
-10.28657307776452
-6.713979376563701
-2.3067423754592746
-8.378856292532767
-3.8075687188912686
-6.847640809306405
-9.73165263531682
