-2.6113206309678216
-13.024846479104886
-23.911690817905534
-3.029608192928415
-56.44626491726617
-6.178833509014828
-13.63387407056551
-1.7287165754347267
-14.313953617571366
-4.573885323535223
-28.658167624627378
-9.4046230769329
-3.0281281816058576
-6.549575678873312
-18.828189708082288
-37.06135669388969
-14.496246609072347
-4.071186021684872
-3.6405380564386998
-37.63479224935857
-11.47414549023558
-8.104248275606775
-15.2605021184464
-3.8879783357475675
-97.57423193183078
-65.47310437654592
-110.12622541107402
-32.3567738576886
-71.08124299070813
-7.6440576974583
-7.544776824607565
-46.87168504999757
-5.558259130996812
-5.553137902024774
-43.31635940773011
-71.04733606165868
4.007058130186757
-3.5707513674214693
-4.4362268786814445
-27.2882124429927
-23.935926651989366
-15.248909068051644
-21.06721705861464
-10.651476200166984
-25.851683166009064
-25.988109083384167
-37.49500444554739
-48.141026825784856
-12.334141697525792
-5.640837257236096
-28.140324348800284
-42.856165839414246
-23.17372686723333
-27.110624275665696
-21.570304985907793
-1.462202712899346
-15.412245662155016
-38.70832628441342
-37.050835757723405
-93.86243724295365
-38.9795013131203
-16.99366622645035
-43.557787360365396
-67.02169416039109
-27.596772292171824
-19.102475084445338
-25.13497110071543
-9.447165122114034
-25.77506376738938
-54.70718535810059
-40.046770316301775
-18.127002636509065
-11.369207778222545
-10.380738558296088
-3.707484758138422
-29.48031048769874
-16.232234148030745
-7.705617275779171
-6.6173294383725345
-23.923600512049934
-52.94029191959259
-7.508894130961044
-11.788528990463602
-26.397117184450966
-26.501436826042326
-50.536150111524634
-7.07022494479499
-27.226699358881106
-37.689484771042096
-19.081093042869178
-45.24299696349
-41.164639928893294
-15.351953949873446
-3.060127628890897
-0.014915045600969519
-9.34794044575283
-4.2782082251504745
-2.680019753225392
-11.807809320251604
-23.588123452397213
-28.896933005744103
-24.911789135692757
-27.42967607878216
-12.910030524037216
-12.359231780964189
-13.891496156937995
-27.24898300379498
-6.737533142450666
-13.66554414399376
-21.30737878185968
-3.9454737738936254
-7.041785849246151
-37.53871992322008
-9.695468435248468
-26.696472468744876
-11.040190808281766
-19.85606958592841
-5.782732317843892
-46.09298346721369
-15.26582329494673
-38.1799963246004
-4.630479758193574
-26.35132329531418
-27.423299458698686
-50.53831060461946
-10.758312432742157
-46.96389588984849
-14.63186593044247
-17.886344201737003
-7.300978599846479
-30.871655245806117
-60.89920500983282
-13.594462937594976
-26.492662072219932
-34.09277635711281
-18.96061589511463
-4.748433603852816
-11.888390567512062
-31.650393753220932
-9.69899026978988
-146.5324836904951
-9.247025289467047
-16.39140526540176
-5.855206089580593
-23.21346333448517
-21.134031287628147
-8.06539327091226
-5.485330244528576
-34.498167487543796
-3.9482076709367373
-33.91883674342213
-80.7030332659942
-24.683810989147627
-87.26962286294966
-25.030250894843245
-53.434833255815896
-1.9613958692594657
-8.819805683662416
-0.9931019218627455
-4.555566920982158
-5.123142657811365
-10.963025180109039
-16.57935445859529
-3.8071530341029614
-13.9511906325642
-59.792745493214866
-37.07223206821939
-17.944516703099357
-18.440036135284153
-86.82214445461436
-6.008838158768351
-94.89269290182942
-5.292059011227666
-15.40579547835445
-20.42672098526273
-77.23346888625562
-17.298648280661443
-17.28411132882801
-70.2551216605799
-20.91265333040597
-44.63729123629082
-4.687358415886357
-22.81002357112264
-20.889509297424986
-18.18327024947068
-16.311219761946575
-8.5903053685046
-22.342296499626336
-7.908943025501967
-18.0534608589251
-25.558608362925035
-40.171604548989734
-9.685019933512104
-82.3002574363539
-25.290671721790222
-20.566354876947226
-43.958275999302025
-11.021597058519298
-9.918335482415081
-36.739125889555126
-8.57831366030955
-90.62083608757352
-8.950748708119814
-2.2097271070683315
-21.28019245001054
-10.968858800303225
-40.94855975217465
-5.27387741191481
-10.417350995022089
-50.162638177083494
-1.1722108021059048
-26.699418355047673
-8.350873833390322
-5.576115421898764
-10.056550167168151
-12.658788392757213
-21.8131015151342
-46.672447495830376
-12.595480823629304
-4.263646684326202
-12.826799774491345
-4.119057640708202
-24.88532537388696
-4.283764340766441
-24.06455731886503
-58.71330526563908
-59.2392916623319
-20.39004782889406
17.46742349544658
-24.69275800244862
0.6080659422780833
-14.253914993311826
-21.314591634133272
-27.212958972613354
-87.12613600627749
-11.336382454210057
-12.333538218032476
-2.3517270836399065
-28.03384726558411
-3.830905147372834
-26.072652668829605
-10.201250291313853
-74.6723088968158
-0.18119572068344958
-5.547160168860978
-35.76396531735047
-13.52857472417254
-7.0412514245459175
-58.736378568790435
-34.94654675118502
-26.606076032601823
-3.9475132670148785
-39.286214414834156
-22.760113852878938
-18.40566019852261
-1.2526078586758143
-41.61358633692782
-13.674246175259928
-28.96417036486982
-1.2308921340443604
-4.463228927725387
-8.326333003295034
-33.22468051480398
-11.393275420886482
-3.6061026282178505
-23.10564891397427
-25.93629252995805
-43.84675134789408
-17.391454633947316
-31.80183727680398
-8.222645511390695
-8.389245813937263
-54.57213458081242
-6.434530639918422
-20.09668077498433
-26.03094589940496
-18.202326279538553
-30.13900596282954
1.748050108642299
-24.174596995862952
-34.99470708359191
-45.46826734202017
-2.1821463463231545
-24.346382378557664
-9.001207272176885
-40.025935742974525
-18.22561625721135
-18.535639416760425
-81.28171326979674
-5.317320365661682
-29.275067768796514
-45.7372075835139
-5.060898285499854
-19.347871550399713
-16.966852175974743
-65.61323629421301
-16.856088065175967
-9.20470414632737
-6.426789415861261
-41.3448180744882
-79.0844712612089
-5.236571103852358
-51.52323686613107
-73.81901410344042
-8.637269307017649
-22.64468872524684
-37.76053554496148
-10.007160476566407
-13.510452513193037
-7.903288820085033
-4.186414698509649
-10.014056715871922
-21.058111876013367
1.01624179809576
-9.303207426053621
-14.3706080173886
-73.13242506183461
-50.85661758042226
-2.018724974918622
-6.964618371564043
-52.719847591300315
-17.67576512707619
-23.28958397103153
-21.724915415619016
-34.19325828608303
-15.125890769403494
-49.66101711429186
-71.12036426219136
-73.27150887379418
-17.66744835590925
-55.97598456389435
-10.755461192118064
-6.383212577589314
-28.544999710642674
-24.24797827700325
-34.41867999791813
-26.12211560047359
-7.73478218497027
-7.602319959061297
-5.524032528787649
-45.17868997964436
-34.85760101961741
-11.791619696756067
-88.30606535332757
-31.515935811424086
-0.5424930792338721
-35.23875415014868
-11.055016380184533
-3.250355175216281
-69.1588403357366
-5.992535421989099
-8.157199947153325
-32.266272286610025
-25.87790316711372
-52.863744572325324
-30.845722241331824
-2.5956863187374064
-18.229497688590076
1.8365578472960653
-7.788223747674575
-27.738823721549778
-11.458781675356262
-29.91993895349729
-5.58068773290491
-40.56587080898041
-8.115747968411947
-13.374752753593103
-22.573985763904357
-51.08493102744703
-8.495346085064565
-25.46477161321912
-11.35141527256219
-13.160867883823382
-8.86821460474467
-28.60622392625723
-14.964746751485478
-25.81983995377919
-9.04599609697354
-10.794643012322288
-4.049877991080672
-20.08994779710227
-1.5443449164405973
-2.8103587693657817
-12.099166197521741
-32.1908657066766
-47.93053985357934
-30.049603727902635
-16.223375256665005
-15.795921974405012
-37.32591773878723
-27.301981041572766
-61.86936630303161
-29.840665206215874
-7.185974221570939
-26.865718129567895
-3.51577109909469
-16.144291690042554
-24.437868181791586
-28.906373279231826
-18.155925044382638
-29.89197717501069
-21.43151131879272
-3.103083167163865
-1.0827633888060437
-35.50941413018102
-29.85976875049337
-2.5749967302475176
-16.74457175480515
-4.566114088507308
-42.59564227050158
-8.06994224579151
-20.67427435206563
-25.501686376953824
-20.735017365623207
-16.06429878184214
-0.43510966023705916
-2.2283492104925813
-37.248245659923896
-4.9904113206500655
-4.711217618418604
-19.245986501411064
-7.939406992747492
-3.8426948792955415
-15.779941194077006
-18.673682960260535
-2.4661383570389743
-42.625328471554816
-13.426425840101833
-23.874238141407922
-24.4532103439208
-9.424019715092175
