-15.34896394529721
-27.764468905126773
-85.77797132282332
-7.204527321860289
-22.274707540151717
-11.028039951312225
-12.82526861099853
-14.1264305553362
-4.9621959764259715
-15.253754230361347
-7.853186838492506
-22.182769739859125
-13.65177765481556
-34.06611611346112
-13.467515079805914
-15.370681334870406
-16.73462220780063
-5.701834168331967
-15.722806414142886
-5.728019663400067
-18.176884986127067
-5.926206371149611
-35.364292696299806
-34.021422647686734
-5.486773858682514
-38.135067916548444
-29.33138833845565
-11.76966756225415
-14.792737210205294
-68.46097841763059
-20.11765385280085
-41.65370068336447
-6.9342475229959915
-51.7655603818921
-45.015759690654875
-26.628443644997258
-0.20505133805858425
-10.499126406476623
-24.996657543437298
-12.45279416949383
-27.65297494650464
-7.7111797815450664
-36.05961495338172
-17.402030025829543
-20.552892364347787
-6.6794423666063825
-13.927987560023379
-79.24329627947236
-13.708400999908786
-0.3732760997284546
-20.302899667893563
-10.091668533095362
-24.468463775096435
-22.483635218477577
-7.672924668405656
-35.191924794346136
-19.53752617680438
-102.13672459822827
-61.989256784542825
-7.0766309058874395
-39.859831780313215
-10.784024675586824
-22.695709973714674
-41.786826223682816
-34.34208416564765
-10.96730238488908
-24.064733019718062
-5.29882225155866
-105.43622742897136
-18.77802829558532
-23.802381739653633
-27.87782202528814
-38.18277748006262
-20.11166301916703
-13.685143797681457
-9.10425058774986
-27.685644122593096
-29.31724475956227
-47.90680713924071
-9.002650646839278
-34.60631849026555
-0.09673375054311646
-5.293784102946097
-20.976103084111244
-26.361948808912345
-127.60044395511153
-12.237503235935721
-16.876355869011995
-21.372194821096787
-36.20305612509503
-3.188683303358053
-14.443163731018494
-26.506015415642
-18.853727259225835
-14.619658831253796
-16.104096092391835
-18.501346082682623
-9.175804116595772
-33.01059412892736
-17.360186236647696
-4.991383860901668
-11.707780294495718
-12.856801115224604
-26.109698727274754
-35.69910207563418
-43.15782221168811
-5.129951936285623
-1.0253872171084792
-34.46974550128631
-42.60273083598365
-62.86133162284006
-9.095884420025964
-43.8185524575834
-43.72033452600741
-23.62178723340357
-2.7808900140965473
-6.841746370169816
-4.162792908080386
-46.876311147495855
-4.046877529162367
-10.972459999222117
-3.547304461277031
-10.548302832433263
-56.75588709441793
-9.874894710497456
-4.573163725024598
-62.73217748466206
-13.830377835182402
-4.7845990550235795
-7.74867610464248
-26.042022646023156
-25.48753744704442
-9.344318623163467
-37.858369635544655
-13.506703696687065
-12.457243525378413
-44.2617727020602
-41.80353285865682
-10.24880490810844
-18.172280077525905
-85.51301282827254
-10.340859487734882
-13.779376969216138
-15.843721795073984
-10.036186081055241
-7.260534984232489
-22.423058251647433
-36.89153797463914
-0.9047054920259933
-13.709742577135435
-1.7536166533849504
-14.268387229704956
-11.319882085346373
-64.34029759077461
-15.694807096596113
