-64.15757820163873
-13.491363797923457
-91.28214959395804
-9.67225294247124
-34.4097969059494
-94.5244578991312
-18.163866534387065
-28.311980290938923
-6.100850650618876
-58.199630305612025
-14.291460991246177
-25.24460491055843
-21.46083618297566
-44.413390649180904
-96.31418868288715
-43.72658740098408
-32.67174808583746
-17.584849290494404
-15.711857640021266
-29.08025636207331
-23.850508898946327
-115.9812659424452
-15.736644422152512
-60.8980388475593
-83.65514506804794
-109.98460114073917
-58.96318803635786
-9.953442319175336
-3.468925669841749
-55.67946146392545
-5.866489371859819
-6.168274709955894
-54.345633662603475
-9.892065733759294
-22.056043242923522
-28.948712216054115
-19.31951027674589
-25.739711492718857
-8.84236705515251
-57.04241933555445
-14.090368931486823
-68.7214446702852
-16.52180179439331
-37.31511882005356
-47.48236222997175
-12.490134263208867
-38.63865632911831
-6.750084613608085
-29.88179657092675
-17.34873757660967
-71.04733606165868
-35.005557317167174
-14.862758849931522
-24.277620370349716
-20.420902476666893
-59.247686810269094
-18.59021585235603
-43.844197962809446
-5.417023038290869
-24.393873886287686
-36.103753414084885
-17.605122496523666
-28.325396557373885
-54.02065980136027
-27.364990473539223
-18.890606333071112
-13.582556066410428
-75.65269223006867
-52.62432675071773
-21.594635766819714
-22.232360640388762
-6.16728517866194
-37.00133596780414
-37.22021810816098
-59.81261732564249
-81.22532243773422
-36.65433156359144
-68.05631267277502
-17.43482346146714
-6.719532213725483
-11.970648747495591
-9.046613551406487
-87.2371804941107
-46.21441327851824
-31.42721072324915
-5.787759576276638
-38.826718944712105
-46.895476283282406
-53.549812003701746
-14.713472572397286
-42.06671259262976
-13.204675824016965
-9.862153417721066
-42.35278896740884
-38.23235139740672
-22.40745339446882
-123.922182093089
-59.57880477246738
-6.620710540896512
-27.448384930419305
-17.917472787759955
-64.44849787924304
-174.15968445586952
-19.4472659504834
-42.062996662089894
-39.833857370723685
-68.02563689374416
-78.27600716369444
-55.147785875837464
-99.45606326557193
-14.984371161602654
-63.74546612040405
-51.56318204411314
-9.513549380499688
-10.311188504564152
-20.605308167955236
-109.19183838869245
-33.42294069224738
-69.85384827751078
-32.54633189138298
-15.455719796507893
-40.46308567930447
-15.273811430275487
-17.434858086588573
-11.356877033776314
