-6.895147000788052
-24.76600244711661
-22.57202360781869
-32.348940948955004
-86.41471438142398
-19.687590640201087
-25.641265286702307
-14.40941150824759
-3.669141613409252
-48.018282981108236
-8.371870679996665
-5.391214443562621
-31.220078159513818
-5.746455936095352
-46.937484051381816
-13.59186737361644
-28.03712165466383
-30.871655245806117
-66.19930731893875
-10.034806142231126
-10.258811088414292
-22.431229860424235
-10.509447469621483
-11.307501386217249
-17.844946145114395
-28.448454519034257
-20.640256851423047
-20.432777040761565
-39.60661953266638
-17.32920057842848
-20.777210769273264
-7.673540890103882
-39.175924948610266
-59.482205042692115
-2.1940266626566096
-3.2875787305612367
-6.752352943807523
-7.295795330088771
-13.882803013311154
-13.657915254974778
-13.886362607293346
-28.447182818089463
-41.08200023512437
-31.58265552987665
-38.632845678379034
-32.59362235997478
-23.74797366884431
-50.7024294902816
-35.00008003846777
-29.720003142453056
-8.113124404311568
-17.803735789466653
-7.7403970109195726
-66.1187190623806
-39.55971237350254
-21.792122522334008
-12.678746668503148
-32.21349125705625
-16.89771009574615
-11.67377734774763
-4.274322407925359
-17.026877170696608
-35.05934233568207
-31.744292200165983
-3.4959322512835507
-58.699224684019
-19.248515269807623
-10.16853114786162
-23.638522882700073
-42.20259147789761
-37.631892681077375
-4.5798496629435235
-6.537595168261333
-5.77675716724519
-8.453473508861215
-18.57234871892542
-17.12944255413866
-65.80026043109848
-31.328862418673104
-10.177998831371458
-7.046583024838063
-26.855242330739692
-34.861218565050635
-20.11174271007359
-34.61578836282259
-2.8416803912255926
-44.602851465608055
-18.909285208410257
-43.671734142914225
-11.550211496869304
-59.49146742185073
-14.860106904641242
