-58.42206450779147
-25.207377092117174
-4.667250765534281
-9.121759876473055
-47.09003726748322
-19.99846628886716
-46.92994054427215
-45.61866200476061
-4.308371381991357
-15.878669279002853
-30.965966844662336
-11.120975888371282
-24.323359341600977
-2.4011826804505287
-12.546992350874822
-14.914946582238
-18.733246287795644
-15.896543965710327
-29.37789438295794
-2.3685069387470925
-18.513343515458
-3.492967316379966
-32.80833407290234
-31.950537326054086
-2.104659651090719
-32.79946213428282
-6.741725489668753
-43.91574731599367
-8.830691653610602
-26.46509627405875
-10.459196496502905
-45.380678429474294
-94.17530915518404
-1.2391447057666507
-4.709834990923984
-14.32792161207511
-8.928174288067586
-25.533523676338337
-28.269547918788952
-6.391225997971284
-19.510962942662317
-33.53758423250281
-70.01507270747382
-35.03470329109492
-37.75558011859494
-23.543577694455113
-36.185762385886434
-18.24517564365087
-39.90222494119172
-6.26879145394631
-59.00375960794016
-3.274616346430249
-29.19934787545275
-35.154971265234245
-10.500084047531749
-24.122232795932195
-16.41259839693647
-11.886427878556837
-22.797955666563414
-15.693517911738722
-34.15229994040027
-15.067807155166578
-25.16425840644031
-20.410360806088747
-6.700672177390096
-22.428829511378463
-6.4843308335552186
-20.369361163834622
-101.90792206337899
-20.840433794347454
-36.83391714385468
-12.171572351770957
-21.679597027293728
-4.029904698370488
-22.410194829885274
-33.304258554535096
-7.747254474477732
-5.841837261628676
-43.6885395945538
-16.791776817462384
-7.886748722074952
-10.145381241152451
-19.68327404257045
-38.62650064656193
-25.81935812796881
-42.627916564535006
-9.813402849073208
-35.847238220880136
-17.35229201874465
-13.862332738603357
-6.301146859149939
-169.34557118887034
-26.819309560406076
-55.49779962941913
-10.474073069653848
-19.877462189084447
-31.23511948764292
-4.848169506119683
-21.26528104831989
-16.869259328034747
-4.132741097630903
-27.110624275665696
-19.305491219303775
-54.28487409252461
-3.9650337731385346
-12.432929481275956
-60.86223436116072
-13.116619099811006
-29.080691302848518
-10.91318153569213
-48.35815601638262
-24.11905102135277
-11.496599299189143
-27.484959127523453
1.2782034010458094
-24.391598658020612
-20.548259637467737
-40.93184425421128
-14.030208573624854
-15.264998044189806
-13.653573062230102
-11.424214754906856
-17.32286063589569
-9.414376152641504
-4.6260072895091175
-24.215087231376064
-15.139004146680815
-4.230966675153405
-13.576091140187474
-17.80596650552803
-34.845881939017836
-33.58266814607738
-51.38167562733998
-17.3144129553219
-21.090112913126987
-3.724795142825193
-26.18460718920678
-29.76888449504501
-12.517828109015387
-31.085245504448217
-12.466471896232475
-41.90091174857236
-51.264905043516315
-16.907506407241694
-97.90938162149638
-3.9897196615932478
-6.920725385844671
-25.240296134917582
-16.504013491277217
-28.831735028953513
-7.107104379387431
-45.49936418038037
-8.11814634534911
-40.3418626585309
-33.46415309422009
-18.126330152180078
-0.7003461221134368
-22.238625313771198
-28.32100020721786
-69.70122645079225
-13.582339049562897
-17.43387699163532
-24.309016664118257
-10.896992331544348
-9.493330956999245
4.093100212674441
-4.981873486909889
-19.60716234149383
-42.674148695296665
-34.32420566995955
-5.231313400251228
-130.14549363837037
-36.052347280588315
-4.137355557921627
-67.2480600383906
-10.78134727290293
-8.563932698934424
-26.40050909400119
-26.890220414406606
-7.421526756550111
-11.371995110954838
-6.061369451260859
-57.79889549374935
-8.10270407002436
-11.49418978474353
-13.730231658456724
-4.265873436094699
-51.23836718366624
-4.603841102475735
-15.380201065542574
-24.827239545675265
-33.09344868781665
-14.900193015210922
-41.95536497731929
-34.185951239542135
-26.944175219729505
-19.597909788701134
-42.60219016877035
-6.315200361153341
-11.994472334890094
-0.43438524607068507
-4.5457002959212565
-2.081103855331772
-47.7857170362933
