-1.4129857661025191
-3.0927745001922653
-27.598835803276437
-25.45685668401755
-22.510760612412426
-7.328057351428574
-6.773112455450936
-8.2761737483768
-9.337655021167413
-5.123510507267632
-7.91661759149527
-8.334586782760192
-2.719815015390635
-15.069057544289587
-6.382064602312769
-5.496650812044111
-106.05739903531821
-11.005121971249524
-9.521544872459325
-116.96921455211888
-12.300074075190173
-9.852003128513248
-25.31590184219761
-13.25278963591402
-67.26723714999856
-10.448747008597428
-6.496542086502185
-0.926575465135115
-3.2129229438530387
-17.14130747826732
-25.393399737394546
-21.52434366776039
-5.724161957128408
-3.0611590813355076
-43.87893729803063
-3.6323889863771672
-3.779116948239816
-9.339360837588842
-10.335487321535982
-21.69451530532888
-15.7619498103874
-23.225873099245195
-6.682566417326831
-32.28279106875474
-3.981132254851895
-7.636986462243542
-109.6755412008077
-6.1495178106032995
-2.719815015390635
-28.98975118306967
-13.319698352116307
-3.6755972605155227
-6.2302830720654
-6.171355524331915
-3.0801419513136294
-28.693787153278365
-65.84334555243308
-5.299205900922163
-11.709441131714206
-6.244658685876286
-7.274767369383593
-2.484107416439132
-26.635916841663914
-5.233708437492145
-11.147060352956498
-6.185549000384531
-2.1766217358505693
-7.5086059044241145
-6.68021212347343
-12.662840969697642
-30.014455994747603
-31.107453599644362
-2.3910161484094927
-8.04027495132328
-9.812143388738303
-13.42226801229594
-8.768473063738137
-2.719815015390635
-8.792526913790986
-3.0172005071068537
-2.259470120227415
-3.986213741418313
-13.499796327951623
-18.214427322561537
-15.075175029545452
-18.820203989907107
-4.986712990778658
-37.75661525923839
-26.075089390322567
-41.086849022624136
-52.66206651619492
-6.525305889491087
-5.819898859803512
-18.822934978346716
-16.631926748234214
-12.866714636164975
-11.357434585861778
-2.9993638639844638
-5.53084754938841
-8.367915445265176
-15.997554559881376
-9.05327824090659
-5.824179853127
-1.85315093027023
-43.31123222628612
-5.619430223873225
-11.766647169589353
-10.486947979940105
-8.536313816828597
-14.049964077761027
-11.521272377748977
-3.025268653962123
-9.79700635756898
-3.9964034576091776
-14.982142941714857
-20.036437812461962
-4.300902637310887
-64.20827353753954
-42.58853307635438
-4.9517861649727015
-3.1610844362058406
-37.929046889906
-22.427104791274765
-18.701762193731227
-4.05326011039223
-23.148605611567056
-7.93141991324828
-2.7226290340551533
-9.457991442678933
-6.354072433088522
-8.242274863396013
-5.132968151361976
-10.53238617962162
-4.691054552071752
-4.508425647125729
-16.417425269269977
-6.399476187117682
-10.316700421527187
-36.036024169299154
-4.076691089183738
-12.74124717821358
-4.68755622137268
-6.216956229641462
-12.852922223823342
-5.48063450814759
-16.554743149189548
-13.425754680742553
-23.540049908952426
-14.2910486534497
-4.388780668826403
-12.076343340291315
-4.191169005490393
-14.701177984013038
-8.847100750010632
-10.109193660934666
-38.2120748825704
-10.718079857647346
-4.177183210994521
-7.577495139660493
-23.11378278582884
-9.01410417768978
-23.206407635285892
-12.613036508675108
-15.14120239819073
-5.26461053073242
-19.64801640769607
-3.986213741418313
-25.352967056065832
-14.067468511554084
-9.202354600732388
-23.724693570629526
-2.37774919075839
-15.211609655658235
-5.582784977123246
-27.990090644113252
-2.6388725304984235
-5.6513152030842955
-40.463275226532275
-4.543187949089995
-11.750150860172223
-34.529107618241966
-1.380477434828958
-2.8567548368889355
-10.0203832164099
-8.415569843008498
-14.939189835026564
-28.946831510429114
-7.87207898660477
-26.548235146106045
-3.56544799563354
-5.6803451312633335
-2.0875434624257148
-11.054111919350461
-8.11456425451008
-8.054699945505451
-13.273414878615037
-3.505966350666642
-6.702540752522809
-18.879892498663434
-20.35815796497871
-7.050743310002531
-19.44636360801483
-9.683846463974367
-3.892698441461011
-16.030849764541006
-16.483107311081604
-4.20328457275875
-7.3770728361571285
-13.503816054025373
-2.036359688260888
-5.277745060996847
-5.319830280814083
-4.533408796456877
-4.4660421315412835
-3.796285558040025
-2.7532825689689857
-5.780681306001544
-4.937067101355384
-38.38443499534006
-10.194597265746895
-7.6178499825518315
-16.456950538210847
-45.743230400730695
-22.86654475709186
-6.511077288888947
