-93.07312019051999
-26.19348799428803
-8.324908525733225
-10.594796417156289
-22.408957580703206
-8.86721956486966
-12.152251766699818
-11.405013221640564
-14.709277346783841
-15.149036873040203
-7.39852475104174
-18.277832811979124
-14.95123772882239
-18.33412817398539
-10.259745962446722
-12.017672110414303
-18.455212085167823
-7.854635376384431
-5.73072055792658
-11.068045753204155
-9.665019277462514
-16.7114539420467
-17.6812015921655
-24.24822534408087
-30.04054175593545
-48.29512035267206
-25.715964935397466
-39.32256094583457
-11.086715951731518
-21.677139542233412
-19.501847414161375
-16.350320294349146
-14.299459460024398
-15.378459734214427
-8.104784627804598
-49.83891001998338
-23.365511815594388
-19.933311052223274
-12.540063009346024
-11.212078669378991
-28.543982087922668
-5.952509058413602
-28.953943845815513
-6.7631669245916575
-10.390512057229357
-4.210030302680067
-16.849450778735438
-7.967003944213972
-14.820946292173554
-4.392965661543941
-23.20858974233097
-11.074676634325474
-7.507024627232171
-25.005648430284374
-34.588657078050616
-13.960353857003353
-4.123613727626295
-19.70648099848402
-8.055333777662455
-15.01824692557139
-29.190805934585818
-21.314231060670142
-47.041855569831036
-7.064305710446266
-9.994443519682765
-25.673525451747764
-15.74877159582617
-14.449946779179557
-15.627400912204044
-9.764642257850786
-49.29782186691113
-13.797679297789406
-5.486539545086833
-18.197255588506103
-37.538063456372925
-11.058408345287429
-20.539154561552415
-21.97139631715431
-21.950622739050097
-128.2472152935643
-11.795793795810733
-38.93056431230102
-10.140973181953976
-27.73592977071932
-9.800256888291619
-55.663758346684205
-26.77262235731699
-10.425311679855175
-9.044520547356743
-28.88431573474076
-25.94333960360921
-53.84809010395445
-11.407825186738492
-31.895316934452218
-102.53998730492152
-42.504509681370024
-12.264063301205272
-37.39593259218664
-13.411742093826497
-56.086228452913716
-29.751953758869313
-34.120794798558734
-49.50759300843367
-7.591470359082965
-15.19261224313845
-14.322985512241718
-10.193582692728931
-17.152644633046148
-20.140432935242952
-25.040498880992008
-7.4932818354228505
-12.714816183716273
-20.17384166448914
-22.37617996322444
-16.58689253314934
-10.941479128430501
-21.385168204736754
-7.389714969849624
-19.026289544113286
-9.93755923895102
-6.228462227779151
-77.39640839176103
-8.961533747783898
-7.192693259914504
-19.511035071328138
-8.03177918180895
-18.027551762189763
-51.315885410880156
-18.308962679756615
-14.313775526269788
-9.998541262533193
-68.85397488524595
-13.067270749627848
-10.354858609154897
-10.526440429862827
-17.04130243047357
-10.541426975611849
-7.274966296793657
-4.130244538951043
-113.14766410965649
-12.148010837158509
-26.53331419843394
-13.727745528614362
-72.14121132736115
-11.515472904424922
-29.61579307007003
-8.401998196452608
-16.213170149040224
-26.39692529354123
-15.489485218309389
-9.849356864275608
-14.172364461075968
-120.87343107197374
-12.913245088254886
-19.3414162071647
-5.8359107929895995
-7.923845926022147
-14.524399794954398
-13.973175118879222
-15.48121780909369
-10.944291320350965
-12.623530518109762
-6.749439571359522
-10.603902480142656
-17.164955147141445
-12.922462227087054
-42.979706806459205
-18.235525718469432
-33.584877404702546
-35.25173239010509
-9.612711838960383
-12.623532939367154
-5.920717016751038
-5.288952675100459
-113.24911662247797
-22.888669242126063
-19.366958482438307
-36.13953935165142
-15.22191380743967
-39.710238531568066
-18.640838725586935
-15.748691679546974
-13.881568505664045
-10.826663743188915
-16.680287602276
-24.60614677046784
-21.124391233157464
-14.606169481113975
-20.96837280385676
-22.106705775988285
-6.020619494124326
-47.36089489291572
-23.637308712275455
-6.220767443858876
-31.496409393851
-11.967728820367716
-27.371255131234186
-5.746505551732183
-9.822706317728095
-15.354228052742458
-11.564188395705512
-23.412479859663176
-8.35884736886032
-18.968044957084768
-24.156775921867954
-5.982270073531792
-10.588697646629265
-26.401797796054336
-14.826490544052218
-9.160695645776054
-9.807063288767457
-34.12241802965725
-19.075077548479403
-48.16660059379939
-28.039396126461572
-21.342163324224057
-31.21458177023731
-19.22293409453458
-15.541284111475155
-25.01272632401501
-9.064490614400365
-19.68106332405811
-34.005091213717705
-6.107075022885694
-10.469002336533917
-12.522480757450195
-23.194366047026215
-17.332473167661504
-22.166972908728823
-25.637886315384826
-14.757188656717098
-4.320176657446447
-10.76121166689479
-13.864466861571268
-25.41057267895885
-24.37499451043349
-8.543445930482447
-7.889997163040726
-6.871538666457177
-17.131051579607483
-109.61858475881668
-14.005905490370818
-28.47822526478629
-9.928623900548775
-33.346798476479016
-4.033187834038951
-13.362317435194473
-10.779512636371228
-9.612702541318304
-14.537819908696239
-20.17160354533318
-5.182946030753885
-24.133499530312882
-25.485418257515253
-76.15755000492503
-11.927046092236845
-18.428906355017318
-18.34124581749202
-9.0753930347271
-12.480582020350468
-11.660159578351436
-32.505791264222424
-18.542624966554303
-24.429589670886585
-9.244591144349855
-9.175249276234
-10.822023459258205
-5.638654927233543
-26.137006427925485
-27.216392130461948
-6.160845793235674
-12.233411313004076
-13.057779674384335
-5.707020248084905
-12.110190449028952
-16.08057695510974
-36.728750448802444
-10.450894734948063
-17.183918589581296
-47.48320171231583
-20.241554488301965
-7.104687909048615
-15.369062751338602
-13.849827245158782
-17.611143946142437
-12.480929938448996
-17.813145636132464
-35.434826462249646
-11.00558282248794
-16.25422954604483
-59.10136139897703
-11.651200097526557
-19.825411829580272
-106.0941450768854
-66.53001915353514
-44.20281557015851
-4.459992381873383
-15.072775148412417
-24.221094123597936
-7.27350910079793
-10.18538388968884
-8.446509774406517
-17.174177054697893
-15.839013653191092
-18.162736242317067
-51.58573906943256
-17.065859314124726
-22.313712814096917
-10.329783377114895
-13.056257141090114
-19.212278296208602
-41.45343032743475
-28.166616691427894
-13.075729635787868
-12.664043156104569
-9.172345647310303
-28.821803224826436
-6.4340312854726545
-7.652741913103844
-24.44651108814048
-7.59207568482621
-7.43177222124186
-9.097222880798487
-22.322184129454747
-49.821206689979434
-17.531082284167283
-3.610299458904681
-31.24163306861228
-14.061816303102713
-14.498404557049138
-14.112606402749751
-122.10369227141562
-8.2898856339151
-10.183558024673738
-16.828554375940993
-33.158383359839235
-6.1753695226880705
-14.212817956371238
-7.410727274626519
-16.62033477965046
-7.940722028537651
-9.784185188970957
-31.264053960592967
-13.478030442225482
-6.853415392409728
-29.219335875334018
-9.269675984107193
-3.9607911047348687
-11.890126405836217
-17.807737595776672
-8.834992184570792
-25.98973879959319
-6.583639441025734
-17.83776811539123
-8.737707948508042
-12.869606243100309
-6.646155458097359
-15.94030518565869
-28.10234192014784
-9.15330017897471
-12.008131314432761
-38.198323983152676
-11.767229309936024
-13.68186016719057
-29.378157346210926
-21.687075785446297
-4.21939938114416
-5.835162332803752
-24.60139086599646
-57.084985891971435
-37.63268515037424
-13.991411537676072
-31.939038220771756
-8.415981130290543
-23.103692359102634
-3.2122342076759955
-61.71986000263388
-24.385700539121572
-20.07971076626046
-4.167382833235239
-24.478849311964918
-16.112761679425894
-30.985270826648314
-14.81389964088235
-11.031050305946085
-9.355600540980559
-9.592179121533553
-8.238382489013258
-70.33621743690193
-10.44814864263352
-6.885839978271165
-7.837734345855441
-30.81365166088876
-14.81264817020526
-19.735290268055675
-3.408544069671328
-21.65047060015613
-19.533992134170536
-2.284119166087754
-21.98073266550262
-10.302632824323616
-18.194250778605916
-10.748851892361506
-11.221885773539341
-20.902865092779223
-23.820431620170396
-54.182411160488876
-11.83645221228551
-16.40959812834333
-4.123613727626295
-15.980401346890535
-25.9204094603516
-17.219563021535883
-11.760855697415614
-18.05740357851235
-11.238426851628972
-7.812140422999633
-20.215889574441746
-39.114558255070804
-36.30480956813265
-42.00700664532005
-6.6383560979368115
-90.81533431414466
-16.73905667098333
-55.586875911922874
-32.28847981804171
-10.12070589878804
-54.10513987607226
-18.701326674256872
-4.569512066961925
-18.794439165210914
-40.24067270811783
-11.840179850238293
-63.73659656000805
-22.98288383202981
-22.52966409184268
-9.861993618323922
-12.023675391840417
-29.82230289542935
-17.35081387043266
-15.188703557291841
-11.885873520067666
-29.543805027197404
-17.118412949484593
-11.407450980155954
-7.94866936609503
-36.37269341356438
-9.719734070526092
-43.54685510745505
-16.391565493919106
-9.363344869973783
-18.242705087564513
-24.31792651927002
-23.93342422808435
-32.89329343342208
-8.825831383146348
-7.430874338234444
-9.25828987867915
-16.810385639270923
-11.977286544450351
-18.332638310951726
-0.19759946249825588
-17.89306153783955
-20.775907598972136
-16.14796404668377
-11.49326247295564
-50.7999187436615
-12.153869111345655
-19.280219514850323
-15.281903742842967
-6.095133212616865
-14.549369450061906
-26.85479804731713
-10.085410282278337
-15.734515331260521
-10.845676720254255
-19.123585509961135
-8.627005933501541
-32.85134138173944
-18.98304526951077
-6.61307988440145
-9.55653360531604
-38.254281937826136
-37.29396591687891
-17.231169704891915
-53.90043161208868
-38.83703452778177
-18.33872203233398
-14.688122262980558
-54.653098184281205
-3.7759180864165884
-7.322017132523273
-14.16514008229197
-9.361715191958307
-16.580430095819814
-18.008198649562612
