-4.635069378095592
-2.990479053963112
-5.392389458614263
-10.791403884242008
-1.8025210778180571
-4.917108365623652
-60.32913651130457
-7.789492310749673
-4.786242388964556
-29.073561889818826
-21.132507499977386
-116.34250242893376
-31.259457745994347
-9.287870491638097
-4.974093479700157
0.1866616005595039
-11.621918290927983
-14.745017291861496
-9.779264076412957
-9.981752659033946
-88.46248540652687
-13.147130859450774
-4.917294948693506
-19.872335356077148
-0.774109322137543
-6.048122107788157
-10.25628565223694
-5.521679654859034
-45.246487986320666
-5.786752240512096
-16.182362761584983
-2.0323391154541435
-11.457177443760564
-34.11192690921475
-8.645602874746164
-11.203216180809292
-1.2682212085058298
-17.349430262580935
-11.98979711591087
-3.129302843221874
-52.015850896252935
-22.164514487946768
1.0111057116646993
-8.229032685553088
-1.4862583364583706
-1.9088697735459574
-0.1019829428636434
-1.2511920097453508
-38.89586268897466
-30.24994744065969
-7.731846329276514
-3.3783576717330557
-7.238549302170509
-19.997099996458086
-1.7141714118558742
-19.948219219505237
-26.972076206479755
-4.269242206405137
-9.091055124601027
-0.5866932540117891
-6.278286143779681
-57.78527715672155
-4.298005551417902
-11.309337215580639
-72.17385860872291
-24.592501747481442
-26.318901208064695
-17.386372750712074
-2.5485990217180436
-20.633774291337353
-2.5985332206652334
-6.1206464619291525
-10.534133241232905
-3.9461560329374996
-12.737216422596237
-7.148174466921874
-7.345512382658735
-5.956375313467967
-3.3408034424541917
-4.404532706972447
-10.115210339194475
-2.6776452787836753
-22.217948885286233
-6.92805477669122
-17.566837478113342
-4.99835266290449
-13.692511422099473
-7.745396747703364
-6.374353517871167
-15.250006514392673
-11.360923236414726
-2.785013648618764
-7.84752732473615
-20.8038907024494
-0.6713412229612147
-11.180623011754014
-20.181478076464824
-4.213041587052794
-22.2540057559048
-17.52590996778066
-1.7149896354639675
-14.101516816923967
-29.82230289542935
1.5028428566063494
-9.249235448495986
-20.8618226887645
-2.4201698874731297
-6.75417358402188
-5.148507923380494
-5.728160301888032
-7.778076193084742
-10.819301305069228
-0.27067203736424406
-0.09022401245474797
-1.8646259735372996
-15.548970895892488
-3.689107088369357
-21.8562083472741
-5.474851131600916
-8.931424181828383
-6.35199030123841
-3.322610095773283
-52.055328614272746
-22.621338349901446
-18.172301430445536
-5.467211138540739
-10.117133833128507
1.1371235563611177
-1.3566227384824223
-1.6213368353203843
-18.03501871813081
-4.990281558812244
-12.691114183470349
-33.95589866065724
-15.909786618070873
-1.4408650949711428
-3.7123988207338035
-3.9895835111919085
-22.361778567037568
-12.77368593114045
-16.322199557807807
-1.5996660875786894
-3.9794963046468155
-4.394314755345872
-1.045981825984986
-30.27599315098793
-2.945614059029821
-4.416378218413298
-8.191785285580437
-17.229223456678344
-9.262716299337606
-0.7669656233865055
-42.38703122351951
-7.631822573901072
-7.24113825386308
-6.901295403242182
-31.905662788053192
-19.73379954255376
-31.45982101853135
-6.71966442243245
-1.8952224931191617
-5.748781027935317
-23.518458462321103
-2.703963949402309
-2.342813353105833
-5.134920185255285
-0.18761023862222834
-4.855957936221739
-5.340717860568932
-28.233306288935225
-99.99057494899829
-9.308105433341241
-31.768292954516266
-5.607643101004781
-19.944398207795427
-2.568250582407526
-4.105576595730647
-10.260092003553417
-6.108919154029551
