-7.89239501993577
-9.65414644603838
-19.651797534465228
-14.936180987371912
-17.35689881637805
-13.249419628639394
-32.97075034146086
-8.314447814060115
-41.63256081933064
-12.078336361728487
-5.166763838259437
-7.570509069009888
-4.81629314528349
-5.88902989640401
-4.2753217674436605
-14.113814026713893
-8.523591433432202
-33.942861319144015
-8.985599426795682
-17.191089594879767
-11.670583697934507
-11.529422761261
-9.079495681413055
-34.956193714844126
-3.1118224810664645
-6.639366257034182
-1.5640662050414107
-4.6111544617412275
-2.8638419047867507
-12.904972251195854
-25.29312972308989
-28.34272768388627
-8.777451913841668
-8.208709158781394
-2.7923098749308592
-10.977467048478756
-28.69891295455978
-6.826582077415844
-42.055414813386875
-21.035982201517232
-27.562008863011535
-23.35455789508842
-40.32343097033992
-37.290687935180834
-5.362806529533692
-17.075444721735668
-22.028408363783722
-30.058094254389562
-11.85360659906987
-13.319698352116307
-26.675111290116668
-12.377557505345896
-14.252776858959272
-13.477693962642734
-8.174281621711026
-11.709441131714206
-5.209878930015096
-8.999845910868817
-10.544323470293236
-29.15773485110963
-5.949223108962726
-28.50622834917362
-3.7592801324341076
-8.21323736885645
-7.773964342465174
-5.491825630548732
-6.9877426579345645
-6.241538614792292
-5.906201250274648
-18.73826003131508
-33.74058264668139
-5.780839688817512
-6.939206852477146
-23.234613530520942
-5.364784845337483
-9.543820241358642
-11.262870867193811
-29.395063881755682
-28.134459840914246
-21.83270864976495
-84.20184234288939
-6.074046239480831
-12.829049694819446
-6.170147740583645
-2.665586092369774
-11.126209289459183
-8.978616016780974
-13.291534106177664
-5.572768115440935
-17.065471834760356
-31.610128842215875
-11.072576619377672
-16.706339643478376
-17.29197205105782
-4.2565018537601045
-36.24810340518572
-13.121274671376833
-5.824179853127
-5.983219145935673
-13.050260466506696
-19.104154897980067
-7.250247000498856
-55.540071121300045
-5.50225575457278
-19.748504153983546
-16.23813684089116
-16.66906821773874
-7.351810864716397
-8.307483214091544
-30.85559325897011
-53.24836713881853
-24.298189167628433
-9.063198363317282
-12.876203815336373
-15.066860602198576
-6.15568517228183
-6.552024421870769
-10.015373332565092
-15.071978430083666
-5.045300145492893
-7.1368314965580435
-54.75521601180895
-63.90680936404044
-21.52371504559087
-29.78177173428308
-16.656158507935903
-67.24063456632862
-22.41932172055138
-4.25790264716749
-10.950678129760433
-13.842435859227656
-3.8413648075408107
-6.65120789185798
-6.198511626225095
-122.10369227141562
-40.99681101245245
-12.481058976887
-10.225477040692475
-19.83163101846895
-5.231539442763348
-12.320375043166095
-16.32640361191332
-5.473685518600784
-10.442043817797117
-9.943188474020534
-13.675695812056588
-12.858533250431066
-9.507401520894867
-62.700791127993504
-4.139836325355845
-5.82210352495643
-8.157350656292001
-32.33840036127245
-1.8840502460482194
-10.233704208583026
-9.789507613654022
-5.187702254454751
-28.572301134261668
-19.7638151082318
-7.816093401821758
-4.651113953155349
-45.722446785944896
-12.772354914841086
-14.379494298988467
-45.944450084715974
-38.45738817042689
-10.211787986474826
-9.795230217917824
-20.859849616636723
-36.93019499637705
-10.45903513101849
-11.474610061663663
-18.127235514860025
-13.41644114766353
-10.011776349657726
-12.795348907238603
-13.677208369935567
-5.812958484602543
-10.825625345969126
-13.478688460660477
-13.560412163889104
-27.273237588189144
-8.805813522725371
-11.95546730694454
-2.952195807325754
-15.354091297965393
-8.317016064852117
-29.258408245369925
-8.518711616837436
-8.08524249933998
-11.229078358539262
-26.73030416401759
-6.780546962112377
-51.87323614604551
-5.180303674173823
-5.774624045715625
-20.36920698815235
-5.401259357328264
-12.665204361261791
-6.774071307792714
-14.083819656689998
-6.961698229877985
-6.849356557659482
-4.362624898485551
-4.923596256940665
-13.179820634892565
-42.89815713775314
-43.75359117714406
-34.820325483855804
-22.129379685082323
-50.056265914776674
-15.983114244663673
-14.388748942388126
-12.17907788648996
-2.9177908403329096
-17.23913227241058
-9.592662392736605
-7.450838030784479
-6.960137982625869
-5.103530234287203
-16.05246276784382
-13.60578158315253
-5.5045178614531975
-43.62582396288538
-29.28497901087872
-6.09481904963525
-5.4994650526114155
-15.454778615133268
-30.562854775367498
-3.7123542609457707
-30.212077379750315
-76.04941057556516
-11.521007123065802
-3.4424841200158642
-16.136127678664256
-122.93726593312586
-15.978391082450909
-6.373432593029132
-4.398288402838902
-2.069615279777368
-4.172351549378531
-2.9208153176303155
-6.016197579043403
-12.116043459271651
-9.046777106653403
-63.8458559477864
-3.788040899462102
-10.590220217850705
-9.501796848693635
-5.186010867848614
-12.874347610143897
-8.056006187820607
-11.582820779893122
-8.425052687348769
-39.82869960596953
-30.014455994747603
-24.80014457189273
-7.5743730930058275
-5.811985318979153
-61.98954379857602
-17.196492263050786
-197.80765407225599
-3.219632526559207
-12.848046045472143
-12.35894766732968
-35.53639912689263
-9.911172071150531
-6.307974366978164
-22.897093353010728
-3.2246222116335184
-19.072550926167263
-29.95640059469686
-11.051760739389634
-21.491320749784553
-12.417105584681405
-13.225114116831918
-30.556772176745202
-32.91366056493032
-9.594363450178243
-13.929144480764528
-4.846399700154401
-17.795544609497203
-8.97615100431479
-3.195706372279038
-73.17076338442183
-14.525621035072694
-10.883939386643528
-10.301345777374834
-11.21244270406059
-17.27047217210435
-13.22930824011589
-21.43573358055926
-12.89452263736612
-52.12868937469298
-63.41273609797839
-44.09679782518818
-27.218357608040197
-15.972822548618808
-9.876476988727186
-3.3856197859573607
-19.820781528565387
-18.511646652376157
-10.592760317314882
-38.63925194838673
-13.793461784072484
-23.308790285663967
-8.860191300231484
-68.51510137108014
-13.913949616702816
-68.88129944138856
-7.027873442210877
-12.481545808490688
-33.93969297951384
-6.051560471073068
-5.5934662935931225
-5.549891058732517
-8.762809349207114
-29.60516916615606
-70.2825161506098
-24.929121571872027
-3.200557052211193
-4.962303352579178
-6.633369506974944
-17.077051755366366
-11.057348098455037
-3.3241867999499695
-5.66602356975897
-27.479700029635847
-8.523889251988935
-8.278355401411336
-6.967594341335662
-24.668237695955703
-15.394475709546697
-6.4595955626442665
-3.944603997297041
-9.48567027723256
-45.64240937905298
-18.587899668603846
-127.33589603109058
-11.938074774413105
-77.91700071935665
-12.004228806730145
-4.807656357318085
-15.348651938972479
-15.432865722611137
-3.681214054193756
-18.359806845369636
-2.4129562392325345
-10.949539685520124
-4.277993653125823
-15.844506416625121
-4.187710150996222
-29.644758481864105
-25.352967056065832
-17.23252895992907
-5.22434465931004
-7.813021671885585
-2.083194284757989
-8.01670459601134
-10.91002602141235
-6.3635844851079
-15.615342223236347
-7.4344530309106265
-12.26551352827588
-21.737691437392133
-3.365327552358545
-18.409230209586827
-13.234864191525372
-2.28494967399134
-8.795789534304397
-17.13543133127009
-6.34238356795865
-7.412422534759603
-8.625164259892637
-8.534351064674091
-6.4639304908941915
-30.826619261957877
-40.173401303365694
-9.301601456263374
-33.83562080263777
-65.00731497880723
-32.58496065517276
-24.428007537986453
-7.164738017163354
-38.040501124591195
-6.229044910890107
-24.1035136756848
-14.09059946040468
-2.6919152469850527
-9.65451070024384
-10.905226384290119
-39.22396027883132
-8.227364698235657
-33.92407954535239
-38.98986249978048
-67.761950309671
-10.011207187939645
-19.280219514850323
-11.843635653956973
-10.530227735747511
-16.024171423410372
-5.519692760298415
-23.047257838569244
-1.5427061801033486
-29.69092489375117
-23.907230011872294
-22.529399435497957
-22.86654475709186
-45.082814938564226
-37.4453383442198
-9.030334917198052
-31.931152944069673
-6.773112455450936
-19.0091977844623
-5.232330940114336
-70.05810587502268
-7.493488908717333
-4.982606622724507
-25.418726132737724
-50.44114328407739
-4.086887776731154
-14.85349786824274
-15.448487177401336
-13.41455962922529
-21.832871954945897
-11.10774650571844
-51.38437335655288
-8.45847703644944
-20.036439079186252
-35.32209561791472
-37.050489370135985
-21.033964376432454
-9.143144107047522
-57.374592740194
-11.743724165636426
-5.828738271398298
-5.17695355445031
-35.61375648244741
-53.77715740659637
-4.752495561976154
-15.98813014348478
-14.070762738178228
-13.500031926587504
-4.509275001355075
-16.052372537070386
-18.77053264703046
-36.0661028679779
-7.221242659726231
-11.904296424221796
-27.761705730737887
-9.10183648672349
-22.798653899194246
-6.704830391400179
-85.51301282827254
-27.333069699313885
-3.1294647323695353
-14.11498901358935
-33.99837991378766
-5.949057836299808
-34.84998507649228
-8.340832811519745
-4.389859273032296
-6.042274349460652
-27.059015884298724
-18.56231095334485
-5.067596291350475
-70.69792315146505
-6.550233718896114
-4.909535124895546
-11.287602240275104
-6.834722248958965
-5.100865887398789
-11.391042286995507
-18.974712374352162
-14.571760320166698
-22.249760612673896
-3.7153684090862025
-4.317721505363631
-26.320223242908728
-4.576363094765777
-6.750271265031402
-24.182478778663498
-4.073735983641752
-27.770001059626296
-11.012309733368124
-10.401075039552095
-8.340081961521408
-16.46661885810939
-9.615607414361243
-15.070929629491397
-34.0169843855321
-4.5801930427736135
-10.255175170881309
-5.4828839244628655
-8.332826891298373
-13.51617655486803
-29.683893021559207
-13.885234154151554
-12.47428954390204
-42.581746416612376
-14.066924866880797
-12.614853299157456
-5.5413817878745855
-13.791461866801043
-14.453615366185103
-42.47130410911475
-16.47910478444487
-14.932847044640964
-48.359519910727364
-4.063376662019442
-9.992935826907516
-13.392389944292425
-6.307282631410563
-24.00377154966041
-2.9687658083797714
-13.998117252583427
-18.919226212845317
-8.679945535246318
-16.703771974572817
-12.954202073271492
-13.677757199791696
-17.97765291767104
-0.26471303130892193
-1.6629750763898685
-35.2892440477273
-4.553893628856368
-14.173203181303014
-48.589839725580454
-7.649582069996896
-61.846013592270666
-11.595339345160454
-3.8391364513086663
-41.308713105515345
-5.383734292899464
-3.4387849303758675
-8.073627265694535
-38.943632045768005
-6.7009026024508085
-18.776328347612857
-6.077876187488661
-53.84459128166457
-49.2941882801921
-3.4476443847524854
-7.267014189976126
-19.006357352754538
-9.256675160627331
-14.993523498634564
-2.926981573698079
-6.2115630052919775
-20.929124604187706
-8.055099907628316
-13.948576931786286
-6.229154612763204
-2.313560736454527
-7.262506423592914
-19.602534798415782
-5.861407719420716
-13.537516286372687
-3.654895329276772
-38.2120748825704
-22.507396692711737
-13.093629436682184
-6.89937226770204
-12.585970486114865
-26.846332470954202
-3.855076909400531
-6.533150096557775
-9.313364437436471
-14.10738033281672
-9.396396252826445
-20.169401588986954
-5.913619628616464
-13.715406068820364
-12.473959161439831
-11.327038330044198
-10.612187959131028
-12.042466145114496
-31.497415942704833
-17.53749650276222
-21.061693595467318
-2.4091313916994976
-37.10728231650396
-12.442382915084067
-18.91375827380496
-38.58718431839756
-9.13880544895288
-17.839499776990465
-27.800627777587493
-7.564026905107997
-10.95925577467528
-34.107245869891436
-9.56004476704879
-19.69568283874401
-19.44636360801483
-45.411973098559486
-11.724728707628202
-4.591951973182504
-16.021390300162956
-18.627568296873594
-15.242815240633474
-16.341726663923705
-31.63965812863722
-5.329979431467255
-11.19866571751929
-16.715751086901268
-17.262207019259243
-3.6848165399481
-3.3241867999499695
-17.697540936892864
-20.079765334791333
-33.2228721536685
-4.130159245631168
-8.675208851306206
-12.382765738751703
-12.47109877159154
-9.442810360945955
-5.566109076682525
-36.798913529016396
-9.231297870848348
-16.60909617543117
-12.124843000006198
-57.67587423283184
-32.82706493713262
-10.131264379948503
-6.217054248968292
-6.304588726574916
-6.609750966995673
-9.169246033586575
-29.139455554377125
-4.581105746171055
-24.843404056092215
-7.6173420550991695
-8.404297689103139
-12.881294239386037
-4.287778087836741
-36.53509823670999
-42.464402188931665
-7.8619485640940985
-49.05852572386447
-13.0951629126645
-8.018058926420657
-7.615971573665718
-16.3300095195147
-8.927284687399768
-5.576764179831414
-15.645609175844461
-3.00489139427505
-11.993576402141922
-5.775877770802885
-16.84492833180546
-9.338683767722603
-12.07180734311227
-19.11857539630162
-11.577089070241938
-125.43149580334119
-7.2664548486167595
-18.226517512202868
-15.320217965909986
-4.651522685943524
-7.743756844696114
-4.220778810248053
-52.69018889025746
-24.875856024738567
-12.509169077124117
-4.021178016572909
-7.808168137943504
-8.900306964671856
-6.175491559137657
-17.63219571326418
-9.096971058234761
-36.116643288948254
-42.821296171216375
-14.20130529598328
-12.892464437779926
-65.75345348440456
-8.34254201903427
-7.388320632175633
-6.221484498224196
-43.953937674289435
-8.04567148675451
-13.43574208369045
-15.622662369133025
-7.0837239283145825
-5.837540737926949
-8.475430394444253
-12.181805963342963
-34.32549733187992
-2.945905581259342
-45.0606057643577
-13.536017338403397
-15.606308681933575
-12.831752423427064
-79.58432449519593
-14.496684210456616
-3.2805284248520716
-29.912635389714268
-2.0740467048726754
-25.02907552630085
-17.506299766482734
-8.46263565813666
-24.69202749686572
-7.111448397374059
-27.321828682692615
-9.58655407875638
-8.55587265425986
-4.648055046159439
-3.79126269940644
-36.827005538010475
-10.458292768334617
-6.132097832517461
-49.78096390662771
-8.60096602008735
-26.053119343418906
-23.730316385334934
-8.035171183353068
-13.047691761508696
-55.8605035532441
-18.641605470446777
-12.78965316498794
-6.727683087787002
-4.885772863994511
-4.541295001532839
-5.9453191239333565
-14.74779511265139
-11.49460347168706
-36.48032749129567
-33.62497340992438
-6.803719532627715
-37.66502867922028
-6.936388895095919
-30.547510869295525
-3.566514529544705
-13.92954662477832
-9.801333329956988
-7.759087451480588
-27.598884182766575
-1.5309472496944534
-50.09889652543229
-11.482044818839864
-7.923475185482916
-39.46648853238477
-7.916847326810171
-39.200416361676155
-35.90622121046254
-7.4231104095576175
-5.8385562726438565
-16.430785430734222
-10.16487207660838
-23.1703638726307
-3.243244315057759
-24.916593260334007
-6.646025871182704
-23.610294550183365
-9.351956500894094
-43.34732797208267
-5.741657688413622
-11.5182197252554
-11.235244697465678
-36.536728517879496
-20.759972614301788
-18.504943011501425
-23.717534004485394
-3.3024306315492593
-5.475654958689046
-48.62088949044959
-3.948824525865073
-18.647594950243192
-2.8782884606143386
-22.367962613020996
-5.61037598890727
-7.323988733368903
-11.095397203819429
-5.537320806600041
-14.986979597272521
-6.168470613938853
-20.80110013980474
-20.592847821049837
-11.22117764349237
-4.798130944530566
-4.630087905696224
-13.106745409159942
-41.391072833607936
-11.191156770252526
-9.144772863532683
-7.525558399818658
-17.828126909915376
-18.85263122636469
-6.614227728116181
-8.795439819895638
-2.7308480133269724
-9.301049622371986
-7.5182936067286095
-5.276321408186162
-15.602922863630765
-3.3841334584445684
-20.195920990717504
-17.653804808940652
-20.387038352903758
-12.887407059844806
-31.61640515227695
-17.011731486683782
-5.371986297856422
-20.519127568899012
-5.160323597234171
-4.517941530286991
-7.728595717610686
-57.174432353158025
-25.217335320283976
-12.616114031627886
-17.563000762180348
-11.791720187776047
-6.750801813117022
-18.545637450397802
-6.513250285947848
