-23.18399163343611
-13.842448628804169
-46.69034696594261
-10.47229422570133
-37.132866289856395
-16.035134338579738
-30.420669501730618
-60.5460321252213
-4.798944987839933
-15.371365141246807
-14.689998049979305
-41.878527060757584
-1.208701970005185
-28.960586269782947
-15.321300436007697
-123.39168533048307
-82.07350662587798
-34.83267814472358
-27.970667039074627
-60.4106881138603
-29.709008787251033
-9.022951612578865
-40.540719654789484
-30.07791402492563
-12.173721144047192
-5.184299784606468
-11.650043504142095
-6.206840735867508
-10.868612037546947
-21.236040295920166
-33.93924490002206
-6.835470055873954
-17.06440974350619
-21.267767517684188
-20.647261658921533
-19.119031291936516
-18.147648824106394
-7.1960445527946835
-37.41112288105743
-15.833621405771321
-13.672748812564066
-14.971641402319683
-15.697137782776796
-11.958512635376179
-16.38825456840253
-13.41709305011191
-14.397760126021426
-2.967761913860597
-46.795042949400035
-13.913484083248557
-48.900202627089506
-14.816640035881921
-51.83384529155749
-31.108226891076068
-5.507612101828639
-12.037056210014185
-20.64299496663671
-29.856518833308964
-27.92161966581659
-55.31811677579818
-30.463748205071816
-6.039951967620714
-23.4029859916372
-6.1136045038172835
-3.9542236797199557
-26.17948428262792
-13.544285333722186
-6.1195011796298395
-29.362880035166533
-8.393622219896152
-4.543670407131074
-57.680905935187056
-44.4513132321408
-20.455506945664176
-24.194017469388545
-2.8142533204651112
-11.323082970378303
-11.682115148573462
-4.395879009214495
-16.559046577555772
-15.00058806668764
-56.062488018387015
-21.521848926682694
-51.12955842456601
-27.464290109840096
-9.912232682039487
-13.365619958360037
-48.33564096331937
-17.970525438240465
-4.080854814553759
-38.53599483934241
-42.16855205262904
-15.723358094053117
-19.112521011361608
-33.74189837222294
-27.942924732318968
-13.230087264997174
-4.906092901941425
-3.0809938386962066
-61.23398288407471
-11.778997181014267
-0.1963471508362496
-29.97023265940512
-4.7475699680968475
-28.65916602168149
-28.171267402777136
-19.34927096873765
-3.0809938386962066
-11.500792840637704
-19.05478486877032
-13.651631993053439
-11.735665364620795
-15.902470724619398
-3.330520579991431
-23.501725767532974
-10.870246408536161
-45.32900726811874
-10.857272032855489
-21.92543925100806
-21.85584755880816
-11.752511754417224
-38.42223049928306
-3.726916527233413
-26.33411613558138
-6.114624242598712
-74.98855437946958
-3.276989013061193
-26.74588537255342
-21.069738182789667
-26.191131457583193
-16.588672381640666
-68.84180878831961
-36.75414099088979
-7.658196294178493
-6.686306182915822
-12.303341781948326
-9.507974152398937
-3.7815802236581297
-1.8123333060159927
-39.99605046711535
-49.943881792503504
-78.83932975723076
-2.9906280592754397
-6.484750147220273
-15.206591782376838
-13.206174766245267
-22.679712521395917
-14.734327464042806
-39.05707386346716
-69.27785144878347
-7.019361527971264
-21.610067876207115
-27.149068683071633
-74.94230162771105
-3.6237787394589804
-23.25375244689242
-49.46625758535472
-56.32620380362386
-4.662915388863259
-11.966774765752456
-82.01255894710764
-3.5154909792768163
-38.88764923084542
-14.824420803207943
-23.125025356473245
-20.212273536743584
-105.29389899047852
-32.72307531854632
-14.189558494321895
-23.214527300777963
-14.766016940595922
-25.360234475738125
-23.95669769910995
-15.993943228296983
-68.73767331002561
-17.397128760492002
-40.314789789189106
-5.699010973125599
-9.953289017088375
-8.852226105414312
-11.639603288661368
-12.561691718567289
-34.273617631648236
-47.288956375153674
-25.833029496533726
-17.29385585112842
-10.533580164371935
-6.071492538034179
-29.725065264014493
-14.803933213139379
-11.129097295761499
-5.143596744912051
-17.851526173423082
-16.637375364850065
-8.214160579406148
-27.363556589446073
-14.757133736489227
-35.68578599268447
-24.281054337551385
-18.701326824658477
-14.83472236605283
-19.810431701634887
-15.264477807187548
-19.185886592735613
-16.04994957331887
-3.583915233952772
-24.254371779244952
-9.098751406630281
-21.39462469370877
-30.37124607871506
-9.682497141013728
-14.166176846682864
-21.59917703623282
-51.11323417743209
-13.524546009145162
-45.70249410889185
-21.862726716240342
-17.82832391730969
-21.443535266539833
-16.223922890710952
-20.979988725181027
-11.176704090661564
-29.94578653979291
-28.74223780564983
-15.69809590891717
-7.793004668606262
-35.488556146815796
-2.4392996623926235
-18.943040345609177
-77.17919805107192
-3.796063496651183
-53.33610822294121
-13.908247426717192
-11.816478355787023
-4.441268299324709
-7.2476695544945295
-30.72163831190886
-32.61694411435297
-15.694104014381054
-32.9012925545711
-7.044551504308713
-20.64872314358154
-9.035864384394943
-7.074242092795701
-26.92259250652825
-97.69323688377204
-1.516773830017409
-37.899696015894996
-33.79390759613532
-7.972102444357747
-20.405879457776496
-16.13271479351972
-33.39075407386508
-17.19946454017337
-22.652135594435872
-25.66513019610725
-10.192723737662462
-27.41716102462237
-77.54330561303688
-22.182664691290018
-45.57777987462443
-4.741232478572658
-41.63601853884939
-50.778911276850664
-57.93007620295684
-31.771496574276142
-11.16687983243406
-83.56277184468823
-4.828116255211155
-32.76728918712849
-11.46711260619495
-9.24757378921475
-26.541751232542797
-8.164759547270487
-34.694983828312914
-43.52621955325033
-27.19374625976791
-13.43005147596621
-7.780907016088837
-7.722671870899924
-11.700873161797936
-18.38820886459953
-16.43168344420338
-9.06875539896788
-4.951095202493705
-4.5818175740750275
-36.84245476900616
-12.67970645245528
-24.758738379499654
-7.001279751014795
-35.03348976779427
-47.167964963322085
-116.50021452957202
-11.572059229531707
-11.398883253169883
-53.85627017411799
-4.284979519234332
-16.19524757996343
-8.151230060275369
-18.148417786882654
-27.459072075638115
-47.2941524104759
-8.205037596951177
-13.334337172482844
-12.846395950960945
-5.798728865836903
-16.674232360467773
-10.45759154471606
-59.78710428130094
-24.123606309301785
-24.028721755348396
-16.81877091625678
-24.93850077311457
-13.435881714748497
-12.767593331189781
-4.519826504889614
-24.551794758611027
-44.135113049966705
-240.36979454757736
-21.584297427632887
-18.482264146499205
-27.893126008729173
-23.555001254920683
-35.33632608029447
-7.001939232964129
-16.904593928175338
-3.455209870899997
-5.842475867771713
-25.75735426582116
-81.8418889922303
-4.372737798473736
-5.660483783016949
-31.8057798636092
-33.5132238823758
-11.784327720920297
-41.23197401857222
-52.348283880030245
-18.616156489601856
-20.902009534226504
-17.77756132444329
-9.590584201934064
-9.05077922988488
-3.0728060361366323
-34.44313734543159
-30.958770195945153
-9.712406526975832
-3.274606440675689
-14.87075004219448
-54.32463359975518
-10.806673209279664
-63.8155881970794
-38.688925072753214
-27.6321367359117
-24.969405679757166
-9.381941387694054
-15.7960901963525
-14.945443804172987
-8.303392391333833
-3.6602421937783243
-19.080995942287107
-41.05213645302929
-15.456017304124746
-13.258855209951342
-32.158051533841345
-24.91655929162305
-28.586456102575614
-38.20702173078633
-64.2772398729966
-8.930248519251355
-45.41234439491743
-11.382163906084948
-38.01078033565191
-30.913903496141504
-14.460524681507625
-48.141406009630096
-33.364853031114706
-68.18006807394723
-32.89591960792264
-1.1221504485493474
-22.784620832102412
-36.54591279577511
-4.175326793338123
-7.72629361746287
-19.3769901039822
-17.439987392917132
-15.068458612928566
-68.57393638946779
-19.859882185771095
-39.77461140538297
-46.79688099812441
-9.97061839656729
-10.18761839033439
-24.929734795489434
-17.53469582318769
-97.90938162149638
-21.110211162350673
-13.966331032768863
-8.324718067346934
-18.106828374083154
-43.72033452600741
-8.713096794470962
-4.65985089611151
-22.707357239645987
-5.844976237592391
-9.287321920995458
-24.651610406910887
-11.205826896680668
-33.28887649446576
-6.163423744472623
-64.49155155382796
-11.26785614398726
-100.32910818274863
-6.882746077633155
-9.40237844818684
-1.7185292192507586
-49.0519838652118
-45.58884342757556
-36.07204282461333
-15.043948797992876
-8.233581784897897
-10.720302251970196
-12.072568770197167
