-2.6499307027589825
-7.097231433262957
-9.909572204704306
-4.154307147831319
-23.425684454843537
-14.993664553623598
-23.429287653297067
-23.254005656234355
-19.104101732198153
-5.147582882184333
-18.11831742916428
-11.678132855989531
-14.758326785526801
-11.32708047130558
-19.273033009190048
-3.4189531546757888
-4.225784946660365
-4.254042636266866
-10.536513368543183
-6.092509843733232
-16.04944587483151
-12.259112850004792
-13.05318435267503
-11.64812778388633
-11.952813336209745
-3.351114869829266
-12.255566885951463
-8.018534856480022
-36.87198015188774
-3.2120794351825044
-7.968007292598385
-12.29486484164027
-11.334030226596452
-9.056702971229402
-6.2784953601027516
-21.73153173247452
-4.231397778618688
-7.7010517936641305
-5.277169048339606
-4.11674407810328
-9.09825348863369
-6.750091233355422
-8.270023172432767
-27.97784655458482
-23.521961093322847
-5.589636644127278
-8.635580609686592
-48.5440242851102
-3.3028559311680117
-7.312134255410358
-17.487577115255654
-11.69001609924758
-13.222472326997465
-9.12447600037917
-9.005524651622531
-10.061955468649758
-1.7046345276870758
-13.869958037859375
-9.260874393302206
-14.05499131635333
-10.659787776227683
-8.105912059213255
-6.798055896752246
-14.76011357264047
-9.66787143495792
-5.883184517116926
-6.933575260765178
-10.281020262810435
-4.5485674950025885
-27.41726116826563
-16.579337401280227
-24.889451058955665
-14.132522101541127
-7.82704766353879
-6.99894704969653
-17.965676747995285
-17.331686912007797
-32.51270993582145
-36.40983809029762
-6.72557462890079
-12.112868080854545
-8.49276547649258
-6.364508308894505
-17.059271645711092
-5.092830247794843
-6.663849188295491
-6.49096394607651
-6.421507880854434
-8.861889475126222
-13.937451211035244
-11.813141389795
-3.7151871108937007
-4.782417041088731
-2.5308132991039165
-11.03902147671138
-15.069427656700675
