-20.545807692625118
-36.686388835819706
-8.448145346946514
-53.784120555516935
-10.984177954929978
-7.8290187552987245
-7.58701949851038
-39.21063809099959
-11.184865830941483
-27.238643152053093
-28.693461420089072
-5.140129201487693
-6.835204356959494
-9.371728161963317
-15.058890814543666
-18.281463086900782
-10.06946497861626
-11.34609438056341
-12.341819755151606
-15.041696010334231
-17.112717679547245
-15.039522423276658
-13.653770334733514
-8.367426486489883
-29.40698351924805
-10.392971803224327
-8.417368034217162
-8.829692193190422
-66.26238170109642
-27.847335984595
-11.286013445099307
-9.492538295553251
-43.92125946062165
-9.384279533274142
-7.5900043965225175
-8.21273280281357
-5.257502769588527
-10.074997489580658
-42.381208830029856
-3.79350974925519
-5.9542323735422364
-4.225795551924601
-26.648475811399237
-29.041580070552406
-24.363768615427446
-19.1438683800552
-5.1273939356414395
-48.41596356438458
-63.098062036219304
-32.4433139123897
-11.670583697934507
-19.946800709100742
-21.963865963583523
-13.76764375710651
-7.805311888349489
-13.7969378788772
-10.927390276965431
-60.56785404688038
-28.09860468855827
-25.420099303750156
-18.887319404838582
-42.762875553399645
-15.570748844044472
-7.270933786555387
-43.23020831142735
-31.32535954986309
-2.679351019080029
-21.232960607009286
-13.255860680403586
-28.124737449933196
-60.07279881922454
-21.02384391701013
-11.052597706672922
-6.657468896153458
-7.569481598679569
-15.35547902915599
-14.221685367368623
-6.2693623457091086
-4.510613010212882
-56.40670117606467
-26.56946285248488
-34.58383219108001
-18.78607651295564
-28.209012681900482
-29.772050221279255
-22.839907984296783
-33.42565873158326
-9.78206598665557
-14.98563248261759
-27.63923415014116
-18.189719969978352
-56.765601052294606
-13.624568634805161
-13.274784316391235
3.490141978125516
-7.827754637895073
-26.17544810922803
-18.90256138106429
-8.738821694554217
-9.23011446852121
-25.12519209006616
-33.095171479413246
-33.618432837395666
-8.787456337345446
-11.315511991805767
-15.288062893496946
-12.715258755908243
-57.576790095417365
-18.6503622520692
-12.52725838649189
-23.946395392606703
-59.68560889619187
-11.087142697724225
-4.605106498643023
-30.4707557478453
-17.98008984149541
-5.126404404347479
-30.657481360197597
-8.043979792540377
-7.689439844847307
-11.601491462487521
-19.208577743145128
-11.169314265124502
-13.34869470113743
-22.508839716182877
-23.813888578426177
-18.90377320434829
-16.336310742353934
-5.909976792997527
-29.984310261952718
-19.765807019650627
-9.596461541541023
-15.370681334870406
-29.91366385291484
-54.28803033043583
-28.83960875843067
-30.506388003344664
-9.220030623884659
-26.313739790807343
-36.79282507392831
-12.560024175407154
-21.63872092829211
-51.27712594204231
-35.465920742844055
-12.024012873712515
-16.778530060536077
-23.968284179069702
-13.976445134219945
-24.11083382373744
-5.505806814618502
-10.30671105703156
-12.913172320045602
-9.604641119051516
-9.759211974786037
-47.569748607948306
-32.18054387398975
-15.89077798886151
-40.85517281262355
-17.44389347950751
-24.211464310333664
-14.078439877008421
-25.617091856242844
-24.642362386942153
-44.851013592725494
-9.344512180716922
-39.70525369485937
-49.77184255294544
-9.590780464553681
-86.68313874330484
-4.637865201914537
-31.387880521402632
-40.807806292349746
-8.404306728463366
-7.498727766521321
-8.266938521823244
-23.83357225021075
-14.242835446968746
-34.76218537081389
-30.55375754390813
-30.122941445906186
-13.900087608329516
-23.845609824057487
-38.26316846808555
-18.965418642283165
-17.069836831567127
-16.03139248836518
-11.611266886491313
-33.53628355321939
-22.267858423604885
-12.646453303282838
-10.166109967971028
-19.185574991677864
-18.44008060143965
-31.213938148539768
-14.339071588930942
-26.958406973679658
-19.110510561407743
-19.154659453142166
-38.024152273695705
-19.15245117837541
-28.265908307663313
-16.56089540470882
-21.51145759823255
-10.012503636946796
-38.97359706405764
-10.190596840230748
-68.54010747940535
-10.481617462404982
-29.65298999959055
-35.77945947024042
-20.581682913075113
-8.86904902927199
-30.216386914787318
-10.791494334721982
-8.764102279403344
-18.7914658797138
-8.39004742502884
-20.631682674817913
-74.5837883057091
-14.015107002689579
-11.81051189963895
-11.836349993127083
-11.10082138343783
-5.231328307940508
-44.173830609422424
-34.460915311770435
-5.330125660312152
-34.4621052159632
-5.720279656653199
-53.70166813097021
-16.92303498661509
-8.586221749338288
-20.321529307404205
-9.271695358924
-30.70692839633844
-6.342741162533028
-1.61993746316031
-7.411303910438038
-10.679980456659266
-45.59728050623988
-17.411436664512937
-23.679317608434086
-10.96468352493058
-10.655307177822232
-22.382413562227867
-13.802838766142537
-7.1135421874081715
-30.51518955569772
-24.172559850564422
-24.029939837530456
-51.350492632976696
-11.639106853012477
-11.803435070068499
-13.742588972733763
-42.43382215448653
-11.023317776294327
-10.479378428802754
-18.372324756025876
-10.883836107509214
-23.38362929864163
-26.630168745655897
-8.81306824561219
-22.796092478633547
-25.994063453613578
-12.54054559627426
-17.001655504446855
-17.755020437760656
-51.314272899395455
-11.62773733582757
-8.21036220309305
-42.06652673414424
-21.42030706680922
-16.79066137264824
-13.578592701116929
-48.30606050255324
-16.27241401754082
-9.970822955258079
-29.4075607881795
-33.82114523161127
-9.875049709809716
-32.44068760350322
-49.576886360123595
-9.943247503755304
-4.893232019343514
-26.145000753268814
-10.975745623371761
-5.289549298013052
-7.132347204765268
-44.644840252816046
-13.775116194994553
-36.12518800916444
-15.222882013353336
-9.42465376739797
-7.793042627165364
-44.616963593085174
-19.39188289618157
-5.586749299510711
-16.38974384486166
-20.82313102490219
-23.352642913910124
-20.75680586847638
-17.28021896434762
-75.98118639477356
-21.754356395187706
-12.850062560825576
-18.728016205265035
-36.949809704762444
-35.59613644696001
-8.238109424155033
-31.852038627709337
-16.49441574960644
-17.888423635200322
-9.22915381957962
-26.76354200698595
-11.695139557677324
-10.408165352648071
-70.72187332483003
-27.786299364302433
-12.235233387025895
-21.52371504559087
-13.365207632717762
-18.878886180126823
-7.337261519195762
-33.30575085706372
-30.067767292474706
-11.981699802103046
-9.898195530370353
-7.129696357172154
-14.71761791820907
-19.5758872907663
-37.744479134635185
-9.242679062523173
-14.982635661393559
-11.586581922234506
-15.88604320142489
-32.520919975676556
-27.120730032209146
-95.1047170903171
-28.762824235703928
-24.065390898916842
-7.296672614596278
-6.601538362954528
-9.277151226418916
-29.28835415916738
-10.626354457941831
-45.719524235623346
-16.49546646540797
-18.172115002506917
-52.98853324255459
-23.442739196731775
-102.79996201927686
-14.305988776427165
-5.140850960175074
-21.4770412889432
-7.467234978378253
-34.10336023602636
-7.876552057596458
-13.37584838749353
-7.739582486056525
-11.497311509093281
-17.61732488306271
-7.8007796695511855
-8.204302335336859
-12.197416828105673
-69.78123407742305
-15.926552728004998
-32.51045485618907
-8.957355485367078
-17.33528204572142
-13.89141054224515
-10.401765310818524
-7.0729792700263605
-17.99387170524631
-73.37722762747666
-50.12476719494169
-16.82302856134943
-24.536370310514467
-10.932395212289503
-11.760699834484933
-22.97323085079673
-18.804527743127398
-63.04990877276169
-20.670760621337323
-39.07457408037767
-11.132792054394478
-8.170501183422209
-19.548226870711236
-14.696213901695469
-11.96547996436412
-38.20702173078633
-16.189503448315556
-28.23030217047483
-12.781756113414756
-26.15977623337309
-8.179015113434478
-8.156243398338379
-92.36880808464484
-15.010203846496783
-7.842045511764671
-13.254389927011298
-34.69015690474504
-18.59459099688517
-13.724190417630092
-17.46565692957129
-25.067949638373513
-11.598358055068198
-16.565688917305984
-15.391357153478975
-6.615973843010869
-65.40307466223241
-23.855879295071365
-20.722328609051313
-36.40890057073692
-40.00841616626469
-11.712015339986543
-9.86177739359444
-9.98383006566546
-85.66262420209405
-6.9609103674095705
-8.76966181422531
-12.346851338700876
-12.948978748796835
-10.938349548024657
-26.37693639674869
-54.56112041551269
-13.623123222493016
-22.080955587722332
-35.31281779967344
-24.677658968510457
-22.29743790069332
-10.259945072526639
-20.065415188482387
-12.439302869014238
-13.296106762220164
-49.82390387835797
-27.93464060287534
-28.07990992966271
-9.67812145351635
-44.574296195659386
-27.959219807411646
-53.56281476083312
-50.92471565084913
-24.42009187813304
-21.307296708581134
-13.608360257308792
-9.91461905797433
-41.33037551411768
-10.069972420422667
-30.013382555558692
-6.028018720325913
-21.907195090330003
-35.18904269976498
-6.624128483961666
-24.640799975355225
-15.22418935964443
-10.496212342125567
-4.4797402070724575
-14.866371306456934
-13.287480206678925
-8.476403581269073
-30.20631134867864
-35.78042059129512
-12.840160335652712
-12.589704421021723
-23.807790750609513
-14.621531703388483
-12.917191175115097
-10.151330019911265
-11.737074240721798
-29.858748236908763
-25.24072897475167
-17.067964425722227
-8.822027632291448
-40.925918111575015
-31.308046804564523
-81.17175380149628
-27.48810022309684
-7.406741970721731
-9.053884721161403
-35.1387373354962
-59.3882633404588
-22.06584829740577
-11.051386092185147
-10.620722052641248
-7.587051317136427
-9.200862533402756
-20.83401371921265
-10.758797426848208
-17.52491567438755
-67.46006231975038
-45.7954624390382
-6.928394450001785
-5.70907840210371
-7.6159519548774695
-32.222228490699045
-70.85562145937439
-34.93958523867947
-9.9672030130889
-7.210416676540035
-20.260121632413522
-61.34133182699727
-28.517307943558624
-40.067625009804665
-7.826443218783128
-9.711362804725729
-6.796415513726502
-22.5713959893847
-23.06809902100587
-25.87420093013695
-11.316279943728945
-14.986200436279121
-35.25183578791732
-11.860900667401914
-5.842521962042956
-18.49420819169347
-47.57446041210624
-20.885443895888763
-26.630556644157107
-18.77956076942135
-11.734829396661175
-24.702988432844926
-9.152854115894458
-12.207526887521004
-43.221855401485044
-31.233196936679825
-7.4293038512571945
-24.487141152072937
-6.825883873195025
-24.115957320657422
-7.65937330079701
-13.006600377012491
-109.50109506041663
-16.66809650279108
-26.691433120441115
-21.66427166219138
-9.153808156080013
-70.42823182590676
-6.052017693541966
-42.028754826666166
-23.714608843281145
-30.453576797440732
-13.041307141411847
-27.07554448471622
-9.026241974856372
-2.4642818140935057
-12.52166545306708
-10.576659562495651
-9.32420614485116
-15.718831526299796
-8.33022844263759
-13.964710536534426
-38.89518455020066
-130.3359002284714
-26.881895560076714
-17.80206991738315
-70.14195666998874
-13.626056454267388
-29.424305236712634
-22.57202360781869
-13.958808919633645
-6.444595894772312
-10.105238396030156
-16.356161804584115
-21.62694203052863
-9.0248380571957
-5.897594710831719
-15.39942958667124
-78.14071438230374
-8.043979792540377
-19.27927292448961
-11.869094784593438
-14.706249600861835
-116.20376808718052
-14.991826224182885
-39.02132163470169
-14.48292012824867
-8.279451974178519
-67.44497859996916
-5.44328154184161
-12.175800523490112
-13.40339720538085
-8.624913452770095
-2.7392774613164064
-74.50799370444165
-5.0771760028443484
-17.002704074072653
-39.91279080680833
-8.538706167876581
-25.55864528329972
-68.81039892300359
-11.23705544612499
-19.81990366997592
-9.299354784572381
-9.205826565940981
-14.233324993578675
-12.938056358389893
-26.468742993523236
-81.33854637856538
-16.929036967988836
-8.841723746042438
-17.61880012504412
-21.440528569341925
-11.919592208856512
-20.973634262290645
-25.13776907997136
-17.006595336373536
-22.43418597562718
-29.37769507006583
-9.77260118560363
-18.821603481169376
-40.84387117766863
-21.839545866449704
-11.520955271625363
-85.60063523663472
-37.54280970184922
-14.527509473739496
-15.747285407425725
-29.309280209936958
-4.016297656624294
-6.492040702469554
-14.797869421976408
-61.98954379857602
-18.91884750458688
-31.200002016495862
-10.841654274484789
-7.782031490075632
-22.19741087868358
-6.754261872067291
-22.090752981552306
-10.21247477226944
-62.158010392817026
-33.41875430653646
-12.865910412801298
-8.272341679121432
-38.72642220114293
-14.857144541789589
-16.808981396931642
-16.48647885733907
-24.786907921110792
-5.5579710046030355
-10.385562184833015
-24.84639610427563
-22.34466571490463
-12.748775574497012
-21.473564641731997
-8.06542190943649
-45.74073028409256
-43.223098976446295
-22.574855890077355
-23.129627604593633
-22.609989431906357
-20.44704937515368
-12.817336253989028
-27.850174298908474
-47.39144155156703
-42.8566288540867
-9.323124117529003
-14.81539829256483
-8.978079576213364
-22.59445957137689
-36.41408664890811
-16.72080787260031
-10.225269272976131
-45.21108126071492
-53.218683618800995
-37.83706433552037
-21.753503078124403
-55.031975149857
-10.1826699216357
-66.60726956643346
-25.920949930654956
-163.54857340761893
-7.348383852927974
-5.980586929069884
-16.781009839573418
-36.38167445162654
-17.14154294899444
-22.79185496560497
-35.10193214575381
-9.67716087021468
-9.414194421227736
-27.720088580930764
-18.889440717143774
-74.96913421782324
-16.317498519686083
-31.776829906806544
-9.862817449434084
-42.93263533349778
-11.899375830131126
-38.19980845214778
-24.18418270278274
-36.327935291428446
-20.62535604295301
-96.75863142160814
-43.06255484177053
-19.96614021695106
-45.63115246417755
-27.314521558047623
-55.91670457704083
-30.716055446277693
-13.59587091779388
-6.455294956237298
-9.634109960634621
-11.164521808922355
-20.603128004609655
-41.53289311786155
-4.162229468510846
-8.164568557606895
-10.205117887079437
-6.088932745590984
-6.173415169011516
-20.72528830635289
-21.640638865458964
-11.789246289853171
-11.092556114129206
-18.994521318734815
-9.082757578559256
-18.78843578700191
-21.833330500572323
-19.72536565546008
-19.161568862369656
-16.860123780557537
-18.641850329007607
-7.962338138045147
-9.020412811131253
-13.229686410983906
-5.9295192380365735
-7.070026823297306
-28.918446207301947
-9.172363529412651
-26.437250065933007
-55.42121523981898
-7.761852894921108
-13.988382323498074
-11.104563934108736
-16.340840318693992
-26.7937373165852
-54.55328005162267
-17.361996507520775
-20.430664181001962
-6.076711833409657
-11.742802330971752
-21.85568983831195
-8.364891341512235
-8.399376446845231
-31.36824111925029
-40.025935742974525
-21.314726632109885
-20.07625672606926
-70.2825161506098
-22.661832031349316
-10.710469392451586
-33.08196948779953
-33.13516127685427
-87.1510957741848
-12.75404069339019
-11.223612714971509
-31.54677179397433
-13.703497022867857
-23.750003161328497
3.5586382367653777
-28.82789962038135
-4.168520671798646
-12.303194052514066
-6.7215304880085975
-25.2926586821011
-33.13917329600315
-12.583818378140885
-9.769395439204754
-7.04043920615849
-6.515417292842004
-18.456731802267925
-6.459299059439788
-9.678759729196795
-12.650839812359221
-42.01767783289925
-49.107893549220684
-8.719584482776801
-10.33689060425199
-55.55316266060258
-9.440466467810221
-18.46745972827898
-6.832844708686637
-20.288419605868427
-14.636999896890675
-21.62634792318793
-5.357729757933987
-109.08739362306069
-15.88915388169981
-46.39900697033452
-9.407349540199242
-9.18928336614124
-13.369426814777324
-12.618414544347765
-6.260797051169601
-20.55647495018068
-20.10783614040113
-8.430035485897347
-10.992505864909244
-16.315039930654013
-10.439815244323503
-8.865368605665374
-41.844581358891155
-13.999042682751048
-18.2313156841702
-14.338150607536736
-19.015689175491186
-104.23555769568632
-15.086975427212947
-7.866038966144482
-7.907407618522177
-12.596002815313707
-19.502798659776186
-43.544312842787356
-21.077144456770604
-9.93282741124069
-30.753936768493727
-0.5767191507101365
-10.737198247726797
-6.655412016442663
-38.94023871832317
-10.414450644087369
-10.320911234128443
-9.94182767885233
-33.770098916010134
-22.772039214626123
-67.50092691783239
-15.975205375551743
-25.59553377360519
-19.564305589436653
-68.93757759879152
-44.47422151038002
-12.72864869054794
-9.707950881380983
-9.780853893929972
-29.744420006380444
-9.552539300601662
-12.01278250182341
-19.827673380216527
-24.29063231249062
-21.05855877634128
-32.46014652891244
-12.323178577300697
-39.2516657670539
-10.572767715808375
-8.183972782486114
-21.71168759026971
-14.57954402118557
-4.998150774466699
-24.017281140460728
-74.01795801611391
-52.81968333763001
-6.202206136912915
-18.892928654255282
-33.87236189012146
-9.712199500845358
-6.816949396640153
-24.29997855256262
-98.7346439894464
-11.173725076249058
-19.7043907672677
-57.216902483359235
-13.056106732314523
-35.07678950311991
-32.58496065517276
-8.713344183442272
-29.462448834941938
-41.89797926349992
-34.44039260717333
-26.660399245868167
-25.89937066531225
-47.913517345468804
-7.195917964064255
-9.778669916575645
-16.918997525419275
-7.265930088113165
-10.439815244323503
-4.3691405288433005
-21.642884417063463
-7.934748450239144
-25.125600552149006
-9.065884594699103
-22.82912047391916
-11.566469947271893
-9.759696403047082
-27.37547451859596
-16.43392941568275
-19.195984336910616
-50.33557374522212
-15.36952453150115
-18.872410594594392
-43.74300777684376
-9.44483403911088
-33.04992346096306
-13.44231642725454
-37.50600112024646
-14.96389944202374
-4.506642784489286
-10.230089618904339
-6.13497888951301
-34.869304499230196
-37.46718888777753
-36.05878286802095
-24.64528614700307
-13.539454477838186
-26.144770353417755
-11.961163936251795
-10.839868882320426
-12.88049201570992
-21.745961953533794
-30.923633029702945
-5.6270420236471255
-40.57991797908992
-31.010826582230045
-7.842085212065203
-58.38028385661857
-9.925345290057246
-6.652156897103859
-31.014312033984396
-16.458337179993165
-7.787485995133733
-12.540209711044735
-13.002523953008115
-20.1839529038427
-37.68261032964161
-22.0448916990627
-20.671013307356702
-21.077990790169572
-14.018030301079381
-8.277620030422629
-22.32297855015947
-26.570889580905877
-19.832222118956555
-16.122102950060775
-12.855591938522839
-9.431396875517539
-87.81374299317791
-16.182809427954545
-24.72002576993631
-29.473967846824653
-29.47887346554869
-30.38309457495474
-12.757569096792869
-43.159778755343105
-14.315753096998712
-18.531280642081413
-43.22300013769804
-17.48463079491136
-16.152890752609892
-11.554787309718902
-13.645211587799093
-76.14841429036073
-28.68197756193853
-15.727827210380127
-76.96692091822266
-17.825821376792074
-11.613432146975006
-10.602378956571638
-55.37175744256384
-20.24405884378966
-7.867826077353029
-67.25389679815935
-32.75398373193651
-18.62631260050947
-9.563129568298804
-15.524975114536407
-8.965134145062883
-34.84673503485395
-8.778551307125047
-11.146891386264832
-13.562808246694097
-41.537771381753416
-9.069956392322403
-15.248146387519274
-17.851306906991944
-26.387598864237013
-25.262444624034682
-25.514926458493385
-22.89101909368336
-15.892719947214305
-132.00611670603598
-6.326307201310539
-32.54048294438358
-15.175392473833577
-19.73071059812433
-13.70563213250961
-24.854943935741275
-8.417368034217162
-12.21280011295708
-48.74780368050464
-13.340589705132627
-5.973059651008728
-19.911780207276923
-16.094607716436265
-21.293510407416573
-10.065042511447205
-18.162476129943485
-53.75185780393531
-20.534471897034862
-27.425033650892434
-9.114574328080195
-12.86433459185249
-43.89926412413741
-10.099930558213858
-35.28547777224634
-42.82632129100019
-11.045678866711466
-8.250385375787822
-12.993884841468102
-3.995597421842941
-5.395747167360991
-10.453541426679184
-17.761699768217603
-16.84434814123402
-13.728884320357725
-22.913646599760217
-24.050901093772698
-13.29607924820302
-18.628861645439613
-21.486905216737924
-28.327842528453928
-25.76020963389132
-8.473370315080489
-19.84594366748838
-46.70670446779425
-11.636185332123727
-48.15768838142828
-6.565221984671912
-17.96864285612884
-29.68797822302628
-23.62388592454512
-11.90244841813589
-5.102119385092166
-18.50910533673047
-53.18633000325408
-11.380529247765576
-50.87956441871224
-20.09042245033695
-18.86227887234124
-42.47498213732783
-15.43262097825868
-13.090144450067967
-20.144619470900935
-14.56119171909217
-8.813270133004973
-43.21680598337694
-27.12257129910931
-9.309185302075802
-20.663544326505207
-6.778165783638254
-34.01979078349812
-44.39185985241737
-7.8236458465631245
-25.275641747334355
-10.638844221790139
-13.908094707792863
-110.57076617347907
-8.497336562375482
-7.861760366562444
-17.30512806134536
-10.293340546406188
-5.425894541956136
-26.597282017152743
-13.26567565839914
-11.813795958324246
-16.042826993658913
-21.202860473545304
-12.261579735862036
-17.50602313046834
-30.31232062999358
-35.04702019240674
-33.974645945648085
-8.695187153210838
-7.438025503202734
-11.44027034251649
-44.68867818658717
-15.418024082277205
-38.712378594380525
-29.335593384436258
-14.681193344530374
-8.570115120772753
-20.956115837447616
-9.232973829982551
-13.986094112308269
-9.100615205155952
-28.937336145534914
-18.505224059422584
-15.464453666927252
-13.786008780865522
-20.510951611210643
-14.630153082070679
-22.313181911171473
-17.15892851040805
-21.16164173929455
-27.890204890583473
-7.808666182962577
-75.74355610610579
-7.633211590899355
-15.903181497696462
-23.721142054319557
-16.430762328468493
-20.36138079579349
-21.582131452070268
-14.790719842493395
-17.777597774107477
-18.32520848402128
-9.718226498367006
-8.46313218613411
-14.26770047004948
-15.563314416117537
-92.95892765056848
-16.627081854329248
-8.327895693094762
-51.567415359957145
-55.01263993562257
-22.905412166068842
-11.1022886369564
-20.790746283621942
-4.624816349099016
-9.559071223126928
-19.863390731148336
-19.966185591321384
-25.34621706019334
-55.37930003688565
-24.95017879210058
-26.721806422722864
-13.173768798021088
-29.533388078419616
-18.06624873613088
-10.983278913584538
-24.224231945164174
-17.380368927165485
-36.53869951485596
-7.4151347540543995
-25.067949638373513
-44.768953330341226
-9.208488673184839
-13.705496912698575
-20.405367304961263
-18.56007765013958
-21.011257760969272
-4.712748546634271
-21.20947726494998
-11.472948800370762
-12.716178869462855
-16.839367314533447
-9.826934066558122
-13.685107540933833
-21.98555379698287
-8.485249213355582
-6.795763132363883
-13.128944244922355
-11.508884154176284
-12.699405894934678
-15.271831300244958
-5.8427194554680595
-10.572618587157084
-9.636673431277233
-61.695377212867704
-7.95309552284176
-9.334271569140649
-27.894057495546807
-10.746192332736646
-15.786982908880319
-6.923015131395082
-6.943625373303819
-8.354866565710726
-19.1517360387773
-5.140850960175074
-10.226017556033236
-8.616577645610805
-57.2232024747659
-25.897867979301395
-28.024112992434514
-7.2181038799818085
-7.317076856058601
-17.566396040422063
-6.6436512875407585
-8.166185578518368
-11.381514430733807
-11.824985834409313
-9.402959093313731
-13.246466202095489
-8.002753227362547
-29.78238731798914
-9.539111222940312
-21.439263107598062
-29.61088849930386
-17.58315057165378
-28.85303838591601
-12.304430008793478
-24.99845716788131
-21.13377725384705
-14.810449966378131
-11.160282448804631
-25.420099303750156
-47.74133109047914
-14.991594392372365
-4.3457567843187315
-13.472471839941043
-17.536235040003127
-7.005879473215016
-38.83413861070076
-8.829839841321078
-25.92704344019544
-9.314166940723865
-16.220685165325822
-11.106107698955286
-12.320757899554788
-33.80495012342658
-27.652835044955886
-5.469455324638032
-8.208387664852062
-12.597288013933218
-31.822035718721036
-18.328199515465695
-16.98561526999189
-28.04237813095244
-20.4915870359942
-47.57629184683422
-24.42094767073265
-44.977526065645144
-6.052966980646378
-8.76436292182293
-7.725423928804058
-17.16302772207037
-15.412309685111415
-30.849337288484772
-6.942225654982412
-24.494368485211933
-48.732051429619816
-16.22642140334108
-50.38205131796124
-8.27066326737195
-7.173569425964658
-30.485009995874826
-16.875358826760134
-36.992943171430994
-15.982955522992464
-28.799894543846495
-20.96387607843181
-127.53162788123461
-96.21729706010652
-16.075734823323444
-10.933692476138917
-28.03545182966212
-6.795548316619316
-7.298138915082857
-17.09460518948999
-10.713608796657532
-9.74718779712262
-14.422174949401573
-27.64699676936206
-5.401252541227741
-62.86133162284006
-49.85731382451843
-27.053534878545374
-26.04999308036493
-12.29147062667995
-15.17403899702076
-6.530575509746811
-21.499228028161912
-32.07470360495769
-18.417231981435677
-15.247935621621929
-15.772371937035121
-20.39393855570511
-11.11197761497415
-11.596929200658359
-9.045567326617004
-15.130698926057132
-13.686128631058448
-43.56330755759642
-23.612218109305655
-18.3932702022405
-25.169439827052376
-33.610924808599556
-32.17501092043605
-39.980158738050065
-19.782338500924414
-52.87191191858734
-5.645804503035687
-52.73669160778915
-21.039323267283006
-35.37213744648749
-16.287849837939692
-5.384073144793281
-6.467003660952026
-37.50651132274558
-10.499680239591221
-15.911158713294956
-12.831995197047346
-18.312693843402226
-14.214413904857553
-17.757404383955272
-14.70418943805656
-38.71364651011218
-27.771995354069574
-15.83145583491005
-12.500381555087055
-13.528727086215094
-6.167316424627719
-36.3985814300879
-7.971469694881535
-48.94879667788742
-12.94709655809545
-17.918739418711986
-25.924817560544657
-9.275265776120948
-12.205550607841433
-13.287790012200594
-78.48875855432235
-17.401805078575784
-24.91656458527104
-8.420639876169187
-7.897511677691965
-8.619989586310998
-57.67587423283184
-49.88681999085933
-20.768518886002134
-25.428055114655482
-7.450436462137204
-14.05087253185697
-19.600412495398196
-67.36907382662183
-28.068418823593465
-60.88496700873218
-11.700916577252404
-5.466212222864669
-11.710934363180142
-17.547034375426303
-13.19103414260679
-25.71102701798347
-46.978843027556856
-16.516411364093173
-40.37952133876484
-15.58739863715
-7.137908002435699
-33.66126876442553
-4.242132698577869
-27.378643022115813
-4.668109031814843
-43.623488992326216
-27.348838467871325
-43.74528383869024
-5.369488688342879
-20.968247091634233
-42.12652094815222
-12.89551494416602
-44.52211681811789
-14.329258529601468
-15.970787831719512
-21.334331922091152
-32.627146123444014
-32.58718945645505
-23.602747725336588
-55.04708391912355
-12.593756266544617
-7.837100275105914
-16.080332548731732
-6.25080662769502
-21.308153864912413
-50.37573895208358
-50.92855439521123
-63.91863021507273
-18.38912074653849
-14.601908158918235
-15.094636493367084
-19.358095768157103
-7.914710370539899
-10.390813287979228
-319.55970003634366
-22.251722839501635
-14.12217252094585
-61.57617458579406
-24.50254905800701
-14.405115992380072
-7.845654812227775
-8.537817699173246
-32.800074352519545
-85.5687396259047
-20.431332194712034
-105.36234963704203
-20.601971074036143
-10.4559530713457
-17.764917956562297
-17.862027495022136
-27.938117653284934
-36.95613981010927
-18.026781040758156
-6.403316791907419
-14.619883481079103
-42.410030303821806
-37.94155967310723
-14.639616960911912
-15.368882028518582
-46.66754421097554
-23.308172230097473
-17.994637904252723
-21.232317115735338
-67.75250181495986
-81.45100595257982
-34.80321740291316
-75.56848875123055
-34.27111842085396
-6.624128483961666
-13.43066326297113
-19.886821524536522
-16.04386031909862
-17.36302405015133
-2.721758755681318
-26.952712967199247
-34.57318110596219
-20.26184914080144
-91.53420531528374
-25.803788323244067
2.11701940372446
-23.138508305471063
-25.491046356030683
-10.72349701141638
-32.052480939085235
-23.403189272685044
-33.83250969987739
-14.541896301380916
-7.150969308189513
-29.656755065874954
-6.785932451123047
-20.740217892512934
-20.565596269065317
-10.29531834799865
-13.843899533225585
-15.91212536688781
-46.21624865051669
-4.336609204433409
-17.911185703964637
-22.589165770773437
-6.152102175102964
-24.306027552346983
-3.018270668029328
-37.36865857840696
-32.7655820527288
-16.229427111489155
-12.359056339023484
-87.33393847702126
-17.650555971471274
-8.584474840767552
-16.982440737952828
-14.417339016135484
-61.82680841986353
-24.928607094633353
-12.723660076470155
-27.383902952329557
-27.457851318446945
-18.894936832675754
-28.79606019338188
-15.334092568254187
-11.122646710628038
-9.808319240549752
-18.757379994493828
-30.976625931390092
-16.99312231118512
-11.83651539305752
-10.490727392529134
-22.471662027072387
-6.257317993077815
-21.596835233187953
-8.199718518299623
-10.971733869055155
-19.77117272242208
-36.375388552640665
-10.098476274437264
-10.857447470072724
-13.225298145938297
-31.17574013207798
-87.37108262172498
-13.344121127614448
-18.28156067527679
-11.903019546473129
-10.883512306264828
-17.547034375426303
-25.911836774246904
-16.317584318968176
-19.412420608602062
-37.57604906663566
-21.653612007241875
-18.10300707892765
-11.418466806899241
-17.34991884943028
-50.77576977092271
-21.864338176816204
-16.18159309045164
-16.329125119736137
-22.393485620630646
-8.812046315762752
-84.95253646136587
-5.586749299510711
-18.234328767461687
-20.542565855544787
-8.382115885655367
-13.678097706629467
-15.915635287039795
-24.483644038203554
-44.57286523026589
-30.846374137163206
-5.944461343174604
-13.825237219761547
-12.798482667938217
-15.734385189656164
-13.595120267872092
-10.570934520395701
-29.7268795388293
-5.6139309609253
-36.20485586307703
-50.909003584866994
-9.170138475749058
-13.977274189138013
-30.28389339214645
-6.434914048939267
-7.947853665994213
-19.777946239540316
-18.210046304860803
-9.596153366444337
-52.291318252877204
-37.638483035867274
-42.35032109682885
-31.17578031794782
-3.8908959754226715
-10.52512791159028
-32.0267216566968
-27.14157125710742
-4.660908398284281
-22.628890789480373
-10.501267210848162
-8.709491801847086
-28.88942634831545
-25.059867338529195
-23.676685065520036
-40.373934563262765
-25.781275392789937
-15.20127040134619
-10.51433918102768
-9.777382626029214
-20.861693374455022
-7.866124655183687
-37.21898559774875
-14.454583812737816
-26.190972810886752
-18.198794258698197
-19.962438600632165
-33.00069043331488
-5.923464446935147
-48.90753835524841
-19.111254384105106
-15.583259813537758
-40.49285608557516
-25.398488374141326
-8.660088678118036
-16.019956584851105
-12.64745242184761
-29.704982662669394
-14.56339360627063
-20.63274419700409
-11.338852215625533
-7.996366727500839
-24.09593227106761
-14.554119538581517
-24.875428082426385
-13.441880818711507
-18.210366486969374
-26.467488066853917
-18.100171301304986
-9.273593393405829
-13.61561085685471
-10.836178282202289
-9.598834319424038
-38.22897330173324
-30.184715884156304
-24.27011353377004
-10.263590678349663
-8.917856292468992
-14.401922549591086
-10.421492579142908
-38.1898512208305
-10.07610089161623
-9.866344633494174
-26.74718560563234
-37.10550467907338
-27.25307931034342
-15.522639049676139
-68.79255201894395
-12.40465272641633
-10.3069724544688
-8.803100547097213
-9.988475312419055
-20.03925988806322
-23.775871522574693
-7.59392873239981
-20.45515173905171
-12.999633558217718
-17.41526586262254
-19.837623650770283
-33.368992609213926
-15.794431848418846
-11.117513359480414
-8.548914062399257
-54.16126905421416
-24.954356154551224
-13.665689417373274
-15.694164866426329
-12.334273607643762
-32.481839983893394
-45.05022045115409
-13.351799516171729
-15.321789866179813
-17.845626781404317
-20.12141528324662
-18.14590796769194
-18.4673835321303
-43.274788204544244
-8.608496385795648
-9.198628592733723
-40.40525733912767
-18.014576756728403
-17.25129877011428
-5.442860327237333
-29.372112969094925
-28.100610736042622
-11.40864536019959
-33.85277677614559
-41.6943813470451
-13.827719257721226
-22.812139532413923
-28.958247750224384
-24.141684881987764
-35.29147858483615
-34.33769571358682
-5.999602920990133
-8.90107670547679
-5.885534809784207
-10.251595277227299
-20.42448572119519
-7.044942928485117
-11.541837974841895
-23.792839171457132
-23.92896739642506
-13.765516289375501
-21.112610291706407
-28.88769247771787
-16.989134476570698
-13.193492873072529
-41.47851774662106
-27.85147002384695
-16.285138114452977
-26.525806007670887
-20.831869672266215
-16.65449888550825
-9.020990789378379
-30.351532135958276
-45.494705788438075
-22.408558060111545
-7.334769123783901
-11.011613629237004
-33.365527669241054
-8.877465229583875
-27.376594799902893
-33.620335843613674
-77.75376418177996
-20.0049921608442
-7.553748172475585
-52.04921068157164
-46.797944678485976
-35.514595947617295
-7.545977743920752
-20.234704507698684
-30.080839785579997
-8.581158466291217
-60.45090435853754
-29.83609392108369
-5.780180816413211
-30.27867909725486
-19.939171727755955
-22.283865294609715
-14.845171885601387
-34.69669715816809
-13.955592458957986
-15.3474316587039
-24.356121395803438
-11.068224102398142
-8.491629099999265
-8.083240056942833
-11.200251719976926
