-12.960175383703975
-19.579536404402134
-6.370289546616065
-8.619020438407876
-9.47059951831301
-8.87871972934289
-11.259559600946963
-19.42007827367489
-18.65758775616292
-18.894921444831606
-7.7422655919254755
-28.506639846077018
-12.755695174743153
-33.987303463860414
-16.978022763252316
-35.718935603452366
-46.09298346721369
-41.04352214350497
-22.365068026560824
-20.120993116152544
-23.682211124165747
-6.938436156002699
-26.831533033617124
-22.284575921123437
-22.90548077869276
-35.319908743066016
-21.670132426391472
-52.03575847468976
-14.076292409889717
-14.78062211996955
-14.198957156054725
-16.776296432030424
-20.66722449635993
-14.149533731212395
-51.37624335091996
-49.90794268871558
-7.0660878727965475
-16.823222175725284
-12.902017951872706
-15.570517177973546
-59.25597380581664
-31.760692279395894
-38.46042797811113
-15.002648339217215
-12.466163320840609
-24.494368485211933
-38.902664309066544
-60.79354101343988
-21.92874795733078
-10.554396283464968
-22.723369849023076
-18.57327406287009
-8.820111270234177
-29.087393109182468
-17.333774411624923
-76.26107244026542
-8.21005472151243
-22.87742061380693
-8.375938001102625
-5.506449064756357
-23.33740202687035
-18.182187951629132
-35.779371204483404
-23.359802518093552
-28.359704072988443
-20.269668270454456
-28.781724150051186
-37.5480939933092
-77.77467963821576
-24.20097483928093
-30.347617480986163
-60.38196477913913
-27.115496598574833
-9.583426576944067
-9.954793071930924
-17.508757076552225
-13.338611853765341
-33.02586541117332
-15.095381000284174
-20.359391432839526
-68.13777064468735
-25.462283161272563
-15.401384518637709
-5.030379976539351
-31.317614364367074
-42.1790268158299
-37.41402516632251
-9.560221165478056
-16.646352880075717
-56.094567365074646
-15.305400918115332
-13.374038108049316
-13.906703094875265
-12.30843493930267
-20.313548968643147
-3.594975880522503
-13.168027519387286
-11.490079051332343
-50.82269481282419
-7.80406339516175
-53.73341615701755
-18.467736207518747
-4.558567168409268
-36.15720928920291
-22.77088726390279
-54.51657583767256
-18.37536565608773
-7.668793283898251
-44.62805564059767
-26.422415121033417
-35.605130653743764
-15.686421361461695
-13.160155222395176
-25.842398192230224
-24.25272431754873
-15.797436926279603
-18.640779638074356
-51.55129081347935
-6.9245565220842025
-25.746935266523703
-8.378627465332245
-63.748767887559126
-9.735519749169415
-40.72666523426762
-4.310045538477467
-74.91252262607455
-9.029933185503468
-38.96945985159125
-6.525726607634631
-14.85505780607852
-9.4749727009618
-6.4348215386091026
-10.104990084892034
-16.48548885514352
-39.13208137713996
-37.42753387883786
