-41.709658088429116
-10.901637119121647
-12.179878501271006
-14.023614539780686
-9.370389061907131
-94.35950895875162
-49.44849779609532
-9.52165174535534
-10.478774863094655
-19.01713786435844
-47.737667658456665
-16.708011971738998
-33.23192153181908
-32.21485457514237
-48.51609708665921
-20.138219626589787
-53.284424471107044
-12.015747366218855
-72.88827856509504
-126.04354913607263
-50.0771166048015
-11.802773984172573
-67.84977592302322
-14.392505604013296
-11.153236128958612
-32.43445291129998
-19.286513374581997
-26.258475304219367
-30.226216821420834
