-20.66402860592305
-13.899014462629166
-23.471702256617053
-101.95178918854799
-14.216953790261815
-27.65435925899432
-34.09578837765832
-31.638777007779
-68.77253910820808
-70.04540690439377
-20.96920266511268
-32.97904377654681
-73.12831834671704
-23.552445056207752
-37.935089921365126
-19.915686530301926
-65.35044008660446
-45.05022045115409
-41.6578685274794
-23.375509344104984
-31.576167902421616
-15.886697739517897
-45.71008707798644
-30.797686969926964
-31.940136680372948
-13.395860232297206
-25.05871401230601
-17.90983203836365
-50.89367118667121
-45.12314209996913
-18.475615550837993
-78.3600373671861
-16.409867418134652
-56.55815221086365
-130.05460749217576
-11.585116831409254
-32.25767237775258
-50.242529792836514
-16.834058889762577
-36.22474785503362
-27.41204262971767
-45.679196368600124
-42.53215962334331
-42.39988982579158
-27.898324723895236
-21.12056333025284
-18.446726376049153
-33.247673526136815
-46.650352921938456
-27.238116466575455
-23.209147403728455
-48.70756869567378
-27.894734942582364
-20.02741580118182
-21.10542399142043
-33.419145005193556
-18.09621224707333
-14.154928939968242
-40.895935655585795
-35.4276365081227
-98.71041876461811
-15.359135058104636
-33.56557536851073
-53.29085205235757
-19.989104225162148
-28.772626583913308
-30.627717617743755
-13.485323061172576
-27.248372174999606
-24.700788771838077
-13.935082363443177
-19.109281326874232
-57.081196934268924
-19.70065943478803
-38.517208959233535
-32.192461021524984
-14.540132214278165
-19.240748958065023
-41.14998824220652
-15.677704462354795
-24.534647273216247
-23.82924939948672
-10.913918851785828
-28.74403902078404
-39.00558847680558
-45.684147397384
-36.53215479006829
-13.91762192399679
-20.043080003299828
-10.406944100377913
-28.092584912027746
-38.497279384305294
-27.03895657807933
-10.15586995431528
-30.659688160175005
-22.69552366981813
-31.652637303695492
-44.432220609310704
-21.587316302794065
-26.092026841931162
-68.88014762928155
-85.51301282827254
-33.512669525502055
-11.200601993561452
-17.780908853450672
-23.187473243132285
-12.919298541104958
-95.44572971328954
-7.859794335372494
-33.14850880727892
-40.20341025553113
-30.856261506465962
-26.99966610970789
-27.671302698592555
-87.95002328621318
-17.48864921809802
-70.93512393854213
-117.92405036215368
