-37.7789104282095
-10.974539350124518
-27.936089091626133
-22.35595512173083
-11.551315299767605
-19.826830680962214
-9.400922210870956
-27.39715377104536
-7.610007320355102
-10.509218236961983
-34.877210128577964
-6.883100358381448
-74.3528697301083
-43.078518125477274
-6.602930876822723
-7.426907493252709
-38.16125144399583
-23.50907530288126
-53.765026698324405
-25.31590184219761
-11.242480619629285
-28.76745632625241
-28.375563089782815
-59.539103506795385
-25.2680398428875
-12.956259599938088
-27.995438268584024
-57.257242679939374
-56.51568711693832
-19.187683218515858
-15.604320039896967
-18.367517712767444
-22.928328459570597
-35.623321721701394
-33.304007378569736
-18.712344471088333
-9.123039795621409
-75.80659092163027
-16.387633367169908
-51.512142385115325
-7.607147177544876
-54.57213458081242
-6.726408461987141
-22.072518507985524
-9.431056631141175
-24.282281021096694
-10.018272037803966
-40.39119553137469
-38.5022716219713
-8.910405795426614
-30.552396220724223
