-27.379469300832277
-6.572059905588674
-15.079270791235903
-42.17461857613026
-24.116940572634515
-17.72195063122148
-29.514308244334398
-38.64478114006861
-9.515912475637993
-16.320730922310144
-29.388609267693795
-5.279844551971515
-37.107293080785226
-24.047689234795424
-21.79169469689096
-20.603959976122457
-18.78871047605272
-6.965387291366207
-3.2121005703910943
-3.935858202726111
-29.662451381513947
-20.503526637258357
-15.320979199957405
-34.38967776130935
-30.141977127470067
-6.771439827050691
-50.4296991035536
-21.46595398178907
-4.9017974925637064
-19.579627976979275
-3.433861910740809
-32.56917430005606
-18.31979290574973
-36.32315571118471
-22.758168054025607
-24.77985586435053
-6.915369456299858
-54.6589498112233
-38.78272391087299
-29.577965896343
-19.305714153547157
-9.803601991517901
-4.617976194662443
-25.10026625033845
-14.777687966372833
-30.159840588617893
-15.123426047884124
-20.34536686169905
-48.15421120165155
-5.082013841203463
-14.167957073820839
-48.670657760228266
-10.685960141425932
-19.64213376750732
-20.744912340057116
-18.465918941269585
-51.97490953479861
-26.802684026844044
-6.639668119299462
-15.168669728528279
-13.109049822050794
-28.08009918227678
-20.00924560697984
-18.437164265363315
-15.071062264296097
-15.782715441096803
-22.380668477045745
-18.98836604316096
-13.99375494709438
-84.04255608619275
-16.84860577863933
-8.676831675450709
-25.09843629181884
-4.6430931959915975
-22.668648995256667
-7.806597244011008
-4.7725939397480195
-14.401328838800257
-18.79514615291063
-23.290520460712894
-84.20785565547851
-26.755313560784387
-32.43941077290956
-11.637592592425937
-17.166380610694866
-19.012192891852735
-24.107437894080476
-9.948422591186873
-9.94730412952668
-27.36926796221778
-119.64733771988729
-75.00296640464576
-7.160863547280835
-24.706688166854182
-40.671717943738344
-14.10519542776867
-11.13950350315306
-14.36173253662882
-13.38926545990805
-6.817018887606172
-5.592562087806
-46.6066872669556
-7.184641308094903
-15.115439380691166
-43.22835888628194
-14.478596551674338
-47.21845993592839
-3.3549417621164617
-12.970340732521338
-16.995380498347398
-13.182944470248025
-14.064419101826267
-19.521716866822175
-15.653565725601892
-33.822877849994114
-24.625846251515366
-7.247863222726035
-7.899771354025735
-2.2517108340739886
-26.931539535886547
-75.2023154761448
-12.611779623610113
-27.443974163509157
-27.052777342435594
-41.8845304437278
-34.580200506404935
-16.345957733436045
-8.194308647226306
-20.587778799779926
-12.553798562410421
-17.814166071339997
-40.41671619467965
-45.521601373236685
-27.482827691492854
-7.9684583486403024
-28.02121741927969
-17.46324618868016
-13.788468437381335
-19.927308555141515
-153.48649711015486
-22.501814943515516
-9.878872805155096
-21.839107254193646
-7.012262417070192
-3.850118550028024
-7.586663547799197
-17.997006426825134
-16.741253754957157
-19.821148271407907
