-32.85455515569355
-11.715024354124195
-9.4886009742132
-20.436059186402346
-11.00709537361341
-8.367799845481768
-19.358436844463807
-43.838405717891106
-14.647431084978948
-11.113846296834073
-6.3725832777096745
-4.032149471262499
-21.123337926529288
-16.91878367001696
-22.24950121277136
-35.48622713826458
-50.72104680016829
-33.25091321568099
-12.845530257001693
-37.55537001591888
-7.2666173444633735
-16.926083400045552
-19.606372541148538
-12.375847421565574
-23.35310962218601
-21.632437513809734
-14.968746677703399
-14.887017891604026
-19.0091977844623
-7.652105860807096
-5.590749178630581
-8.393192215824882
-18.650450719829582
-17.143620544549727
-21.55412225752163
-19.092442454482846
-7.146180454786281
-12.200155014781755
-19.99891990575783
-11.373106307721251
-9.448468036120186
-23.614181068538926
-16.552731671347924
-54.86140744692938
