-7.510465835699772
-39.529389056194695
-13.667303178477038
-11.105917943846988
-3.43815259172941
-9.58695994571521
-52.17761535575016
-0.9290624475971263
-11.802651237542673
-26.756950786700067
-10.186029710885801
-16.094654497403923
-18.975292705843536
-12.71420635688017
-11.830249291399316
-12.614165814786872
-2.23047417188206
-28.138073619035158
-30.03897095225612
-3.265378231701503
-12.565839873115594
-14.183477179844761
-13.676536542574484
-32.391587490407474
-9.101932863177618
-1.7845758325464245
-64.60920923707518
-3.5335592852348565
-11.265719617590719
-5.153341261272146
-21.639726378016334
-12.244426019844425
-30.748314562597287
