-52.35441421094078
-9.234774833841666
-25.70113715734633
-18.933587143589985
-18.335645105122055
-24.814228243004358
-56.50743210893258
-30.243636952471547
-68.2993712645696
-52.00223179982946
-39.21955728935201
-55.788237971160406
-77.16590124599257
-25.86788977818052
-22.838181277505882
-25.46438324395984
-23.831925847333014
-8.93920847371441
-29.421055324058347
-17.08179647660265
-31.686541803297416
-19.662050750083875
-86.51094541172675
-26.280320306091866
-32.335195696088526
-21.38275564176834
-21.57043600374298
-15.827561982804214
-35.67379579721454
-69.85384827751078
-32.3819606067653
-47.58058926262492
-43.19890465146288
-20.198744030537544
-46.68531139484286
-90.4733875286863
-69.75291645606313
-37.56226492694996
-20.07416722940342
-39.348591995139934
-37.215987790143636
-18.982628875977266
-77.10860423056579
-29.738351344571676
-117.43609348902017
-31.824715774847462
