-38.15188323298048
-34.22812740704916
-11.802266759156392
-27.757205119794087
-30.332717318970168
-16.904088124988764
-9.691922522489294
-7.565588609230737
-22.241031053101576
-20.324700067184875
-25.74798699063407
-40.04831862308335
-5.23433192623521
-26.446110332958785
-60.89920500983282
-6.741313259808294
-76.90398909496989
-6.811556435442801
-7.233901820816782
-22.93674463107338
-29.38883248841225
-56.96053244370091
-53.42550195615032
-31.397429204034278
-23.841393101272008
-18.503231837100856
-16.14185785102907
-32.49770228305185
-50.20335483151089
-9.414221611954273
-23.688971768617378
-4.057561428591902
-12.707278465018941
-39.26555882296537
-27.26479930333944
-30.10677706995871
-25.690110669304108
-6.697734036734298
-17.798993472220406
-20.03768610574085
-8.745531024703675
-56.47425764727588
-26.11604423952744
-15.857611488619357
-17.871173896515316
-123.52894318054396
-17.71722685705208
-6.607107580636643
-11.525658585483013
-12.586770731246657
-9.687484144541955
-16.18015395152245
-43.58488990044778
-55.52270266608749
-94.49077426647436
-80.56860082278837
-20.305044263449435
-43.22753460423977
-20.106551230174798
-6.19773131672972
-6.733352824627545
-13.678450853578743
-21.026831675693995
-38.92019211699594
-19.924020805383144
-10.441634223081653
-9.282875650237203
-37.54668494807327
