-69.87601959422268
-19.640684052365955
-102.68139956393185
-30.495433952662356
-42.264602226358114
-30.889893580357196
-21.29004251654929
-24.971472972352355
-19.24334419691869
-40.69079396643256
-7.763780337539069
-66.19654190548728
-78.97845957675393
-55.560346832775956
-92.7904602303948
-68.36883312606535
-97.31755370399503
-92.89662716309866
-18.77833313124716
-38.66866723110615
-43.91574731599367
-41.98956359326613
-31.454356992901936
-23.938231133195107
-56.89013348093768
-48.04024479479042
-13.348969114151442
-48.8701574857731
-13.370898870119014
-50.63181422989208
-23.908152548830707
-6.71992745332917
-31.453106999539205
-16.904162431019735
-33.90112212795025
-34.37207898409118
-17.76117900384655
-17.605909883764614
