-30.622918356669615
-19.070333259578565
-35.10635271876171
-30.84812990978873
-33.90140765165022
-26.73134399459007
-15.583123323274876
-71.60215546176906
-47.48514749378477
-7.951325808586326
-14.181305205488536
-62.58673159848778
-17.31726956811837
-179.91007604636724
-12.227502841287023
-51.06675674964129
-12.129501999642487
-28.010728317736863
-29.490721987731146
-25.72308871225008
-86.7013847567246
-9.98990350704763
-10.215377023518245
-32.31454672077306
-10.333944036185205
-81.4631819978937
-15.392383421498586
-51.75218881808792
-109.83497445994576
-9.534737848995922
-44.47675675900352
-8.382963549565638
-40.48109766997847
-13.744255923396862
-31.77618826409502
-13.172583686084387
-11.301316195581947
-11.013621610919536
-85.35002015929652
-29.583042327833766
-25.664593047672838
-14.383646352276605
-17.287649424716545
-15.027492766547539
-26.104197648104332
-12.635483346204774
-17.578147083734038
-49.918172926031424
-60.03292744472706
-26.206140130473614
-7.826215575204411
-65.08013347575972
-23.15756625445962
-10.087774248712376
-12.350348681674859
-24.73209647641938
-37.791931779677554
-14.425852828324093
-23.12814248357318
-37.873662757172866
-25.19108775389684
-38.4002190202168
-15.757152630025741
-34.514318921386455
-10.750050914750124
-7.699497829347569
-4.637955393118945
-76.17444905108542
-12.372574179870071
-20.550655640682923
-16.898699054422718
-34.774876644888224
-12.979334322852248
-26.44583813169979
-26.806172497462214
-20.297626664000546
-44.286309661310916
-4.396059615881326
-11.3640482966983
-60.8535981435851
-13.66444807907485
-17.064059370655897
-55.27669547229376
-15.056733802973357
-55.94677385044126
-14.60305182925415
-27.554243751459776
-40.125948444376746
-12.167061787540826
-11.824792709342614
-5.978067554976598
-44.28633921490817
-12.032999250732251
-85.49676700772379
-19.022786647070607
-46.710602638365884
-21.297391849724864
-6.827404397075227
-14.609063840668714
-28.45927678472944
-44.85532205251392
-21.811709966211808
-24.05650450935789
-14.264528907160498
-15.056745799195602
-46.63691818898617
-6.173740633659398
-68.22447442313212
-27.25402776832448
-61.87363522602466
-15.005154301646423
-6.611852449106515
-14.807626516059699
-19.283301957303507
-13.412455898672988
-14.792538126696886
-13.412045764278421
-12.01910512638817
-23.176093673032657
-40.940892681101545
-8.06567412550381
-40.53323633223491
-65.19290872250498
-41.80196189726627
-8.972480553259947
-22.404516426146753
-12.36194149178104
-35.813026198961
-25.38740915051927
-19.451423713356796
-60.753961179374976
-22.92491786241679
-15.72606619160233
-29.7807063433823
-23.527800751410858
-51.506191136819865
-48.3177805824239
-103.98802755581553
-20.44929139718618
-16.509324957851067
-17.473636014085248
-20.707516015884995
-41.39309310730946
-23.946236258799356
-56.28966876954515
-17.360795582094926
-26.186187506321374
-20.14057958654202
-11.65768519916745
-13.431749230750077
-15.200618942660892
-36.52274539247333
-27.431765888277294
-36.24154060875132
-39.13633837863292
-31.10536783531878
-127.25029635535189
-7.670514566719818
-13.25563125448707
-93.38294290166223
-18.257395158248674
-117.75957085150006
-10.295312537246623
-17.658751564577248
-30.686820758055994
-11.988416736230931
-20.168539006022908
-17.75854892595802
-20.897956753745056
-46.189529755820594
-25.94448387692222
-23.302882751045992
-5.93501840705846
-36.12518800916444
-14.823838460148515
-85.37907148797997
-93.24833725027938
-104.70748797462552
-26.78065427665266
-9.798098396856506
-24.19568887564091
-14.207252135205911
-49.16946585837628
-16.37992928395464
-18.85498238665971
-44.97015996999531
-28.409179678643326
-8.330331377431145
-41.55240697168548
-13.289416221771866
-25.92281846867099
-23.061606029466187
-17.909954402265427
-15.10258583228786
-41.66262911623033
-10.26931128041421
-9.962206402632582
-36.511887022042345
-10.846727935209556
-31.470830945119072
-6.849842735633606
-100.17333291193286
-21.91094608967744
-168.75960296947056
-22.488346705329487
-22.539570983986067
-15.214594371486097
-29.94087533483433
-43.34798876886453
-64.04046719818943
-29.948488948186643
-37.77299278795167
-52.49973867583156
-23.196285167373404
-55.32726325619696
-15.749458734833912
-33.866277084071946
-7.634975360872318
-21.275680496613067
-14.159386916688232
-27.182135164759863
-25.217724215018414
-43.68099693813255
-21.017043275617795
-55.74587240567038
-44.4809774438289
-108.62359727203902
-12.591983771110055
-67.88096231729298
-45.62390128988503
-67.91114101151327
-11.96583754822163
-25.364267837814978
-18.06769409939375
-36.06419554111512
-41.8245916749077
-36.59634803875796
-24.76084891066314
-41.22170866755323
-26.96032420239219
-30.132680062337325
-4.772352003208242
-6.6431880349457755
-6.590758232153993
-14.533677005708189
-23.391797470702002
-30.877226151077313
-34.07662004225684
-4.630579592763902
-15.123175070698451
-13.512920544656751
-32.11204836071411
-32.788217426422094
-33.71344785057404
-5.679018322129651
-17.20769961816695
-17.736903999370664
-32.33921642129549
-11.222891410043623
-18.28395787215532
-44.42947849559493
-6.620010957093742
-18.54511646253604
-19.044014425532577
-55.757463610595515
-44.37090593114
-33.779252553230094
-13.802222642882516
-45.28291290597402
-2.9745747245580785
-13.518286964314067
-10.368114130926838
-15.474071667890978
-56.91859304500698
-17.80992217550197
-65.59845808771539
-43.63854973670083
-26.689953419572053
-39.62194509869738
-39.87522966134086
-6.644231205623106
-38.283144332594574
-34.23641327570895
-18.285709435614752
-79.63016031927857
-42.56491623680783
-23.68618788156203
-9.995405682484394
-11.980193443021657
-20.831185946678268
-13.039134767589204
-24.61688819891063
-12.043974583293805
-31.249991378608517
-40.41907084380788
