-23.48365298041927
-7.723316163584284
-4.092889161031916
-28.842647526762224
-6.096042006730453
-21.12740945696257
-10.247237907898024
-9.30735348013205
-13.716794276839257
-25.196818710582992
-16.15352696680436
-29.61477230328055
-51.04476671253554
-29.409447723011752
-7.076485460705295
-10.198307971625022
-5.597351115798184
-12.689599608834193
-10.064567316462139
-26.795537137394856
-14.562138488709834
-9.301225125058206
-10.288886541501675
-25.1131875251836
-65.89138885358474
-9.352671688023587
-29.25986850971852
-7.607746976577595
-12.989136870918417
-12.69306792433857
-5.425783816124218
-17.909572619327445
-4.779119618849177
-13.426425840101833
-27.177094903696187
