-9.245682404179238
-38.919235887967936
-24.789773890698577
-18.158873598050477
-33.469062460512454
-9.442488198070007
-21.708600244000866
-16.395520097277
-22.08492919182534
-15.366817784076076
-13.62147105957067
-8.665783336040846
-6.014279597675865
-86.83259157491548
-17.43867857385208
-75.92205088086526
-27.436914550285568
-58.97858355274053
-38.513020688626625
-10.333944036185205
-46.01372143674269
-18.994556132238408
-4.605827354870839
-18.28097157011988
-53.549812003701746
-114.71885248322025
-41.49173381330875
-15.781990669917855
-14.82045879278319
-37.6028283778702
-17.605122496523666
-8.326252729842702
-43.327065871788875
-4.778344799344336
