-33.92522278867737
-20.145559848736657
-174.15968445586952
-20.71944283009981
-25.698729036854807
-14.615458824723104
-32.40753299249706
-7.118663385485641
-32.057523672333694
-8.619681948962722
-22.990003497209162
-15.16620658293671
-6.442164696418332
-48.69566843185984
-47.48418847436088
-36.90328918920551
-26.253717840713996
-19.8566636269317
-31.616733277176394
-12.259839323261158
-19.628210992092182
-17.645583524334704
-48.607998031124104
-27.291662108204573
-29.671002140936128
-16.51398819547636
-22.02953108898183
-6.5675309879888895
