-27.619339776225356
-19.25762062034591
-21.640734730983148
-14.965958044747373
-3.807068542638999
-52.58322599810302
-9.160661545103197
-32.088116409474864
-75.57463862543277
-3.176030963059762
-8.34103789408812
-17.70475987838545
-11.735464806071505
-98.88045520371121
-23.71866645468175
-10.645890965198339
-4.913993935275728
-3.6451714204788437
-32.266272286610025
-0.23342293883598494
-12.537506911262348
-0.7578824517566368
-1.1069204741399743
-15.571534827866214
-7.991031566622988
-9.414750481198844
-2.456241938923833
-17.191896007054787
-10.210314075358788
-0.9169488591446151
-5.279056535000647
-7.443165801002047
-31.90628691336149
-8.251351649907486
-1.6225562093885049
-5.474853639583205
-39.838892906019254
-5.718671467252201
-1.8599863367368974
-9.055682775987492
-16.918517614772558
-40.93848194259759
-24.104262249803654
-13.33545997028007
-10.512002337550047
-33.50475678346951
-32.61765156702579
-13.504307705015846
-37.33331510550608
-7.843357532187358
-8.821560590820052
-9.010415187512985
-17.83114356016191
-22.03117072360116
-8.158325928267908
-21.127299694050972
-23.1215848025927
-11.32501508964732
0.12875357592430414
-7.541918280815803
-2.1764414207514777
-30.891140203821887
-11.063585625592852
-13.37121920933267
-7.722033491399197
-21.109231576327513
-9.38060228174876
-45.964649100802
-14.159574547836325
-25.970078686001415
-11.329256545453317
-7.9656606349450705
-29.465283302207194
-18.354515304324377
-18.51634299264149
-6.805389280649583
-18.650967269886795
-18.994799016060153
-28.45536331350542
-9.893814182938492
-22.599540347722623
-15.749750908012196
-77.72704304738183
-1.2265735744808481
-12.230548701701695
0.4519590981445573
-42.617402969700564
-17.01314998725751
-9.977150107779224
-37.73789427925769
-2.823200519666836
-14.935816817163445
0.29895162357081106
-13.476075563354767
-16.480022411535685
-5.5888089878299
