-43.328990866039135
-7.990159773854582
-122.17515791040752
-24.078231593589262
-8.417934020533723
-14.600732621520688
-14.987150838680643
-33.065745988712436
-71.65735907887863
-10.764625295415138
-40.818078777849465
-99.45606326557193
-25.218200134752554
-31.278057914079568
-68.50375653381793
-4.764880493314202
-59.74867874227461
-78.63900313988967
-14.407201746673914
-31.233196936679825
-38.122209891364754
-43.15615617611401
-36.21356646707045
-8.46597431461435
-29.221155779494783
-40.025260606906336
-29.01352836387033
-7.063133127003522
-42.615168593802856
-12.41552796054826
-14.882934127250614
-26.695766686199843
-135.7469145388604
-61.69908877688778
-16.64170516839808
-19.887250646366066
-34.578888971391386
-14.448527777143518
-36.71987647676727
-25.111924701102183
-4.215285579373447
-32.36057818283737
-44.820414547176306
-11.565398593988288
-25.378517316488335
-5.023498938758355
