-80.73962895523417
-14.038726436269478
-28.84203995112119
-59.59828884608173
-14.56265327121479
-16.647135475138217
-7.80629744195859
-37.27462545286598
-23.05574200109465
-20.379117623021447
-28.64868576618256
-24.35071974138244
-14.453008647858233
-24.2395582545801
-37.68608780232523
-43.35493945727461
-56.13005036980908
-88.5155281609555
-64.85341555903707
-26.128678278057787
-33.43608223321053
-14.36341994425132
-55.68512377555732
-77.57338526347013
-50.148933903628865
-61.13641255810499
-15.469761450569209
-35.09758085870894
-16.37126073054532
-6.827200398736608
-53.14703097195397
-24.349633725212797
-31.70284284953793
-33.69323619081505
-12.940664538456776
-26.097694888915417
-55.02913124803114
-55.03464590242717
-15.88084528841333
-19.01472733350195
-36.75024859880564
-42.30062989109656
-21.050790721370806
-124.99680232032698
-75.63042703856323
-15.12869210944694
-10.46237243206206
-54.28830877469215
-25.89975373468403
-36.41417447127838
-14.815254448109833
-23.43756652980393
-24.677494328285448
-48.157727169799706
-12.56176051926822
-30.332963604099106
-29.02697856136225
-24.667366742538714
-13.50829647790348
-12.865576356109838
-17.269863143988147
-84.51629214258155
-25.64749569059478
-72.28743742857633
-12.478085780920768
-140.92776378829063
-44.167390130055644
-24.065849715285147
-33.866277084071946
-19.266196846717172
-36.022870247832614
