-26.447735224239082
-10.61266467134061
-6.287607050663041
-21.64323205981505
-6.284294882532101
-71.08124299070813
-50.90719010447789
-24.808146844944964
-13.983000802532848
-107.67689498405016
-7.9612642841120556
-14.069284355999548
-44.81701865730734
-10.124934175283661
-16.250439732998665
-10.514076651097302
-30.351733527476824
-5.022226980365396
-43.39691899643626
-34.19833184467152
-31.763985102575152
-17.14606142374095
-16.863013375144185
-30.237666653058554
-9.991318968614031
-10.828709986781062
-33.11261687974032
-31.998154977906154
-66.06722262728084
-89.61831032975657
-9.438267118566564
-50.88037123622723
-24.540926160192512
-36.95310101648374
-40.73095691094047
-28.429654679594005
-23.194442177719694
-14.352231982625328
-12.894722423720909
-24.11074510126384
-24.0330528117216
