-17.509345933981557
-14.522323348354677
-39.04447173349208
-23.128007969581052
-17.064307822512266
-30.51108617405076
-12.746421932610952
-6.263899690498893
-17.486177600849327
-4.026695754002576
-6.540082094661528
-8.940812705431426
-4.009491795162056
-9.180145536377392
-17.32592591823163
-23.537092796675214
-7.905466546764128
-9.897765523161402
-10.113595499820734
-5.807877352225557
-29.203013210773452
-26.860739012480927
-8.778144962158347
-16.599200617815992
-5.089629905106593
-11.585570369147632
-5.5703954699090845
-22.99312814599091
-9.237747779853628
-21.122148576200065
-25.60599805877257
-20.26086480596851
-14.095371782852997
-6.615435180666258
-3.0195403736237085
-14.652699260227086
-22.17926329818193
-11.182407292844301
-11.680589599775073
-3.9063686942148528
-10.552182918705041
-10.968379695669528
-8.646910722155766
-49.73183850817612
-15.758162941189635
-2.593377985307606
-9.47391088732794
-11.601427251903951
-15.876608483166695
-12.972842447394656
-9.223383877132749
-6.818317483484366
-11.254151344091534
-33.69252423144057
-57.643421084430585
-2.788081390421603
-2.1810479423775395
-25.84441599360147
-5.80475695218931
-15.979090204720233
-27.241525417401018
-19.86993188009539
-10.969650103438077
-6.033002466625782
-22.43040856463158
-18.138814380180435
-13.39889494263195
-1.9319302252390935
-59.976212243016555
-33.176614256286925
-5.759856792601278
-43.175670952585584
-13.85766850732355
-69.26603934807275
-19.654421457401163
-9.53728281120762
-18.463775547039226
-39.31356284709463
-22.821419188181583
-9.531386509223777
-8.657018149265694
-4.580180098404494
-15.437567335368426
-16.196312430696942
-13.880644632951583
-22.868304178046863
-3.714371379681908
-36.69399651877966
-30.595118576174066
-4.576824476240675
-11.211080624692721
-26.635973755329147
-1.796595954907726
-4.0647976832343415
-33.99683990350495
-15.715701334772731
-20.85310923809522
-26.416686335515557
-18.544783871354486
-4.436919490735536
-17.892079201831027
-8.041502774861572
-6.109973005971894
-7.047175951288262
-3.7996004764288207
-27.326227501393532
-35.56087178789546
-10.699505692250767
-15.698910805810835
-36.09863398178699
-29.81392880307534
-1.1941208489533175
-13.669188702227078
-11.387681686524882
-28.823642189844893
-32.19681710579612
-8.195568568870945
-20.680086630847605
-11.78754596462004
-5.686035345242642
-16.44885651960886
-4.327093599095835
-32.91366056493032
-23.86896089244807
-24.745843158778477
-30.084523936465075
-38.02796163806831
-13.091828731217705
-54.922185591201725
-15.494903437035438
-8.119696863787999
-25.12960061594306
-34.07118029809765
-5.0995231027018715
-18.427115515912114
-25.77387042644559
-21.026414555657013
-44.36049557775944
-10.499345507713926
-3.0240563013800927
-41.72827909093947
-10.628510327937306
-8.500909407452042
-108.02056691335511
-11.485202648121017
-10.70446892635604
-8.217345382090716
-9.65978664545182
-4.534200896441578
-11.027036807445434
-6.707990306089689
-6.36417245768864
-31.711475698600438
-10.131266345251383
-24.95124538522926
-2.567209232122287
-2.550038438106262
-20.19326558722904
-14.965615070326887
-6.25311268561211
-13.317510467241787
-38.47468600473121
-21.863671974855247
-28.24644863205799
-32.96800268282835
-21.594242042678424
-9.20038941992317
-31.465376142659743
-9.04377812374111
-12.044560474012227
-7.738305527849238
-39.507697746636815
-11.098502196925928
-23.87830678061661
-17.9990232745216
-7.17222781492921
-23.192475233103277
-10.398459860251261
-1.1977623426460788
-23.244465543233005
-6.85905657610809
-5.742915896797606
-2.8978672619703736
-22.993222928576262
-12.484626631379486
-13.030157048576372
-17.96150866722618
-12.50816898666198
-11.262202744835017
-3.497958588963374
-16.827384306546367
-6.48356773032261
-21.577716422476403
-38.1475706407312
-32.23578624445484
-12.271113718075917
-6.065499895518744
-10.69681810421025
-10.420520214128295
-13.002242626469407
-53.862208141759965
-40.42580351975587
-10.51621745116619
-82.2257050466921
-15.026704276957398
-5.007047593853525
-73.1792604379198
-8.440925204917049
-19.146850034841297
-16.911964168999877
-16.488987422293068
-12.07256993654123
-14.827993580850743
-18.745109057662987
-10.033891495229275
-20.47834225013698
-10.033833782531453
-17.406360919546483
-3.9827916308498312
-17.45928799553153
-9.774562137569253
-9.219999996869255
-10.629629220026045
-35.30392955247019
-13.284500669443068
-29.135417994389808
-23.98487181280386
-11.17322707534035
-7.555449865863944
-9.079345122552873
-16.674885766141816
-8.395875439423648
-6.125600766023495
-9.64515880424467
-17.912489419040448
-4.679093854857605
-4.132501471194703
-28.881686800028827
-21.023535007922963
-17.277641477696992
-30.657312056862406
-68.6092833816358
-15.433168686059542
-18.802624019730423
-14.298845157660784
-35.51666519075958
-16.553708714605673
-7.95615089018045
-29.399915091413483
-37.94881799553196
-71.34185621830734
-21.043386942557262
-9.538030148561601
-14.311230220485527
-12.779743350961636
-49.54221667835359
-18.802283815785913
-21.24297581464028
-7.269427265667212
