-0.6544648100301875
-2.652675287361834
-18.68213092032134
-5.149551173123882
-53.784120555516935
-19.670439388492955
-32.27687266271898
-4.306174411953913
-8.44725366892899
-14.330052636633683
-4.587950622045169
-26.892523009618134
-0.3566657181616796
-25.777001419928336
-11.254641995001942
-3.7503758682159636
-0.04100773334712864
-23.713884511666752
-14.967824658234317
-16.786355938941956
-19.33792941904779
-29.994975941650104
-19.274303407749088
-10.952523497082183
-7.104215385903891
-7.920614182222641
-11.955600148513808
-65.06742389575317
-41.63256081933064
-10.693276740052426
-14.896390691587047
-31.12153800018081
-95.66521050078202
-2.0478220808804313
-57.83042712382505
-4.29291860482007
-21.155047013262543
-19.86687464009178
-24.97923384510736
-49.139601142637915
-49.843940211549246
-9.970560066924866
-4.29998327620394
-12.112662099524442
-84.85785046310338
-12.386310896460898
-11.0230927444474
-43.11853426096557
-11.284733785950893
-72.67535712928786
-3.91193270937431
-34.29397915208032
-1.9979560807409902
-21.320376205470627
-44.010063882412815
-24.282120844762684
-6.009332512704077
-5.595441077786747
-14.467135293393406
-11.836987530187034
-6.632755958937774
-63.862395285832854
-5.07516261077221
-7.733178168839176
-4.3974919631204346
-12.372257537018248
-4.853881416146461
-24.177056482175978
-34.82133418017455
-20.57233498592289
-31.47924840235475
-34.43759751005665
-16.41231414539017
-42.50411213570435
-27.23088108043008
-51.28148381213432
-7.941116223318424
-2.169281387661777
-10.100690232712354
-4.4162211449994215
-194.6073134755251
-1.8179550769517174
-34.33994895624516
-5.440835576527498
-9.583426576944067
-29.81286340805403
-7.22970864744301
-2.0585312417953094
-0.12283074808807197
-48.27693738607482
-39.9692824624846
-7.591890128771331
-5.677722097759478
-25.423547309622442
-14.91969095083711
-2.5333481984517845
-7.798071660322
-5.433664564004136
-14.841004709475667
-4.674637502748562
-4.541102827329977
-8.010544679751648
-13.56068518565257
-6.508038222052513
-0.22451152096541954
-29.29437165972669
-10.521912256901905
-5.480722384948283
-32.76075723806578
3.592497230326471
-35.30447937121384
-48.138836088385005
-35.90800916718705
-3.5500690071510648
-0.6567973236348305
-2.3554694158700493
-5.846082250806527
-23.081756735201143
-37.633993895686636
-21.972633230509064
-9.688115197687669
-7.652627347682555
-31.023984477196773
-26.16570527556441
-6.479158580965766
-6.715936420124214
-12.540088062129119
-35.252230668631505
-67.6258460365265
-11.785229886905798
-7.481836025724459
-46.44348316375917
-49.67553628408323
-73.0205486966335
-10.277846607250524
-23.981047431247216
-14.293766069647463
-15.036479685029652
-5.504042492735738
-43.46951646945378
-16.38691596633372
-53.538601129797826
-10.109632449922426
-10.508659465234617
-32.31189973884298
-10.662620784029583
-96.4292673325178
-9.417396438171494
-12.080110906845936
-0.4800162250658438
-22.11643833880676
-8.009797304831741
-8.372357886352953
-46.80671922435187
-72.32179869805442
-3.444227458831901
-8.176167143738747
-13.353006444309921
-3.644489836146705
-6.225326532733584
-3.237277898432815
-17.92832614388373
-14.609411525965779
-5.942976423285216
-2.117047727594548
-18.075463551545916
-4.320373465004405
-30.058094254389562
-32.57112152206126
-3.5337382088651372
-17.368150310289664
-6.691337542476781
-34.121604755141895
-14.130366597927038
-8.893435818935552
-34.71467556990197
-19.56276053431015
-5.262277552798801
-0.8118670737107282
-21.164270566308716
-1.9249557282390721
-22.65132781301626
-16.83657184566056
-11.306537884768938
-16.655659665899655
-36.39818959124285
-12.783721594639836
-0.34996839236944477
-7.131510478649459
-4.504101845660235
-4.8218338266400345
-11.70327263144826
-6.568871910792329
-16.235629472127872
-57.91135055691743
-3.3555171514067137
-7.100664037664812
-11.066985940930167
-7.545685452263359
-19.10942551591644
-9.084742739335349
-13.078241776768765
-10.921771709810065
-4.618198379662383
-1.5568788744638824
-24.971196206614472
-33.10548037002454
-25.278500822975982
-15.775211576113321
-7.725693907833218
-3.8837735354591483
-36.40861772867654
-28.176163560878567
-6.598718332199835
-19.363936472799004
-26.966723639131473
-13.276990576005167
-4.035930375467561
1.8566579171517041
-17.71570987225172
-32.36324790954405
-0.8422756732537243
-27.49528590499349
-42.52466102605761
-5.894113934614396
-7.04032220405743
-3.785610223346876
-6.70287076455046
-30.534109362624115
-28.146478602162386
-8.489425735396013
-31.31876642791697
-61.951103820437524
-23.424522517654292
-11.798721433578757
-17.9970386351493
-13.760596969725649
-2.858794014950321
-41.78517584664337
-8.021770136584966
-8.349186140413394
-23.264328376249278
-4.2813998813937095
-4.88338292947255
-1.5882964731605727
-12.377716040667885
-53.001474433985386
-5.285255439474633
-16.66694820085827
-24.353036718026093
-10.544609824310923
-43.907348942016576
-8.80013815897202
-11.748522879720255
-21.801376339669016
-50.700829334421414
-31.782945127602343
-10.656910444840564
-27.057004676311337
-8.93110583727685
-5.077737612793851
-9.442915250700388
-3.634602258376161
-8.588868739278093
-12.166135433935215
-22.86584234055594
-11.867017737301959
-9.461247421363444
-31.208259288941917
-1.9056725618118102
-27.806479375288887
-8.410915764242782
-42.4532945856494
-54.7269684624454
-3.6927502270139505
-12.889123316822914
-9.833264331626468
-19.230667660008297
-36.54509545036171
-4.02020242188812
-27.31405077589024
-11.169047511773517
-8.79879833162997
-16.393336238593633
-4.109474148944263
-12.519558128253635
-21.9270230591316
-8.226839562045663
-5.9785978972665195
-3.2587107311407904
-23.448850780472796
-7.638178535860034
-8.944099803614519
-8.509885701338392
-46.67103546736657
-9.987318688721546
-27.16869201546399
-56.115981782626264
-61.252643747429346
-35.276713752729414
0.17817113138381832
-40.23369120905981
-3.8212828384019617
-2.8286187720794946
-3.214028257226179
-76.52757920839667
-29.164981242175653
-18.180159859620424
-10.720692342854191
-5.268637883288808
-0.5177864205578218
-55.504536400240276
-12.035740489650893
-11.42145417737779
-6.126357931449007
-54.15126703603641
-17.032130808556424
-22.93714472819792
-11.405485902273506
-13.639286758456029
-10.365345035454176
-70.3522377107161
-17.519087431633253
-22.37275940493217
-93.83695695344412
-12.03918304651392
-24.26982172696455
-4.08512734151975
-64.3081240668052
-3.169445181547632
-6.5715307682529716
-40.401662742604564
-9.342599840008392
-17.55793239318117
-24.22817179274517
-6.014956945381149
-15.068761707895902
-4.11424168824281
-14.68369456592996
0.3036894598356511
-1.013983017579789
-55.32896805884469
-24.616979925914972
-16.696077136697127
-16.74104608909137
-19.038544858935914
-16.707351244742906
-11.8787701066364
-34.13721925811275
-21.93171829491913
-29.557656028577824
-7.904980599882029
-17.658751564577248
-7.532927318827744
-4.657472573264917
-12.286595722528654
-17.28135823449044
-44.80040409087594
-22.26254913956479
-7.445783602773971
-0.5526993258552677
-9.703668216247008
-9.253714998123165
-12.971411810967034
-7.48423449235272
-8.240223611018054
-7.209643921903196
-14.218592864547857
-4.1304851999335845
-30.805127319839244
-6.866472263126789
-11.673690491537455
-34.2520995757929
-108.16090100020472
-22.925767705111713
-4.437072105785611
-21.722764113656797
-6.209782704249454
-12.969306496667482
3.063213474410907
-0.18562148326011207
-13.80266925119856
-1.656808255794256
-85.7617772184331
-1.9299454133133773
-11.523317016848663
-28.16939870233353
-11.434916681647094
-9.789702700871517
-42.221661126165934
-10.558329416408082
-4.248227183977869
-37.918454528320986
-8.876089075392178
-17.28565894106297
-38.412901396288056
-4.740903612027806
-13.76446337090304
-9.500764646641985
-6.463740871275819
-58.150594711605315
-18.67959877987791
-16.163576618876572
-4.866049400141906
-1.9346995822957451
-5.330291443464399
-0.5705779805506175
-27.035167557951056
-2.732379376034101
-1.7887315296442226
-30.66993553025126
-19.22585020311868
-12.530263582745853
-8.10119163015876
-43.209671121741444
-5.000624122451266
-43.65789268376964
2.5503771494095515
-15.714407719383631
-11.436032899367701
-4.794113565158453
-16.491775613449953
-27.302410017300396
-3.2922320415829387
-3.2334705166423
-2.544323963505937
-52.17459314330612
-33.92256199591841
-19.605301044311567
-49.013697035415454
-15.299149642930299
-11.785191093538915
-24.769934249461713
-2.2846380192197153
-59.39647333889208
-11.953834529609372
-69.50710309101139
-67.21316720078933
-15.837398057655358
-7.86458720898533
-48.89293863099301
-65.6251778192326
-36.55556591738476
-23.632621409699166
-59.32860707989419
-14.52647486080719
-16.17423917873195
-33.50204267026231
-8.669824143964167
-36.13415048417126
-32.29892724353956
-40.58161923122331
-29.490570325139828
-4.182664950440447
-12.898869496399938
-49.48151975223459
-4.764421960968994
-6.218163149172962
-11.397092594264002
-7.488648596231823
-76.22348728443184
-3.393285808587855
-18.197341418013337
-64.93381146276214
-25.913277234671586
-6.83409715045694
-32.67682157548756
-34.596531945028
-48.378963390072066
-20.23701304783998
-6.875037469762031
-3.2335141168048263
-1.3178013791742513
-46.60613709593499
-4.755357765972298
-54.24776026279641
-46.48335640826487
-1.620545844969043
-11.788370075597257
-22.396956095924683
-39.286756470031335
-18.57274562675673
-3.4217608316067105
-30.896204601090922
-9.131428425654812
-14.38878321650598
-7.260619212899269
-6.289455865187578
-12.971039678128307
-6.426446504596988
-40.47775877638153
-7.450442508270325
-15.736869084127438
-1.6887591162424018
-6.067905523770853
-28.67577730685155
-7.340670913688358
-5.7993214700080875
-3.696637121950131
-27.374657456557863
-10.563800686216277
-93.35190219680555
-8.834317661157492
-3.2885495449592956
-24.886653703256496
-5.3040770991715505
-6.534906675008689
-23.441028188329007
-11.866072029453317
-10.30854140633275
-0.8443635789254936
-11.374706158167982
-9.553379461415807
-14.124917645459462
-4.555685473799677
-42.83427782101142
-7.924736041178248
-1.490910246993095
-27.72739361166681
-56.77069077614335
-26.488595660903556
-121.15651767800718
-11.300433957654683
-3.564035035679221
-83.32193060647388
-29.75132603135493
-14.102158346113733
-35.538754937536616
-5.269209990825954
-80.9068378694807
-38.67027804450858
-9.045671558200524
-16.60618938607485
-9.948601214373673
-32.02028187755625
-5.777281447916291
-0.42873886899578145
-41.88554110276251
-54.53230443671213
-42.3468196981489
-16.39171890559742
-1.7565351551129909
-17.329592593349375
-26.54519924349526
-41.98635322077541
-15.810191498115271
-68.7332919279683
-14.677218940767712
-5.516995183491194
-11.813568539537375
-54.08046938642875
-11.885107222098439
-12.009154125858878
-4.635154439067205
-2.0478220808804313
-13.960789636693242
-9.968111287759235
-4.157885061706251
-14.39191303319142
-15.064794968133675
-20.71887249371859
-35.53649501605018
-26.288345995168953
-8.86549844033492
-15.556301499153003
-3.230795190850377
-5.0459096806562505
-12.35731971611156
-2.7415421627012035
-15.175477101830793
-6.63357960934862
-8.541395431178005
-62.53260579943401
-16.464632708054665
-3.2967026907065287
-26.587214403272768
-13.255503056510051
-9.80646336694912
-14.826768535941905
-7.963364831831845
-2.107492253163604
-118.78378656818478
-6.754802652239941
-11.95246273971662
-4.666746190680668
-14.174559054165151
-23.838525597008964
-2.4376622182931547
-187.97167752828042
-1.7241343091448278
-3.5850746126494117
-3.1003533530818634
-8.014413945513336
-3.5973622038269024
-1.6975048709530463
-24.441610175572684
-12.786303666918075
-62.166759104405486
-26.172228388764882
-23.61720937261348
-17.023777873118153
-12.99174842666184
-8.887310215194384
-15.490887062543695
-72.66249911327988
-14.548160415179568
-4.197580887960554
-33.21034225176148
-5.631477083241294
-56.89167161538715
-8.73427702715116
-32.8966220600429
-5.698004366775465
-6.885085557031844
-36.68043435483399
-16.48103900288149
-10.210628641994678
-3.899337699886687
-5.016962503365029
-43.72699357243392
-27.67455112564034
-20.067861277183233
-39.61858302909819
-2.778328724547753
-23.84736819167003
-4.567833514787785
-7.814390779564891
-7.177951473846194
-13.97788401934557
-13.039884335487564
-5.860769044287184
-18.52585284881778
-34.253749667857505
-22.54617619949498
-25.78007545573009
-8.68279209472612
-5.022725869753648
-20.02295654919185
-13.843841863721806
-21.29589595918046
-24.430161465600566
-31.99105419099776
-2.345482600499588
-3.0681880062533318
-290.99859069017845
-12.251961433477135
-10.123986081945318
-9.609515778331312
-92.13610794469754
-3.6982837693714044
-31.8911582027572
-67.15174437277531
-21.96278091538174
-19.568371652226777
-26.15419660370534
-9.661886087861333
-30.54931831265987
-27.867946605494794
-14.687047819713039
-16.585819002074786
-1.5166404287343134
-10.855362578673361
-4.753440892164683
-35.87364430567175
-23.313033737456546
-10.450512216907764
-8.284640550810833
-27.2882124429927
-7.770716038316899
-9.027285285356582
-3.8535522222530125
-12.818781193185806
-9.731761624191597
-3.0047392704341185
-1.780506088695921
-1.9675952971015853
-15.504645304318723
1.8189474319104664
-5.082060897051941
-62.33252463463976
-44.675373667653844
-6.206590183615357
-90.77841164862008
-62.88276807871796
-19.012439429266223
-44.746577385037234
-14.576400683905117
-70.04420875834046
-20.17410385912479
-12.247168985735142
-2.2420129681489325
-7.2937422843375215
-7.059905717828285
-3.0961330554373254
-29.408452978381998
-3.1717518448606787
-13.55465359495226
-29.768071790220986
-11.034657916435828
-13.004399492448952
-1.5807767703200344
-69.63343145878521
-15.206581876544737
-10.697347368467945
-7.279366558811693
-0.5658555869102913
-9.060138825876967
-0.701824008810418
-1.1364601648042911
-6.7594349559975235
-19.644379302018244
-12.527245862989151
-12.371418974733443
-10.122874313664886
-33.7146438417196
-13.661732662002368
-17.048036427794614
-30.77004575338417
-11.342415981503603
-5.652221989745052
-14.21447778446367
-28.742887020579857
-16.85788062477106
-24.716837221193344
-16.113305057293882
-25.17392419806657
-23.019528728997976
3.7368529935792445
-29.141959540283377
-32.8328606115092
-2.8111201730924034
-12.15646247729841
-3.5529395342487944
-8.746589676047053
-5.376329142681177
-56.773496077796594
-4.732815477044621
-9.594706110077034
-5.242837420368344
-10.55530730924189
-35.605130653743764
-23.764894346597146
-20.989852512130312
-9.248034174216142
-14.422383254564917
-10.555509837637315
-21.76497945337728
-8.172268538423648
-18.230873630643
-13.069260381415502
-15.772922940198495
3.3147592893794475
-10.910224610121407
-31.892557527305424
-23.2976888133223
-15.257831232177631
-59.05939847842578
-80.85327786270507
-29.1531165517076
-22.53903125194854
-6.122867711161763
-2.434504302803502
-12.61659153041314
-11.960897354754861
-2.2405949562603076
-4.512406377326189
-50.13267151339131
-19.095913346521016
-38.82050077349015
-15.04280367953925
-3.665108652519441
-24.690380945301534
-47.968735003580804
-10.810976420763863
-34.39088303784914
-25.048225682991095
-15.108054539608197
-11.235441953296252
-58.67393837664466
-4.362949712554566
-17.428171916099753
-12.263385965629409
-88.46248540652687
-10.312996257983835
-1.4873543373218774
-20.210138925889773
-21.04251150415264
-25.812011469717962
-17.037926408611728
-28.70438706633834
-6.556442303598098
-5.7104880802402675
-46.17017718291496
-35.24848298873389
-18.125767280432736
-46.7216895553916
-5.728945045874647
-21.222383520335868
-6.818143363057819
-38.3147304067877
-47.20917720032161
-11.904727393675694
-15.009500219874084
-32.37586879187103
-34.37207898409118
-16.645641437554694
-13.487107805918294
-17.044469554557306
-8.68676041779536
-24.226599624502487
-12.970760280062668
-6.3302426064757995
-28.81044024975009
-12.591254168734125
-14.466025632264138
-138.795410783934
-41.368075638998704
-10.227506941926338
-49.14916371717834
-13.241207928239307
-7.554648449585109
-29.480249871807988
-4.026963511249258
-13.896348329583631
-47.109940913885495
-5.335775772992175
-3.846581016111058
-1.632501070783874
-13.783104755287304
-42.06099728224259
-3.5010684828835914
-4.540078109033492
-63.11360059108961
-80.7030332659942
-38.254901563566584
-78.67979544073107
-7.30133644198507
-23.827652763905906
-3.798252708679353
-29.959724087243398
-6.635234642589797
-10.515737211078665
-6.797342631172275
-23.05476289815463
-57.9778228171779
-11.228420269117445
-16.422027382138577
-9.799948452420267
-8.217376700620495
-38.871628297671236
-18.05918596835059
-18.69734425636216
6.621324111263347
-54.19552754164798
-3.078543474950298
-157.1511165356717
-56.47425764727588
-10.218643638918415
-26.453487215823948
-17.15346577228337
-12.025268214164065
-24.880316243431018
3.9426354023991412
-47.72725182116965
-3.9657358049212603
-2.62052071301125
-18.1197061682216
-16.10960082571937
-9.28426343448131
-5.517956196316537
-34.892446681433974
-7.702633887823208
-51.43256816659951
2.4247591071636863
-5.243211631706249
-5.019064922427718
-6.436735286111098
-34.735344492314645
-16.458917348630234
-49.653694029383104
-4.576728787005927
-31.767462498195147
-19.27956675661548
-47.710970221843155
-23.817459181794888
-3.259248603051124
-3.9046930424203614
-44.14533171882833
-7.367327130173715
-6.154313789435265
-13.421501080032238
-15.878057909920445
-30.849652134738605
-31.3494898910902
-60.32396333839804
-4.527616029787933
-48.015092895483235
-9.76184701078961
-3.5871695219918007
-13.490430445970192
-36.375706648978415
-4.501111907134447
-26.634841003952225
-2.166626623964821
-3.796014513799298
-20.677338225256346
-3.881113509881079
-17.779131528816656
-4.3287266336719465
-8.81934391405276
-10.569085764780954
-8.463099746491086
-11.484488168863502
-177.9284041882196
-10.775450712472677
-13.582595585609287
-6.402952580176702
-2.562479488451923
-15.176172851441086
-15.95788088249534
-4.720631893402428
-8.795988141990872
-10.97790614161891
-31.745772552191383
-68.84619689501099
-163.54857340761893
-14.538851839299998
-26.762230313009027
-15.445652069581202
-55.71907884743122
-3.8165929543499026
-21.09026390745169
-65.06849440028192
-9.807187147106632
-2.579123397671786
-18.70299784129241
-6.775140456814426
-60.49205492381372
-0.44747035415149217
-16.328327507869265
-61.6857409530677
-19.969009235385034
-18.366268928136726
-6.020799027628046
-39.38730946574768
-0.8870655162115649
-11.23530118757671
-3.3622535821876776
-36.13193057881071
-32.66693645603546
-73.17076338442183
-27.80287642162371
-16.127710897939867
-56.523575550122246
-23.12165277959171
-54.196877614749255
-12.882126824725495
-16.047882035199194
-11.902381772601005
-5.527034493105238
-20.30431247048856
-50.04213734425641
-53.765026698324405
-4.969416539706395
-23.200375575202454
-2.6943338991482637
-17.385543320774193
-8.005542919116518
-40.58084492126039
-19.51973389581314
-0.3960958612652075
-3.459586740852394
-2.3805698493459806
-7.03368225680908
-2.205979904948064
-12.232435570138632
-18.41399365337066
-17.029931289882178
-47.11895897781547
-4.234849114121881
-50.392750027301105
-36.231129053734335
-37.52215118983802
-6.375375631815605
-18.849333548097757
-5.263700660339071
-31.737706205080332
-12.22292286325054
-68.23674523176943
-3.445018203463415
-8.721965084665825
-8.271405117681198
-3.7972265780546817
-3.914692294252696
-5.8525997013985185
-3.3715615909120857
-2.2071461627726334
-12.271644073221378
1.48335946930046
-9.297830425792307
-6.347654071091627
-41.511718812757195
-2.5752479677619458
-1.9602431332138148
-0.831087605877662
-23.29394824640722
-22.53324804371658
-34.16377829061258
-41.64031549239151
-6.302701847835197
-23.660259606948568
9.168449777152206
-3.383156632793947
-37.470909825630336
-10.603738457856224
-37.902839365708125
-3.892688353114925
-35.66061337605138
-17.93542697420323
-8.515538479797913
-5.835909289350434
-51.73995132136244
-27.371152984583777
-2.1297126640622364
-26.366957105167273
-3.033087151464036
-5.607809353746858
-2.7141986257516604
-21.46274340357442
-52.76435158902871
-51.84959534804125
-11.61556370130657
-20.879308915166565
-71.39389562565256
-16.268070343725565
-51.40043276890199
-12.611153961592125
-4.96739783833055
-11.013068865040202
-1.9627571949691351
-12.836587187853459
-5.1406663114694995
-38.625424530399506
-15.70878798190826
-3.68800465360003
-24.829289149593148
-12.450414706610726
-18.317955867645576
-11.10610168248802
-35.31333029702185
-1.2087261155632953
-58.49251997662918
-25.903536716325714
-12.131768655224382
-32.932643766176945
-25.31231359943094
-7.538436015499944
-39.145621829746524
-19.44472318226756
-0.8829816808461625
-11.714625496345484
-15.577610833158422
-44.12142199204509
-44.35369358291233
-23.055843061856315
-15.162287268279654
-9.172352438928643
-66.78265258063811
-75.16208455599829
-34.88301119250211
-5.337822746525809
-36.760922467860865
-9.00844982844711
-78.63042867514707
-15.884366807690073
-18.0552813282077
-7.535297766778916
-11.0919354942211
-3.6081412300738123
-3.988853917823447
-27.22954447623124
-27.598705064748533
-9.58177584460874
-19.19262282020078
-18.90747481432559
-8.35798436340897
-5.454789128283276
-54.53591059582201
-11.75969835447014
-2.744549721057623
-11.731568088500703
-18.008463580434835
-10.829524955353685
-7.160650663902393
2.7210983900587102
-15.876328517792677
-6.785227360314923
-93.97059857204411
-23.411564571067476
0.13922042102240184
-14.065740218388504
-21.545448293885663
-5.940844967311178
-8.62306107066256
-17.595461708117355
-51.69186275190407
-89.3425427205217
-5.6606537767337555
-15.34050132183869
-11.50900933680629
-30.752112405208795
-0.833193154460366
-8.583631390480203
-14.082294384680978
-34.3499354105948
-17.94210411741814
-61.40047608518298
-3.1770772731549224
-16.665783999730767
-4.410753779007565
-3.726694908206144
-2.399502097764082
-8.21395375229357
-85.21538261049534
-35.937451458431106
-6.530322487834403
-30.601480915294523
-22.436458910686774
-32.88166460600261
-14.226552770128427
-4.68569359954692
-5.761331091804186
-6.227203460623939
-2.42862386482261
-45.62390128988503
-41.122658841195374
-19.831312378481734
-22.515887456035188
-21.338099053415092
-17.433516675633662
-55.6463856453234
-6.96799154728987
-37.50281923610985
-13.44826113519961
-3.152017951015471
-21.88967534159912
-25.987036171962146
-3.8665140096689834
-147.54795952186223
-27.640789068459586
-113.2352567674512
-16.140330445383984
-34.3973421755249
-5.611316427985694
-3.3262031095312103
-89.32340201704044
-9.8773909532433
-32.562261904379696
-29.60273033397873
-7.729117784985101
-7.905763351242625
-54.955329037883686
1.0033939859569836
-14.82281077457216
-3.8598908266267546
-1.1779356680616877
-10.818698762242025
-9.757474334941847
-23.16800364540973
-24.839244358876808
-29.749950293605302
-12.084681705554758
-6.264347325327179
-46.44050014963183
-6.4802574153395724
-20.97671726157195
-15.029336675982414
-0.2732046340491598
-4.669300762730666
-20.511051569846213
-15.90069033235167
-2.227664366663951
-27.472134023480248
-2.5831195058807697
-7.009305163611055
-4.961133753266137
-13.956132188941861
-22.800329274716585
-17.07438597815768
-8.669922703170919
-7.331440555382816
-2.733110993293998
-14.01068286157492
-15.763669680168407
-17.798993472220406
-9.260237186092295
-3.1580579480079134
-0.8885157905597634
-17.781191095360928
-10.080350117600016
-31.206374097071457
-39.87021511325849
-8.541240586165113
-14.933218415654201
-10.109933038297973
-3.846133237774629
-12.84359360800572
-7.164230359510769
-3.3998012361075065
-8.655826743628856
-40.592797101351145
-76.7080156983086
-23.49696816837574
-9.643847863446428
-15.337331620319906
-15.533175882323865
-18.704369850744353
-7.468816369643885
-2.8153285327961157
-6.956067091583917
-20.214273941681675
-24.68196670364842
-6.978042457766928
-15.684263630700677
-41.539432899000865
-20.475429549493917
-36.828997242526086
-7.644837281051322
-28.16722658203518
-22.705239442345068
-38.61282424320215
-3.3128856367486823
-19.00852446705153
-22.089276446849592
-12.13694898900689
-1.5675639787030164
-1.0958324899551126
-70.8668104699261
-21.270848184684645
-9.662202380513028
-10.647124761987856
-12.012129361981506
-12.080532874913485
-16.165472232530945
-74.91252262607455
-4.207577387126491
-83.68708578515711
-10.03352813207539
-10.925885757484995
-52.23994877310462
-7.150491055857352
-21.376150594937155
-13.28320650891269
-19.749621344497015
-4.387864727493942
-13.561033423960938
-20.71401896205541
-71.6347232283211
-1.9633715096498032
-16.943126423931442
-28.564795252867448
-15.525837266317584
-5.695539452180822
-18.907419335913982
-5.589080066167009
-21.04608685972437
-22.90141064602491
-18.076214577225837
-31.589415845511194
-10.03625736001623
-11.311989419042229
-10.405239228634182
-16.975558551751686
-19.848280194084744
-47.41526413430743
-11.728480435015843
-11.492099242278142
-4.112566447049674
-1.3275628067130862
-8.285555009467828
-38.62278532594637
-11.968244730751142
-17.155231618046795
-38.11213161669759
-109.99598236924056
-53.72704739940898
-7.763127410938499
-7.710062895566444
-7.243673571042337
-7.607594416027977
-2.961968911782058
-12.593438439279824
-0.05389931051892863
-14.687635050415828
-42.66042068108912
-72.67690585822838
-2.7970392334815912
-15.027730992755425
-76.41279410056129
-83.01267514804643
-5.199490574280314
-55.64049956021925
-57.56645967138669
-1.923196049662506
-16.548991114919172
-7.705014105710911
-21.683435265975078
-33.924741334785104
-30.220678135152117
-15.392495891605364
-6.942438380487638
-17.01125572713582
-5.082070122375264
-7.521376116182099
-3.8270209863756137
-3.087609725877276
-20.1006868124813
-40.30615012223797
-44.16316184966449
-7.886825180743182
-3.325673342470158
-23.33018751980264
-109.25191936261652
-7.216233167746504
-51.60975288155228
-4.666472658472777
-37.42692856325382
-42.695378600303705
-2.344925363090166
-9.675080897193197
-40.97377451846119
-38.03334042007955
-43.41267354290743
-22.617354683825486
-16.698783809070676
-89.52288425139803
-3.2107005083771636
-29.02996061921329
-11.057093722692873
-18.306496219102517
-27.865575340670087
-41.75913518922832
-16.195884617405845
-4.232348898758146
-45.492685646068296
-7.951800033741085
-32.996112475033904
-8.806512502244516
-10.014517566653423
-25.485875398311798
-1.7849452767854097
-10.370889949266145
-23.00822203481319
-15.719850589473136
-8.882238052377888
-15.81018799779694
-4.665506554503905
-20.71231114900528
-3.482938550567966
-5.7036921682262705
-8.990445025554271
-25.966822813245262
-18.46336958111094
-35.668376158175754
-16.01366567658099
-2.0549162124655282
-149.75601194560855
-2.9084695967481338
-5.31110789071109
-37.28530787297674
-6.644623026872268
-5.3937481303423445
-75.41616678511642
-12.559228217575335
-29.408637089881417
-13.840498160091833
-20.70403075183317
-4.204507290263356
-7.558912854883051
-2.577786975534484
-17.803504150678556
-33.840057222244624
-7.254864815588973
-24.448557401831078
-11.12395769143758
-27.761705730737887
-16.775225511478755
-24.265795852570815
-14.07497184310325
-90.31312724289391
-9.413752749679487
-17.863002375639546
-9.097769886418638
-21.425277701777876
-11.411224919836199
-49.0274847203827
-8.159611071798581
-5.330821858449242
-8.007866638501609
-3.1026779661241153
-5.810532775491032
-3.3273218683809485
-5.792005984105858
-0.960779830835305
-110.83401632209316
-3.0879824724435827
3.170905339281214
-40.92948289300474
-11.355475737791915
-5.565217570633384
-7.6670176603366516
-1.0457208693888622
-15.477380490011798
-5.885780163551741
-17.21708041743664
-7.283307857577197
-28.206947767643886
-10.620284726250361
-152.07450923089752
-15.830719300347306
-44.42405419611325
-12.528049349210942
-34.66851864208403
0.1866616005595039
-35.94624212617817
-10.342482082926011
-9.167912220632449
-2.0108878982055867
-24.545655751368027
-30.203246807203435
-4.096151051401609
-8.637202101477996
-4.088567193633639
-20.690816924701377
-8.966760274894874
-7.6416324478662245
-5.0913327661876195
-19.39446063797355
-79.90967168745605
-17.042098954845628
-13.705027965423108
-40.274916555770794
-5.7297362011694455
-25.558035090210332
-54.27773002117651
-9.12330509657481
-15.61688233650325
-9.721243057258574
-46.34280070335836
-10.653535151601199
-23.389700565128926
0.1432792714110284
-21.153863217839486
-37.774686260670016
-26.65859970277579
-24.2617146192056
-37.3478078114213
-8.106660343129166
-76.90398909496989
-6.730419817053599
-26.685647685331208
-5.726398568724579
-0.8705830636484339
-10.702219178280263
-27.91423913978644
-14.740663463818992
-30.947246946867597
-4.246436634271055
-9.358203096419956
-22.262932805947564
-9.017492256278066
-24.651890300073077
-14.00125353618531
-5.036496895546139
-8.006361336915589
-11.269480650367155
-8.840520319274962
-22.102233994728117
-1.204085611107658
-19.440571450111236
-1.0365027262611304
-9.706995346154544
-57.033295187208864
-3.881191323246359
-49.733947703925104
-31.62457065771739
-6.36184915763231
-14.066911106842802
-29.608910150077076
-98.46947736142529
-9.369116533416085
-26.781479828676456
-39.43161942928554
-25.876635185318086
-33.506763735445865
-7.032847278195216
-18.15175166882676
-5.172829432556986
-3.0186515865164676
-37.91345379063587
-0.6141824733617683
-24.659728858313127
-17.30774962430973
-35.2804968781826
-8.335774719307507
-3.9641076680845235
-20.168461299127298
-23.776637655634737
-25.832719395670974
-240.39731865932993
-4.776946811111943
-7.8352145004187
-12.333319406296699
-12.51078836118738
-2.4809095658232043
-3.182335708755073
-10.482609241585008
-21.449081487474142
-5.109155118371654
-6.105759889330808
-50.53530403018927
-32.64973792686136
-13.216865081621252
-4.9665781413988705
-12.40686494711038
-17.677624226709174
-0.15872455363219665
-61.99161224974517
-26.23793315245751
-21.395234781625675
-10.432872588274803
-9.75038453863082
-28.00438514011732
-1.50266917740199
-83.95646271825846
-14.456406896069385
-16.13369013416578
-25.02078753520118
-37.12060814558612
-7.005212866062483
-20.58400451601571
-19.44281435901785
-12.171615987368986
-32.000673538735725
-17.113568646320317
-41.28160463638415
-5.781164659070899
-34.270512420462765
-14.679719170676147
-34.41536463260041
-42.581746416612376
-10.25328257845263
-45.7564640112236
-23.955045798387637
-55.77681237578732
-15.51465915834382
-15.503546545865007
-3.2436009327418756
-41.59332756608238
-4.884126426937401
-18.6766871589847
-2.7141986257516604
-69.28734374991966
-13.497404034394785
-40.291997036445025
-8.663911851574081
-9.645582876480306
-7.110182003288301
-34.76695364832945
-44.92003613655536
-22.081803477069975
-21.662035533428835
-6.113634238974156
-50.28743932462898
-51.12027477352793
-104.78704741941527
-23.238533635443215
-11.698520260544807
-13.743525321440814
-3.626556444447139
-33.16942839003635
-45.31771305604397
-10.41842787779857
-31.057250510520007
-19.411020537928447
-9.432797320659295
-4.09355779815325
-29.54613767254631
-18.590497969305872
-27.611389764235163
-19.009965697089502
-3.3889970357325514
-27.584334625810897
-10.55299997168267
-58.13777657036537
-21.15809953452064
-13.374375941511234
-11.108487774597208
-4.677948500015139
-17.729782250539692
-4.277370233803778
-25.235123976573696
-16.964617627420914
-25.19562614200573
-22.848092002159955
-11.514229489747333
-3.4545941315049298
-7.021529804863465
-21.024441127790766
-13.1415180294292
-59.17027612986531
-25.21926724950507
0.5900245583022403
-15.63540494928119
-33.47173763327026
-41.02642787453289
-3.3140613790955196
-1.7599830749239793
-4.554138301893548
-13.674157509696085
-24.671514767144725
-67.65797532708025
-21.742770926993327
-28.7819419918191
-11.855702106521335
-2.7771333391308404
-33.142230117372776
-16.54940509022077
-12.64472950198671
0.16456244051597516
-16.25098291987081
-10.779145790996331
-7.26995727018357
-91.96138701673092
-34.97158954773535
-6.888896264574413
-29.30220016336622
-6.660522950384032
-12.758666196380855
-16.248438975658942
-6.352269584968121
-26.163656095032835
-44.50066156149592
-4.1244571279645355
-15.734527953891448
-8.97099882993734
-5.701597490332322
-5.021833585584881
-4.512159415427967
-0.9786110125779205
-7.2154837841928385
-25.585315200151456
-20.81023060165916
-7.69882070571194
-5.248552286679592
-5.062559677829739
-2.1984007104234546
-2.2322849058932075
-11.260447701135604
-22.197855635893383
-2.6443027372137067
-16.60831391250239
-17.499946258232058
-30.46985749071884
-31.775341400309404
-4.930085493398136
-8.980385235074813
-32.906330435696056
-7.02811918648072
-5.033278481400573
-26.23248042313365
-44.81872117429466
-73.39694196805532
-2.3204739616426604
-25.172908448839067
-3.3158036049939703
-12.139630426105926
-1.9705504074637696
-42.522016799668584
-47.53565756123453
-13.243482832076774
-23.939932206988274
-11.853585489774064
-36.10505325917562
-46.510588165464405
-13.456814744897411
-11.110135363315624
-44.73639093719981
-3.5795494195492625
-2.5746682037219646
-8.484641689722457
-20.56721690887321
-24.028721755348396
-12.008150475360244
-36.709692938748375
-9.407250784122601
-21.28285835168715
-3.325000192972941
-20.073760246038542
-12.171859963719385
-3.8094379539380605
-0.8137148188920273
-8.710911596658441
-3.5488680381350455
-103.79017723811104
-5.506376318053019
-17.904836192394804
-49.95772464215575
-4.882510484445342
-0.18568806756291698
-31.552980894796743
-20.38593898195428
-28.143636360264253
-19.839210253536237
-47.77162696838808
-26.080258391214866
-17.61152213197881
-25.37974605142852
-22.251706102968473
-15.702510004463488
-7.960661263537596
-15.993699411800906
-5.504988605229476
1.139427584251576
-10.494184142039392
-26.55775224305934
-9.040897368428368
-22.96929503886443
-15.863174131688332
-39.779831399914066
-4.113421616947996
-4.0043551595748434
-23.883026129902134
-7.610300910413461
-3.72424153370356
-1.999128967796689
-20.531919080846965
5.043340048600752
-11.76322909166186
-22.44880581744703
-18.311428047153363
-32.896155837137684
-7.829919012064816
-5.254644689216441
-21.69607673118778
-25.79720896291033
-27.748440723148153
-92.25484537384872
-11.344279444581673
-12.728768888502215
-51.91080175340674
-29.40086389413828
-10.969029470371119
-26.083194129590265
-21.9403631335865
-16.121508004908716
-8.85072716140974
-3.894346130359515
-12.072659734605951
-11.799854985735845
-4.639959052910347
-7.925491662019701
-19.244511884434118
-13.885685544153057
-7.578152727919496
-6.973597498583046
-18.530127989639443
-53.82158176896931
-18.241141984061468
-24.131498421949374
-3.111858483875542
-23.501694793154353
-20.053199658370744
-21.904271169526883
-19.91143752653196
-29.356333955279283
-9.44528318702754
-17.217132669076726
-18.15990772396362
-14.541209170350578
-10.53149013246206
-29.191469814478886
-45.16317032937734
-1.6437132328620516
-13.403576910021915
-5.0076645546472145
-3.4369846541948874
-10.449319769730689
-13.78482035201731
-1.1426037940238034
-68.23546137907285
-55.02357246107945
-58.406250371298
-11.004568983884958
-2.8033176233303796
-11.132834433114319
-11.640160623315971
-32.64038920758015
-5.628435984078916
-65.95272890908285
-10.34458533332997
-94.84945699120001
-19.39561004368208
-23.632679551858363
-29.811404827086754
-47.12842303676333
-29.447162623474316
-5.5503500284079195
-33.51188684000581
-12.377073893898059
-37.11902994275491
-14.34436709778569
-36.45365693581338
-29.072316727428696
-2.6022082893900014
-8.96747877043516
-1.5067147272846437
-9.241131491193434
-8.13113698583718
-9.430580944841072
0.14768820833671634
-8.953682576714183
-7.55414846386584
-26.510710628407
-8.027123289594435
-1.1413365681537393
-11.098563898798549
-19.340707218227003
-9.697985681134673
-27.702066225511192
-24.4258072891091
-9.12135513346667
-54.77933961746044
-5.294243624599722
-3.747567689857028
-6.463537671751845
-40.95217189927596
-5.558887902895714
-5.268637883288808
-11.277558230812518
-19.870266539163953
-15.880549220348106
-3.238613483157672
-3.2841497972486167
-9.346933441749863
-7.758571083422063
-17.08134947881254
-21.066106313467728
-15.508287924596617
-11.901269901332462
-37.93579677638108
-14.933748127922508
-11.198013993190084
-11.402732528158394
-4.1891264296002095
-43.97542948168167
-7.901443676191651
-8.265503447814686
-5.670565343264149
-10.178218721307934
-117.24616746789145
-17.923063022368517
-10.649287157524931
1.7068251837143222
-17.260672484744408
-6.364825631811211
-4.303322884333482
-5.601222699683814
-8.529550840839175
-16.26286681757729
-4.133642673278823
-3.6318544531224877
-15.244189518342846
-17.93597073278751
2.1630037865308513
-2.216149409136221
-5.068204099109401
-78.25773139377098
0.037261934214663624
-3.706797114639575
-43.04081084982528
-7.578157884053379
9.217699900741517
-4.14741962992632
-5.449582219316594
-15.249995932022381
-14.108299842936116
-2.9643097003474157
-16.2628724907542
-8.486617326675043
-3.923604639179815
-42.78951698330551
-12.026639963576573
-22.39758121509872
-60.5460321252213
-8.847617075863885
-13.624350866905937
-16.648119069445677
-29.400291537846904
-8.066893490381307
-34.741585607471066
-11.477806022896516
-17.488446383028275
-27.016409283191056
-14.329965740767856
-1.789455893900172
-29.45590177109737
-13.155149758923551
-9.420298132695851
-28.1633750684764
-39.72228514394126
-17.530103031336015
-93.01168759099262
-38.84261634254292
-13.08349344950957
-12.787409223861518
-14.478920263799141
-24.506495578340402
-11.072765188762144
-4.791921515578207
-60.48312663949683
-76.23382913096073
-1.1903115370620008
-9.8971608352536
-7.635762639851451
-19.406790203653735
-22.352203774934615
-31.487908672716394
-46.91299741659364
-28.875242898719
-7.700195535024491
-21.47153274791681
-7.710204959455005
-11.708003401737457
-35.06620066202581
-13.095391723400256
-27.11471150608024
-18.29262419161799
-4.704264219500518
-4.064889796067643
-16.520035108139798
-7.421786056654992
-9.99421241093125
-19.938923005199992
-12.152262186104851
-63.82589239186318
-11.351696702552607
-55.50392039248214
-29.42858114554798
-6.736716434662179
-17.28812836019393
-42.82867018112209
-5.596097300858609
-10.132916070944688
-2.552909712945284
-42.17923480475183
-17.607298455935048
-8.948167177897476
-24.19601171228511
-49.052838824123945
-27.19459454851984
-31.222264992805115
-15.468243903552521
-22.33919910312926
-36.16257359623667
-5.215095825890904
-20.831392390620067
-14.424704896505103
-10.928769800242463
-54.84627398863834
-7.016442287924944
-32.74131602479374
-33.14561482638581
-3.4262828338885627
-2.8603150445946985
-5.152254788152049
-7.638901563351158
-6.338052327247515
-5.6697519133217265
-19.85337299430427
-45.86984529682276
-37.353715990069055
-3.2310670793335383
-59.23988655487682
-5.812292665225651
-29.109171652553897
-6.102936106329072
-11.993362446059397
-7.363747215170514
-22.483959694509515
-5.499093813374666
-81.67343640185211
-5.4460476106510365
-39.10987237461491
-43.51838637157925
-11.356122862209594
-2.383640514060536
-11.184244403016224
-23.740027619294043
-9.853693263686257
-7.580055330268361
-3.595882207674318
-2.6558955703718414
-3.319486598676715
-4.986118543796071
-26.003357431450176
-4.539586635945525
-14.683373741453645
-6.083370921275386
-26.827159134021397
-29.890963285304814
-15.145656929737138
-33.328562315051684
-14.093666673577355
13.5844443188546
-67.169800642252
-2.5762696662925753
-2.22113542250705
-2.2589656043484263
-8.40354868761624
-6.320430761528503
-5.427793509507245
-0.5000686195770678
-40.630092046995784
-67.50371066857603
-0.6562569458357524
-41.208818949468096
-33.95379598546125
-39.19174183163758
-38.37012063794055
-10.051932029123156
-1.2447266573357956
-15.154889173156011
-11.144522924863693
-31.721236796532764
-51.90897646470096
-75.13998425255892
-11.258581759865463
-3.6189317344356096
-0.27043431085441977
-10.656807419993696
-21.26296638323684
-44.12128115223375
-0.5194077467885636
-15.940741528741636
-3.7895222766666667
-20.95564827343064
-19.63945520601598
-14.906989649399966
-32.22303891692195
-28.313931176956267
-5.196440526298163
-2.4694711465909607
-26.989014717440643
-40.79939398018096
-10.804198072457961
-15.160083337620895
-1.2322897778875186
-11.07219431094904
-19.805389113227143
-1.9358317445187698
-26.10395594575672
-15.105937936189969
-0.8506490015668713
-0.6138460069428483
-16.294373949217892
-2.1309120470291316
-10.275034772961044
-55.538540347343215
-3.0987683093541745
-8.068484811359633
-2.411502493785943
-61.51101993981494
-27.88783634548857
-37.57744724928818
-3.7075704011054595
-2.335874143016297
-9.01924592142579
-19.51360011991579
-48.911582645954496
-4.592387292031492
-5.453105222461462
-135.27246429839045
-5.463072154415329
-3.9171187738595346
-8.445067833633953
-8.096939732644024
-9.123028597023703
-16.637973897554414
-4.217944734667069
-12.889687355011112
-7.898021452007964
-5.4347575195088895
-32.28526101128148
-11.42758272767404
-1.0039204553170977
-11.077628696823584
-6.8181055917607765
-8.403811942330547
-13.3171846369586
-3.9261544893449742
-9.462989806913264
-4.673792076634714
-10.79980133033225
-2.238481949212235
-44.24204945690543
-16.56253033359679
-11.233595722731096
-12.038843721505415
-7.7587507588856495
-15.891218895115205
-47.36959755708058
-8.16801864575964
-0.978513945262308
-35.43923616777553
-8.33480878485422
-28.148629722062456
-4.4641583004739775
-11.248933056504896
-24.46444214481012
-35.752263559462186
-7.025144101779257
-62.20638183252313
-0.9957182417685505
-10.866703588066613
-8.900288525073183
-7.421669550459084
-11.119449235753084
6.751005722631016
-33.68724626471892
-33.191012802028425
-10.43686295538729
-27.313988594462437
-16.565511801394887
-11.730963686502507
-3.135253711861593
-18.110938873983613
-59.0175525701107
0.007583049457463617
-9.503474579382596
-10.648340271372703
-40.586825508115005
-8.838036493729351
-23.061158275643947
-9.193976887256673
-19.03717480772087
-11.109136468853906
-3.0910059060264787
-4.553533330746027
-33.96909700827403
-8.879944584770362
-16.295957596959322
-7.163943452589927
-9.503337713369591
-39.50395952740462
-28.18018410654498
-93.86127619690647
-24.118364215828915
-3.94134395241757
-21.262516513930187
-37.977722267263644
-46.297753876967555
-15.19561752666821
-38.021376235699805
-9.57110466461813
-15.262164966106605
-10.616464502768663
-29.55683354641865
-9.863077942943594
-5.923215747038465
-73.9637595390072
-11.510627306056392
-47.33034977761512
-2.158852696631137
-29.300208179973364
-25.02907552630085
-2.872684191281307
-4.773272429327288
-30.149149960151195
-32.430408688758945
-11.121235453824877
-37.35796418144284
-2.521265804497791
-19.592129817695746
-4.20476647854401
-14.049590848276209
-20.087983532716155
-2.707699692968518
-26.922477585883705
-37.996912666101075
-63.157760090981505
-3.9064250970136882
-20.28670642821294
-2.399656865560489
-6.865834979575301
-8.69970817824466
-32.129172104295
-11.467988507156155
-33.977364818751425
-18.744727931840977
-32.71986383566664
-28.190583592875846
-0.6901002274901616
-39.57088668614821
-21.447620623610856
-7.449511150613779
-31.331848736543357
-17.27080044704212
-7.079687808984403
-4.210024980133895
-59.535376228222574
-28.31292187622962
-6.84518500271592
-21.450897099304616
-2.988593391708141
-14.113146411100718
-8.299154804676016
-5.654130835394736
-20.85352045291634
-12.511298442455333
-24.680362581313762
-18.41629909594148
-3.3955543587516672
-4.155979726266081
-1.675983311872834
-15.14818201401846
-10.1326073083535
-19.061191449717324
-24.348081338957485
-27.01783337960369
-50.81133425379885
-3.0775247808034227
-15.806379204258365
-137.6207119888442
-52.03575847468976
-29.226813411258924
-7.1677188089268045
-23.532102208109112
-25.429145671835645
-15.561458423437072
-29.90601667601545
-37.89362861903926
-5.713383249976371
-10.99840330119788
-3.313115265141219
-4.586927028854392
-7.3462707116237045
-0.8207177618643263
-21.52168650253567
-7.487842769685211
-5.250104928332536
-5.0149934272359795
-22.981783792193127
-3.605093018877867
-20.137355629597895
-10.022736774945757
-24.4599919416594
-4.9649265485542795
-16.780068867670504
-6.4597456709411905
-7.1125525375686625
-76.26107244026542
-20.203128294999583
-18.550164006169055
-7.867623333425867
-53.04901445137212
-0.8465031764471805
-78.94099067172779
-19.754925850325343
-23.568087805193752
-82.19314267823248
-7.712128518704146
-3.861478156897338
-20.166962872880728
-48.38870685379753
-8.647070118245079
-39.27128564176099
-27.185368659367604
-19.25639187372661
-9.334725761010304
-16.107137128515653
5.682089342026607
-140.82877821927636
-18.472009033069416
-2.6332561408594524
-23.031372339361035
-20.17300592894012
-22.707721355712803
-5.13631669247744
-12.087174140207287
-6.903136795846009
-16.114587673049016
-3.9799827131893992
-13.284878753179369
-10.935813648621568
-9.325339538706016
-21.158078467816946
-21.759428254547185
-4.30841278808685
-23.98388134569437
0.3173194122312358
-16.57664007849608
-5.695734623289191
-13.569471994263514
-23.384069557984557
-18.989900717725888
-2.4431737008749956
-14.475942839852415
-6.1822627707666244
-36.89578468550003
-2.272037167447425
-41.16449933825311
-12.23915069491691
-21.01646901940301
-36.82974510351037
-10.413140262280319
-37.095555428152544
-49.255682074873484
-1.693958880700941
-23.74094541547398
-32.520973159856105
-21.184320707181
-24.99470577332472
-6.596455447196211
-45.16717404016779
-34.75076238891143
-13.840203615934394
-4.6733297769236914
-4.859663302526366
-28.101964257787152
-6.5032752624395505
-25.64616258469355
-8.975814166342492
-33.40993077071253
-1.7945738838544887
-4.577169105840364
-1.989583408897927
-3.4988980803457577
-28.95561541561597
-1.2447095622199178
-6.1022503862629645
-25.47445667522005
-5.065233261035285
-19.73379954255376
-4.67376650425313
-36.8788399635154
-28.032538054691397
-3.342933526009064
-12.6457763028531
-48.08353045827846
-32.65241684942162
-14.243714900782054
-10.121578899833569
-19.97852405302835
-10.561405616258863
-4.435323683363472
-3.3889970357325514
-3.126915238785506
-19.47520985457392
-25.62858908115544
-5.543809267410558
-7.165784553671978
-34.48769125032448
-8.941892145740109
-34.17001231251495
-24.662681098634096
-11.990923584358141
-2.0478273116537666
-3.806179218441604
-3.2655276938243687
-14.246515518780454
-15.406204928875848
-5.24648603682146
-10.299931053131612
-9.130930993533845
-5.285020039727714
-2.2278763579034937
-70.38215058207332
-4.34552667230066
-34.36747466351469
-11.433016091406435
-3.2467631551585354
-14.274650130216914
-28.53409676040067
-9.228960277945541
-272.7857693859594
-24.2162737921607
-1.2969050299907328
-10.51353342610778
-7.497230952316468
-3.7855053450368534
-12.57213329296125
-4.078455963345236
-27.372283217175536
-7.969818703452938
-84.88276625157317
-13.96999252320232
-14.228738712284176
-48.597219577405355
-95.53586512054507
-38.95090542767466
-4.173653362314305
-35.916877122221806
-9.112521341030272
-6.887997914263794
-14.334200759530315
-22.375163435366282
-1.61292466048814
-17.02885124749611
-8.599048158762692
-38.89586268897466
-44.47092684564294
-3.732328266100592
-17.819849886897735
-7.423315359872787
-16.634538735739927
-11.263387955812897
-23.976803550017348
-169.52867552496684
-5.526667653132525
-59.86409896403159
-7.48808979294958
-17.37787200456401
-27.34437679685898
-5.8609430083464416
-30.704507047992646
-13.970641559725035
-2.3667106065928083
-6.343993316867006
-9.98952857287072
-32.42339740965534
-17.89904428724052
-23.245330269021935
-16.089340347401553
-28.73253188830318
-13.83287154304782
-5.804187074083068
-2.1613148239267117
5.745397118866926
-10.017382560411043
-40.41245004991356
-12.97044856018047
-29.890113742888847
-13.002389495980678
-37.44751255047558
-31.87534174007524
-2.642153777845245
-15.369236447019828
-11.611079928869756
-5.575227274654814
-5.949171976762397
-28.902319133988666
-32.82595416816696
-6.415519140888439
-33.67407491283666
-27.12629197835064
-4.420603037241528
-84.73808012149061
-13.136587553320412
-17.704214407494742
-50.72104680016829
-29.073887746921645
-24.962993757371713
-5.331910455145893
-20.48528548834658
-4.307098066288163
-4.663886493795632
-23.5799002923366
0.39373308595992834
-42.42314200386386
-43.340969268030356
-16.863028876617964
-14.535475848123513
-5.122177212618022
-43.157532611376794
0.6612578321717789
-13.574543783112995
-102.88553522680728
-16.966353797057288
-6.786130628548936
-23.940942837012617
-1.9131967978301774
-4.410876906962361
-17.29733308671012
-9.269232907821777
-42.94777477137472
-9.02346075220869
-2.7898480293255195
-0.10618857200414744
-17.767329855164608
-11.940214817185218
-14.363436520165573
-2.296596038127194
-76.04020958102073
-12.657557576834282
-44.40191923440275
-7.467262619345487
-12.037778259873997
-14.782097865583797
-8.845859318791451
-14.792324337119858
-16.389203853786565
-12.785551677573041
-10.543198162985894
-11.38789142846125
-70.25875261226584
-5.2545583286904325
-26.47618739674179
-45.17885686930786
-27.55530321463669
-14.556353732960014
-16.363323518029265
-8.057140827411706
-13.097619352737446
-5.05681137821858
-46.19737368475024
-10.848350520394776
-16.916055491316012
-19.809230440506386
-32.686057976107605
-17.252169264976168
-10.563508675254532
-23.174030071841155
-14.42113098817597
-4.704509866649128
-39.070827031912465
-9.251528513342743
-9.230037069484544
-8.792242380336564
-5.063755891556727
-1.7860181661506564
-22.322537794385617
-38.007258534206485
