-23.18399163343611
-71.43046627959126
-13.783955393850523
-44.82605750228549
-13.662878644040665
-9.173639800678492
-5.7177614411310085
-8.833322718145784
-5.587315264066524
-7.895104391040991
-11.093164014260587
-3.5486337646324317
-59.30405950079542
-27.182975839312775
-78.77898709852272
-5.671275483483135
-3.5817804474252393
-22.578838649191592
-21.63359571401192
-9.077464237974338
-23.03013937432207
-26.987793692193172
-13.85156693702308
-7.607948678574828
-11.105638558557327
-20.79259285753738
-8.28478163695473
-11.071010171008702
-24.803777766157424
-6.778346040322938
-16.09771981332327
-10.287310473667622
-17.932354563544205
-25.005986731215042
-19.291039328254726
-8.52037817740209
-11.391031111701132
-11.006918606818038
-72.89576891624557
-10.2296074164142
-19.12932818142421
-13.174910022884951
-1.4183473570030345
-48.883436254835836
-3.347827213513823
-6.579130079292097
-37.791931779677554
-14.56479582256243
-10.163856075526834
-18.16556872260643
-31.29358577575522
-3.5817804474252393
-16.11186408595465
-11.783476705849631
-20.504765293863887
-18.65835499991895
-9.087979700088491
-18.61852405487996
-11.935193942420076
-3.709554187258001
-30.393174034949848
-9.491954355451885
-51.58185089761818
-6.042715235436329
-23.702803116792552
-32.57112152206126
-8.762246484271717
-9.53354308689622
-42.254003531232776
-18.040982476804366
-6.5539100912908825
-20.095192150187167
-59.33493620580287
-50.80128255936192
-4.221693748476939
-38.511476847352235
-31.005044401243378
-31.106946207876746
-20.449184302066914
-5.237745898482275
-38.465852062448235
-8.440200882634018
-16.026130627714974
-41.79826239487968
-16.45182366190236
-58.25115690024027
-11.475917265404528
-3.9404442414494456
-9.05250614835083
-6.727902701301451
-4.014066250094649
-8.155508174630057
-21.203287757764624
-18.81406407215185
-6.412617211093259
-27.795972482468706
-9.922356376060042
-2.9012718769527632
-94.00037661921515
-10.363083330916865
-5.352957442519734
-21.094427206037803
-9.780520945972082
-4.305751363628312
-24.626757346136195
-9.09220667946594
-34.31434751548079
-4.001969984277202
-20.897648917160122
-6.176201584204831
-25.16811690616521
-19.672714792522182
-22.47923342932983
-8.354379467471118
-14.606908641972694
-29.309905341851287
-10.621842464446912
-68.54010747940535
-2.6734744028256374
-9.36258928385842
-4.2066819256730685
-2.1015411658001337
-5.220806771878777
-10.210408622523284
-9.548394058815052
-2.4338278961444426
-3.8552952291596747
-14.679911396338447
-27.79863213692851
-2.2725655349275105
-67.55665890496503
-9.979544239914123
-27.247667905431122
-66.05241686920253
-8.006992066971707
-11.851139846792698
-22.898819060514324
-16.907803166161166
-6.388121503281486
-32.01104747041454
-10.208189747133211
-22.870817922315855
-9.040627147054915
-30.731833810728485
-13.908247426717192
-26.010139205873042
-17.924379050420853
-4.4195326165698035
-5.590898494362134
-67.51708151979457
-67.13093777561934
-49.183236297673375
-25.968378325068205
-5.116014326550233
-49.692816181556296
-32.49799566179167
-33.71312515873059
-26.45460782417645
-26.228889380894596
-4.545803487000038
-56.13083835680261
-5.306738941845296
-13.67544494322864
-58.419757691100905
-16.538410611809965
-4.524180961807444
-21.02132383420969
-27.45767412385848
-41.676180780158795
-14.821343401043004
-35.197952225613804
-30.10104350331109
-5.281171201662988
-26.60812771296929
-147.44442305501363
-24.604831780986416
-25.515519110445627
-11.8340538035712
-15.948485655213664
-37.55925951081188
-17.27996654981831
-5.511305104273598
-12.530263582745853
-21.548285455161892
-4.7985202210416995
-20.99776626506758
-23.191965650241006
-37.60251487488687
-20.474688367297873
-26.796816954660663
-28.127464645287834
-16.566343687461313
-7.757797818803171
-18.521250814145898
-12.596171733840272
-12.676849873618071
-12.527793324024039
-5.108637887555438
-26.093598366761263
-21.014760304232254
-29.90274839946324
-18.427308647722068
-35.89658815234479
-35.78584679093936
-30.734073004609478
-15.510298312515246
-24.298880384094023
-11.507441217371841
-25.333686164311782
-15.981869071846168
-31.387361053570782
-33.72094274137172
-35.90020610533266
-23.884219752718685
-25.153292424653728
-51.72531935482135
-22.636324830924107
-18.857091089399415
-6.55413492650467
-20.463963205466538
-85.7621465066047
-14.57996718258812
-14.924290218697706
-72.21026810922028
-11.70791409772592
-24.835223745553158
-39.73148392339459
-7.461720123671658
-18.250036376977768
-7.085644428001289
-84.22612990564505
-5.427965780016387
-6.762812938497461
-61.53794678671455
-25.9999433500358
-24.156663039916612
-23.5294006498685
-30.47782527244658
-16.032139435688926
-15.01237415682009
-9.313542991704807
-9.748784469565214
-5.697980139286347
-71.84058321269569
-38.42961086702594
-66.51909552620741
-27.902871318884728
-13.467980083631366
-59.13582698309529
-14.309596455899351
-23.06464359964629
-20.524680222270284
-3.6509401410027205
-9.798503563145802
-12.318348286446971
-35.687095475974395
-34.096426322393754
-7.748396213993616
-11.128687572086
-37.43638587367078
-7.203946189569457
-60.014921842094836
-15.242457267512266
-7.942110729731785
-26.384465285106348
-47.527084008696846
-17.277776370837866
-20.67427435206563
-6.316193412177542
-10.193551056068506
-2.2831323495890947
-29.059566740839927
-86.73108289828532
-7.441435820471191
-51.5912666423077
-11.803477417881723
-18.44922912257372
-36.03019470691191
-91.32301793522201
-3.5321214950140263
-16.0455515182187
-26.053927207408112
-80.98800571789766
-56.540756036424
-10.524424819094536
-41.9770001621683
-11.012727320722506
-24.094640133079032
-21.204254741635076
-4.996597457994574
-41.50869990505291
-14.977140244667831
-24.079394510180254
-27.311028910551276
-23.49781498425205
-5.018472880545741
-8.942979854109485
-34.29219364117565
-10.145921708499491
-11.8309211081143
-21.911693200032257
-37.14649200188595
-20.375604566969788
-21.89462259963155
-13.933517467177426
-19.641873180485998
-9.739309044970678
-25.768126783892036
-15.20123672775913
-17.687210091921177
-18.79637007812613
-54.511027782981856
-16.691505152234118
-48.0137418904531
-7.723576529208216
-49.37560860161099
-19.093398662302363
-44.21563489693028
-3.4198212125263807
-4.490202203853123
-30.315389695094954
-19.7943392883453
-24.761837575343005
-6.03336370386809
-47.94693057028271
-8.65755995157693
-22.169738552814714
-14.19518105530951
-6.606411215724553
-29.698162020097897
-36.17916839129223
-17.590915341585813
-31.88910483723323
-24.739602403170114
-8.657808044640229
-13.579929099903234
-65.43850673559639
-8.90991622190212
-13.379726807496898
-21.723403388716722
-12.69985028594713
-11.529335062916822
-5.770144158363893
-20.186534798084548
-55.66446103192176
-18.611810341961714
-14.253905032849381
-4.920689271111743
-53.232196539414005
-53.36776227828612
-60.08153791221265
-11.53854929294571
-28.215197935931812
-4.6134875853566975
-35.60878968216303
-9.004400443388743
-24.44178184648498
-17.791407924190413
-93.29892575341256
-21.658604336156184
-45.808285999514226
-6.387898032178162
-32.70126275576391
-13.000003654931549
-4.079295222846763
-27.06519784272668
-10.817002408932877
-11.17199331278736
-16.904044527608313
-34.166584118488544
-15.067403081858508
-33.31468594088698
-17.52308197270891
-32.259484152701525
-8.475359181414632
-11.709214468615174
-31.76578898148562
-209.14397305283103
-28.312073355210412
-16.467857366297974
-4.546271426353744
-15.975150609349214
-5.029804639729076
-21.99942479591874
-13.7500895159536
-41.81324790056315
-25.248346004980803
-25.40306909289325
-20.5544440052729
-8.399661010056187
-37.858369635544655
-9.228548191243132
-6.218703977356955
-18.402149248133142
-14.257641479891861
-10.933672443560745
-27.794686134740115
-10.695359978496894
-19.698190194247797
-5.2859964944341415
-23.762932745002086
-11.706912768593849
-13.363116861919176
-39.912468287041754
-6.856995146122432
-17.904223180282184
-12.414976959109365
-22.323265973746967
-29.013632785958546
-10.835910466062117
-50.18092448324664
-15.304105674798718
-19.784329072580437
-44.50567216742192
-11.587670617088765
-9.252757134693097
-18.35292685709007
-15.687666293695003
-15.509336373033303
-5.296338628779784
-8.315145405558056
-96.75863142160814
-39.062023065987894
-63.45006442994315
-40.58084492126039
-19.462227728455986
-20.80648342215827
-13.93357387780026
-20.382976233774762
-11.026033135686577
-15.551061704095996
-36.960384209047135
-21.428745149156107
-21.98221424947084
-35.21443034084907
-23.33861111179513
-11.006521303181204
-11.49490869865722
-3.146071824280472
-29.344098338540785
-44.456008091605845
-13.41460302806211
-36.94746420014788
-9.443669155447592
-26.521861722889966
-8.274022814079327
-11.114913503426811
-6.664186128234542
-10.581482797563728
-11.050761241578297
-27.398426060821976
-37.68117352441815
-42.4066691056804
-18.09339001373108
-9.539874592088514
-27.49372664039979
-9.831956350442614
-7.381537175760278
-6.638070976157696
0.4630568692322061
-11.591230348646805
-26.35262414558644
-4.29354723780321
-23.891198651060062
-13.648457681402885
-6.805684409383471
-95.24515435626165
-6.633369506974944
-15.935198842284692
-8.129574785706728
-7.788364972409341
-17.453259955813447
-13.198924029433261
-31.661508200617227
-3.705237894122821
-18.594971425759653
-5.084011667697397
-3.9081719423320638
-4.909836189150564
-40.24541921967615
-44.39139262423379
-37.75887004305347
-26.05782797002747
-23.42725175586503
-9.979234283299851
-4.7054789877445335
-11.425876027654718
-20.349416169673173
-13.610340669256397
-104.43584512917701
-35.94911329786934
-16.504287754521503
-9.799937688726454
-31.5991094986429
-6.530322487834403
-5.23259518170155
-23.443277935627144
-8.801740572935936
-10.185768509383074
-13.409840619598384
-6.339632602466839
-22.515887456035188
-34.39100274226961
-26.264208706709752
-74.77145698857326
-28.4856054844058
-4.626968784291674
-4.70147152341652
-13.819923142595687
-33.791349455707056
-28.096043025317012
-6.776444950708056
-15.640207660794
-20.171373644256484
-54.955329037883686
-15.899797949979678
-8.006220125901082
-15.57447262168112
-4.3147349817741025
-24.15997376026801
-13.097771339564389
-53.785245936770785
-6.859417713056619
-18.65480574935911
-97.67190738060896
-4.2214321342105965
-25.389118240121118
-46.44050014963183
-33.90972412720201
-46.063204555828214
-11.959195655481846
-14.686738380739236
-32.0640831034425
-10.94863598273532
-25.70370538170426
-16.71867039884622
-40.83093733559434
-7.124614403145793
-20.605865323850608
-60.72932168840541
-14.881950056833949
-27.801846247639126
-14.524271727630815
-25.995474271734544
-7.8762788049703625
-8.31385904971579
-19.10274192644102
-23.483462405187073
-39.96354156977802
-37.345799930956815
-16.188843674738735
-17.346696004881945
-21.820586763477124
-17.798844524879375
-43.400289270265986
-15.519163797626007
-40.13234611787847
-34.35860586876939
-31.070044690043265
-32.41060866958115
-8.615074043285757
-31.265647810593396
-18.358749614514057
-4.009056683336624
-35.53791168153659
-7.811568267902036
-6.476296084393971
-20.435785698419355
-20.95422040864628
-8.187074463705775
-5.279982983905016
-11.497954732198858
-7.238028022073784
-3.832302282097744
-8.145638874761515
-11.67005513164985
-30.885559112296246
-14.968192045093469
-31.364386909256496
-4.4192892551648635
-6.237786013347227
-30.477659721576188
-18.22960595985211
-16.964116551590624
-9.058024703060816
-45.54599970918836
-14.32154901505803
-33.30798280284779
-33.78468497456344
-5.045660070263893
-8.96568168283903
-20.647097111589215
-8.936879972264204
-23.209061492707118
-18.050199328110633
-24.344428740403206
-16.858245969062736
-6.495302348883668
-9.900983132919453
-10.28715647513178
-9.970665481486753
-40.699428649207626
-12.212736316749252
-33.247673526136815
-16.127249184945736
-11.843269011574575
-9.531308699695911
-21.043065388467088
-29.45848844720772
-27.110624275665696
-37.31359443363321
-64.60840126249329
-20.840607907169748
-55.08485915621752
-83.39927618920206
-21.18272510603682
-31.62415006841925
-32.10594527904899
-18.616965778700013
-61.59563856573477
-10.926783284168033
-5.1547506724458065
-19.625617329163624
-22.6068324332845
-11.035639883462274
-45.05517024420883
-12.118374542691159
-6.763067490467254
-17.14130747826732
-20.568455759223973
-16.03935686402593
-19.0024876309064
-19.573302797566374
-7.133390215693538
-17.538638285629887
-26.973149686728878
-8.816482292202327
-8.059797601304494
-15.199911597476273
-20.19066209126499
-22.668210919540396
-18.804003241725024
-23.656196229921047
-11.711674435564797
-17.29390286697878
-15.758335990309511
-72.90481413003616
-32.07206217186672
-64.66019575393562
-56.385435261222284
-5.932741389107224
-30.801691286026607
-20.38497832691872
-27.6483785783633
-13.078184478797981
-57.95133589645361
-7.255242579919438
-20.400262889586187
-29.206203869281783
-37.848047221026576
-42.785512456719495
-9.05492376919488
-11.044179709560094
-17.177285372427544
-21.50818408435209
-63.76597284106847
-38.45372847247284
-3.01705272326543
-9.431477491039281
-18.51997302238104
-17.89278475024669
-61.326196033302764
-23.882447376407477
-22.845222312210232
-44.39694472147564
-9.424887891531565
-14.849068721401066
-3.499174820634241
-78.47697805519779
-53.26931275680725
-41.851295470382844
-5.9766905589869515
-36.273426410065106
-22.0470759019354
-10.458648326733023
-56.15790523825145
-3.5728709082849024
-12.697415230661834
-9.190589645345822
-8.095671646692724
-18.264318363588202
-45.41916701781301
-58.27371837722994
-21.403898383668185
-90.70880786666235
-9.34555789092923
-6.919870549004842
-15.795253900196428
-13.976167811778195
-21.58889840295153
-42.47365109362858
-24.832599734048223
-5.419679769665333
-17.102685349991678
-30.20094017183643
-18.221380146340184
-14.568602910649034
-6.016891964164539
-9.672015686984867
-7.397457145886411
-45.97348803506341
-12.984354820081773
-32.43702176359979
-9.504275089339844
-19.122845638367906
-8.707244694255989
-24.38846757976142
-14.595242111040841
-26.468677519339966
-68.38498598228126
-16.980741627209547
-11.984108222871535
-9.643050397862707
-6.063549808665997
-20.43927790550689
-20.65838571999592
-13.27289100955108
-11.552542174781157
-42.1741083246395
-16.501427532126897
-81.42228220188116
-36.67370766112808
-18.157287874494475
-19.740819382001906
-9.164182547037036
-36.00598440479993
-19.013668442813906
-35.705070012888896
-39.95965844752774
-10.434521890448623
-7.683003982631528
-35.09264935840062
-111.62098753371302
-9.143258542384157
-15.553362426973745
-19.65586934116473
-20.881320510831788
-21.803363326462787
-27.189969438658803
-5.349385869976803
-32.96800268282835
-44.483990053430965
-6.243257166507028
-3.4170953781611235
-116.56448653767733
-43.684858708142166
-3.659365237596877
-9.58756271142172
-13.404470033720393
-10.117541336556569
-6.938068086366492
-26.861226455309666
-51.456902657879645
-14.050790425377661
-24.488717523607487
-31.417582279382593
-30.412116357697457
-21.76927566044197
-11.243104334411921
-14.827989134294302
-14.492196834202378
-8.599264047685201
-11.984100843662274
-33.133578667278954
-5.158671625602927
-21.004399725508637
-14.560135982335677
-11.478243820400861
-29.948488948186643
-29.76656383382137
-6.890769960904131
-12.925554528411409
-9.96737429479734
-56.693879501881405
-23.26245495662944
-3.4919752176521084
-36.617250457641184
-12.79551746806704
-33.91753144038671
-17.718727849742795
-19.511625778353253
-10.488673996277377
-26.693846398375563
-8.323633908032889
-10.038240592659896
-91.31327098561378
-34.23999700807381
-15.3497489644959
-42.75380482898563
-19.846444273787657
-12.707548953073525
-15.565570855782354
-13.486138571111743
-15.4314529996956
-16.465901828817774
-8.863833280003803
-64.46156602807702
-20.372995917603774
-10.13276782485999
-21.654033740484586
-27.056387047203266
-44.285281208187904
-7.129055167295426
-27.239496286496273
-48.395785130415405
-10.724966718840937
-11.718201629979403
-5.642215899920621
-94.29550013183895
-20.308153956017286
-31.03331128043162
-7.44779073613028
-31.1036327039252
-8.626345314101172
-88.3760736206409
-28.626479583969374
-10.193988729341031
-14.136530369632105
-4.438585849753153
-13.533231922541033
-25.38112506712849
-15.622332622153529
-6.533364438245014
-14.563844941763465
-6.576508474272129
-5.045258749396111
-33.01524008464482
-25.321599836396796
-10.377241287964052
-15.093163235537467
-13.162177577338635
-32.73864316863295
-6.790288337253047
-13.767570708290787
-5.268557106411525
-38.81232134418312
-23.933187878500338
-9.431003466289475
-4.851900081124352
-18.69627853354167
-11.925733202593069
-4.909114821686262
-50.98919235152267
-49.09169381726495
-35.91195138324042
-91.23167245588483
-18.8131655330791
-7.29651884333084
-16.163451419760197
-39.49201604404135
-3.9286853110405526
-27.126791297688836
-7.089539159864299
-10.091428240507682
-2.605139487820833
-3.4209089098087504
-29.32794591440174
-37.06135669388969
-33.29207093633788
-14.329965740767856
-9.777804020722387
-12.465958533742546
-34.011169422916446
-13.949456747725625
-18.910981508784257
-4.737573058040921
-17.174855557838946
-23.477431846603743
-22.65091728038838
-13.26124580500792
-39.5333811318577
-3.593539377834132
-8.789508590131161
-9.4686342802572
-38.02220135111013
-22.868151495429682
-4.968473316568641
-7.878659673699815
-6.890239563811675
-48.42335860874128
-29.594886155989617
-14.529759632080266
-20.745254840183758
-41.47386220091133
-50.335089344991395
-7.4658528835527225
-9.541225946096704
-6.537009104661169
-9.77668193222898
-7.626923498663153
-20.683600271289365
-36.4411505086247
-14.67424413866277
-12.633900479298585
-59.17541609354828
-36.48918930014932
-87.50454754447175
-6.001876648735276
-21.06653258770312
-9.173033854499016
-35.812416706005486
-10.794083284853954
-4.58146917443363
-8.869824106683998
-25.13468387354238
-15.727789442821983
-33.60011793825492
-60.70317365681891
-58.72615055886177
-77.33267936115982
-9.242236031832617
-5.3761644363373975
-16.983191071118156
-319.55970003634366
-19.17098901545469
-14.217313384089573
-38.09836886888026
-35.73954018074832
-18.784592842371232
-61.90668420887013
-25.577700975947035
-10.492492729711767
-6.038288161897312
-146.7663331779486
-11.180872513395823
-5.852649170218468
-2.234439236505353
-9.28849704853108
-37.25770179847255
-71.19255336614138
-27.063775375405577
-12.75964279193547
-30.79569044193283
-11.072439251921056
-15.477742214321921
-9.855880175143229
-11.86180437606091
-17.074240416119217
-5.076427996870976
-9.609815547957481
-20.537551191161306
-85.13124451963904
-11.366358253154582
-63.796888791920004
-18.507113491080418
-17.89650221388157
-139.3300246345932
-12.315332444265383
-17.793993788072402
-16.952393322845328
-20.732172718238026
-57.29208847056318
-8.662726188135247
-9.48354854793496
-21.38595495856451
-41.99000402214737
-49.3250276278819
-8.82103810918963
-4.158937983455704
-14.760732008015346
-9.903650941623365
-21.912260839454316
-6.87738555272924
-10.69861743478138
-6.55065840811222
-7.7278814891235745
-31.926589864203546
-58.83193834444877
-4.837758647735045
-29.563520863058187
-31.19533529434725
-51.57948327538942
-24.276426427944024
-34.21149120552109
-9.700512547318839
-46.1973010172367
-50.048286400606926
-42.064844579718525
-9.073523557421275
-18.30624354909648
-8.153298420348005
-16.42207483560416
-25.324366268806116
-9.967028514764662
-35.99841199468021
-67.43868277292064
-21.02451433478841
-15.02522882848144
-26.409554605772296
-27.824116804905916
-10.230228255080533
-27.72098576899347
-29.312689957435758
-17.296466256273582
-5.17684819765013
-18.9415968659171
-6.126380807427577
-24.978592559109142
-17.352106593838243
-26.922477585883705
-11.927799464893386
-13.532965677954806
-8.833040993275915
-47.41324805159645
-41.93165143010137
-12.082156055612947
-22.915391825548152
-49.633183532458425
-28.755395593144975
-14.296556611106347
-25.506306050753206
-7.998671374389232
-13.483222938584216
-4.457557668046362
-5.609823839262164
-20.140598985632575
-30.78012878515266
-21.071155345543666
-10.914937829188018
-8.476112000817674
-18.610325323980568
-26.030416908410213
-7.708342045064592
-6.133594805276845
-25.15348461541533
-13.346191945951412
-5.276026521960441
-10.876674767074878
-37.66502867922028
-12.842021423009477
-36.58281462390021
-63.404680902925975
-3.376324496695628
-14.494430575522337
-18.648262188846843
-20.41053197145963
-31.856155353962524
-15.836753731318225
-33.379993043778704
-17.5572553019032
-89.4682314942259
-9.04981354746851
-118.1766762052994
-49.086756988679866
-10.57610148000083
-32.94818917253069
-7.643196419410788
-30.892046144817648
-33.9370208018549
-4.656972954531261
-10.816284027765015
-10.309761054759363
-3.6125483740323228
-7.621454512839379
-18.253420725382778
-27.162580063603063
-7.4637096780417735
-8.211658995600061
-6.09845173835441
-17.331737185698
-20.007648651380528
-37.09156846334384
-31.23743191124863
-4.562561355249305
-10.198281940934203
-50.730664232175535
-24.627592815405848
-37.71102456056271
-19.135645028789664
-28.901403396564316
-8.930856002790279
-8.806060152458171
-36.06629575082407
-10.28977392024767
-93.643156039512
-39.929828250178275
-11.38681245086292
-8.729786619703072
-48.95836598594226
-28.399751661847677
-12.21480322596396
-24.50445140384966
-15.47587999149655
-38.62658194126036
-6.977155957162652
-17.556209493770815
-6.0285251106547575
-20.349923860646488
-33.67610676681575
-24.258986266264614
-36.19401723036763
-12.285988436114655
-6.1234752769190814
-21.867671136547486
-5.847412099245715
-13.749496256446
-87.88228682967183
-10.276820995382245
-4.064969935847008
-47.8201514233415
-14.954972928548345
-3.0477537896347235
-11.65496169228603
-21.316448736807377
-22.222841617841688
-47.55573176673953
-6.6078177240956935
-89.68190262421166
-9.974738966161585
-6.728912050310185
-32.12031300959197
-49.29503731422583
-13.401899886014121
-9.534555929307716
-4.879462705933905
-5.746106793085966
-32.22980678209551
-14.732851375413228
-9.600367716819866
-33.50446357059995
-14.976212500880846
-14.758350546879965
-6.812582565342489
-16.603162907145382
-14.440423884935838
-9.678275474528684
-5.431270600524429
-5.939092927808558
-3.5873412450956836
-17.13863254369309
-51.48785536185343
-16.196269548853753
-59.17411975852791
-11.234404600417186
-48.36998622336323
-48.9624976457026
-21.86406820125898
-13.62233378873335
-10.839291987102738
-50.02892955411383
-8.723667209956748
-11.404027001173125
-39.76006635574139
-46.799234795007415
-16.876979223995896
-17.57971769278674
-49.81403169066329
-28.635161846449204
-36.351724587946734
-5.201731297530765
-19.435323465977824
-41.57977929225649
-14.677127853827713
-23.91274383895877
-14.323518147868596
-36.18904036566881
-29.96458018219797
-38.822613948090954
-12.554445767085028
-9.511708499930604
-20.954464444194137
-26.24296571663375
-13.987118821963575
-4.949844937943652
-62.73812404628132
-37.23537095413102
