-3.5731495753331592
-7.682896082173662
-10.236045531210276
-8.443490459637701
-25.939511327376078
-18.44618670615492
-37.51375476519536
-17.58677824113107
-16.475252632815124
-11.554043024467534
-42.126787906600484
-22.46155908101393
-13.52698979034126
-15.386154433045139
-23.619433675590457
-9.686967172234326
-6.670612005686655
-11.067628667940651
-6.05925742569524
-26.360457211186965
-37.08523354470002
-9.913193155935277
-7.860808674162716
-12.665751162947307
-6.784185619772441
-3.9502629749260625
-33.013489244987106
-16.939241244745013
-4.691732209928627
-27.272362309906235
-4.693922414452937
-2.631347454796741
-9.808934146698851
-18.701471671198895
-10.907370036900694
-37.29811742629999
-20.526719209618726
-9.553955336279438
-9.317634275079538
-11.697481376486234
-27.921963494631484
-12.390881285577146
-4.243129902374809
-22.67755128009733
-14.419040979609921
-24.56534448122499
-8.401499633399467
-44.89033652075416
-8.96842172110128
-24.787337199024353
-7.169209857697985
-9.16882086331615
-8.744515124687688
-5.430565751864646
-10.705959103385066
-29.825913969883732
-6.3378053587534655
-12.521404065688
-18.422790082641406
-8.378212690727525
-8.013102692010191
-23.966549908510938
-29.76053496586941
-3.7205392291646526
-8.491145418556357
-66.86418197414673
-4.85694220669038
-7.866716989845852
-18.049635915856626
-12.04691165307212
-6.5968616265201385
-4.687648877940326
-9.614336396090431
-12.19520745638049
-4.452925166114719
-17.087269085477573
-16.956987569746882
-10.820160207570442
-7.947577252330438
-22.71174731459834
-9.328371895842457
-10.665687486333205
-21.22469088847829
-13.42375767709607
-72.28002219762352
-82.75004490375046
-38.92352901287171
-62.14374482758931
-33.57243737345378
-39.81553666446594
-11.004806325958763
-5.008013984336748
-58.03318634028303
-19.68870105526442
-8.968501466539896
-4.010212183792888
-21.374523958437607
-8.717063928764789
-5.420268491300986
-16.45182366190236
-24.66800238210436
-70.15383804965401
-35.63265327990117
-11.232829137540964
-12.980270779773564
-7.326033178347422
-18.08585128985759
-20.69582627361551
-27.93434329898585
-38.12858695849982
-4.784676575978234
-11.264859484721299
-4.4974924394432625
-27.649089057670526
-2.7394364721732454
-9.210755650236713
-17.55972730016214
-33.2560859397568
-7.2270062704160205
-12.805857405129403
-21.562534781358625
-16.83802834721134
-8.97085408980303
-5.032654061029742
-10.040714072990333
-9.419412777770356
-61.7695066321619
-17.34146020481891
-24.6873490893241
-4.733444997222959
-10.665402443718344
-5.7921381890969394
-61.056838380286116
-6.735754169703824
-36.906500627203535
-12.150022925304723
-7.60769764170932
-13.475636712565333
-2.7067075461257697
-8.39004742502884
-4.250611686865804
-8.580622263758892
-9.01378878863867
-33.24997553685539
-9.31598117210911
-28.717119861749037
-6.612456928076688
-16.459833728993406
-12.834165496224026
-73.63467114571768
-15.341486770514955
-66.39242422042972
-4.13161085764746
-18.300173324771663
-56.335948581476345
-4.539275697416711
-4.301567279104361
-9.042057204080313
-4.4288055632524115
-7.900732122210457
-13.89109169182995
-15.110907449653904
-10.892180376784408
-14.58135999786144
-12.783949140274721
-6.339080808734828
-17.741975840620665
-8.254472045331744
-16.915207526321495
-7.590696923309979
-36.9871150456869
-15.531645365854184
-7.903998199339579
-4.329016095003784
-7.269457297816871
-21.70412832507707
-16.647272173098614
-5.426985872730328
-26.207017701452834
-13.06029080455361
-17.921446514287695
-15.44487960793713
-13.612180799271842
-49.96025995676611
-64.61227583320037
-11.238615878870194
-11.325325691849162
-9.726735381492722
-26.45460782417645
-14.307523485276736
-14.36781573483221
-24.581300254942285
-9.790421802742086
-8.11086342166296
-25.166337599389475
-42.62582912997735
-5.868965585858521
-8.989200961340886
-9.098960079610613
-48.44428230305325
-99.82425553557047
-10.475571790014678
-4.467678283682842
-11.614866561124003
-15.105226255944729
-18.17592140393861
-7.807908184067727
-38.968077472477724
-25.758894480323477
-9.444561116168929
-13.381153317947197
-10.885997164551345
-5.81022376423967
-26.949065603104753
-29.84772009675037
-7.855360140195669
-4.131211189445506
-28.34731803098498
-18.652670369683
-7.863264914296414
-54.388344547598926
-2.903270475945922
-8.618256203388839
-5.380872437008435
-12.631645057150942
-4.721916237037125
-11.227986664279154
-41.69848528602356
-3.1924238895664736
-10.062254736199792
-9.40798647182572
-9.8965254537721
-4.150575848478509
-2.3478130056596442
-6.607257226794439
-24.956472037968787
-18.72576035506668
-40.09600760719596
-55.81046709522706
-102.79996201927686
-9.449481387213782
-8.582924591209975
-43.25752367941034
-20.045500434889693
-15.828817962319926
-25.501734229509317
-8.597442738585993
-1.9438736368915508
-4.79573359208617
-24.503397256542495
-22.7228843882848
-14.28741540573787
-12.358772057579364
-12.5322898123205
-4.217163241095734
-14.169941374073476
0.6864760128851766
-9.725828281730982
-4.795668185831776
-22.301831859059153
-5.775816542446138
-8.802344681765659
-4.3020554460171665
-38.45238812735666
-9.006656653721356
-22.19005578241352
-18.38600327466281
-15.036637242417392
-77.25625932175606
-22.790071801709182
-46.67967954115658
-6.645887202210078
-6.3532376847193595
-28.42745524552336
-3.736223294282988
-65.82024046082843
-16.656776030622183
-12.284804331257266
-139.5284101606064
-29.015810783123047
-16.47257356059992
-38.59341285774751
-4.601863541090413
-22.40367146238589
-27.96837007951399
-22.930539368948782
-8.799999344935667
-13.650980330353043
-16.011084784632587
-14.434828423341017
-57.34299863776529
-22.65892986681417
-5.210188358771343
-3.6870068217630507
-28.653230789274303
-5.292687009349532
-13.24460810889011
-6.122052877011267
-9.8077467605482
-24.478590362785752
-35.49416195189963
-10.445247004376673
-16.660666310262396
-58.25286068147598
-5.1011696242757205
-8.919686834480528
-9.876924993008464
-6.680606924682598
-39.63110827768568
-41.441469724978596
-15.449571674637843
-4.591955752810679
-5.784562784890369
-3.278895245894832
-13.670347345153372
-28.399635929999516
-18.769617012301186
-11.044964622068873
-13.990813042387149
-19.347209671673426
-11.29803765808001
-10.864507224573744
-20.06176220154667
-16.99272249148587
-25.19119300053805
-15.737523500358071
-4.615567541309233
-4.791093034385539
-8.1329341720521
-9.887225641271698
-14.168295732081127
-13.559963614542838
-11.34500622035648
-10.338154260458696
-26.971340685433923
-24.617221632500513
-58.964691346884464
-45.89671834362025
-62.07895398818584
-10.748897956352463
-10.025578762005269
-13.312987626951667
-8.441888968007325
-57.657570464216356
-5.242357539140628
-4.115230921258765
-17.833408233003958
-57.81766306496697
-24.279175286967586
-7.119127295058501
-11.444789336215862
-6.042824589390019
-5.716686869997746
-5.105096554688456
-9.416699867625631
-9.743270222511944
-4.1651644486472374
-4.021519253079926
-18.582484309181886
-12.475808126461114
-5.030451946396063
-14.820301771268774
-20.268717834600306
-15.236917800901214
-10.082538524870843
-7.92277002804641
-31.893651967630582
-69.63343145878521
-16.282475166981154
-8.603994852253567
-13.61141063211615
-13.01679071638186
-29.586828362356886
-17.321210366018605
-3.2580366141984785
-1.0808735456936638
-21.450935336835112
-8.318859908604608
-40.17126309054166
-14.823002617578135
-8.139555514246508
-14.86400501596696
-56.59215541742431
-23.930314197081437
-19.071004972258585
-54.82855639591801
-14.975174233189476
-32.48693325238322
-32.62947872541968
-34.670102150282624
-11.007458088095525
-39.4853905686607
-12.280082492666033
-12.091160298978446
-12.748855474203644
-13.389383178140996
-17.73824832721086
-14.282246521061998
-11.210469708550002
-6.366395041361402
-19.44295692281259
-3.7902667917025847
-4.279908239973206
-13.0528558427245
-13.315953340254197
-22.945145733896357
-29.19932540618263
-3.6111396105522435
-14.390774006651982
-10.747985418570348
-18.402548178736478
-2.6165322467229233
-9.862279303234622
-36.101416783316644
-12.004512686608965
-10.409561512058598
-6.556503841515589
-6.473388298406025
-29.357710280356102
-19.608495208468835
-7.833903244966786
-16.09922815268447
-38.3147304067877
-10.128797605582623
-29.577965896343
-21.13565246936999
-19.889399338116775
-17.489687830308842
-23.314092270551384
-8.539552038693222
-21.547268739588013
-21.00609925310439
-23.6596108352617
-15.57221422669949
-8.92224317916127
-21.73168814018395
-10.91177629328097
-10.113422268282651
-4.422087480576548
-4.756481967893487
-4.778273934638588
-7.51248535314899
-6.8320782530121855
-11.41384906375832
-21.544957483704767
-4.5809097939996715
-12.219002586703768
-9.681097443451778
-14.781632063463814
-7.339177553075828
-21.06203516277826
-2.648152933431178
-11.404853082683017
-46.77377906675405
-2.930136666497318
-6.734149225463643
-13.612132677746047
-18.31584098594552
-7.831376591925734
-12.010482999376785
-6.94810485625133
-47.519202582417634
-6.386234504465445
-10.970098636871239
-17.64706240299168
-16.42972791991262
-7.273417190428537
-34.18512066202313
-13.684780574765988
-32.330471344842536
-13.24696636722447
-6.6031831901095766
-10.13445251134295
-3.0803895931608167
-9.15430161831668
-28.01764202741022
-5.067768323745623
-3.69032241686789
-9.638722290087552
-6.805271653362138
-25.552060158957474
-10.20670592263079
-9.438885056055067
-8.50727284550496
-3.3389790990906874
-8.721848965996074
-10.733240211340695
-28.224045284354272
-19.991450857150006
-7.050323030807497
-29.832581581906283
-6.0787421693476915
-0.6339583335968106
-4.591955752810679
-3.5993806801433497
-28.896252641414055
-42.01349024280394
-47.11895897781547
-18.988946327383562
-10.220958622939143
-16.045623832114323
-11.549329790439527
-7.612955882384671
-5.975054575411956
-3.3389790990906874
-15.266700619972694
-11.881572982735564
-12.260401575681051
-21.58386418984373
-5.750540947179409
-26.96708007243672
-92.93541331204966
-8.396612735433576
-11.314447839617088
-5.940645934683131
-7.259155753744733
-11.382103644585412
-33.117186821475414
-11.090565130431196
-7.334695871571078
-7.849312020356382
-11.868499387994598
-13.488804974117404
-82.05943977205176
-7.647568606278
-7.56355735124354
-7.888844008895443
-25.76881314611254
-2.865713686398509
-4.650107643297515
-4.4813896696814295
-15.253832530136114
-50.13388097993642
-33.08854744707355
-19.88410678191217
-5.161557951363855
-6.745436540143494
-39.356828780573586
-8.564602854750479
-4.568787709348919
-9.560735995106613
-13.55359516166214
-14.712679547351481
-8.897311501299814
-30.225562205842767
-21.204739645180066
-4.897062938652018
-21.798553691079817
-16.187871291616435
-14.014569106137422
-8.864686726068804
-5.052895225182336
-8.80939968373198
-12.993270607089928
-3.8363107542064436
-8.053996864481885
-29.574723133040564
-2.1933932774041507
-78.63042867514707
-30.40271517505326
-47.49759117065654
-44.00928136172013
-24.06881097309971
-4.5949572994004875
-50.23792361651897
-6.899604592825413
-10.643569343671857
-11.75049699311132
-32.0430665024607
-14.595348613635599
-27.549053770648396
-11.136483221839157
-16.73257988435325
-37.250602178743705
-4.82107341678037
-31.897792462384977
-5.952950344811728
-40.98405541075031
-14.864904204108136
-7.720540188326354
-13.838941399437466
-15.23279500151672
-11.065639379946422
-2.984731394843512
-7.740166857395054
-7.038840740089186
-17.433516675633662
-10.2487864143576
-19.091697264156174
8.440733841781144
-21.613099413302145
-21.221636973879082
-5.218653748798096
-19.44061809515207
-4.408361982745208
-8.876326874531008
-24.333068244314262
-25.824525958486987
-15.154161450875593
-6.939572432186918
-14.664436607526598
-37.954759086274485
-10.637182898484149
-23.75848553643275
-14.550719640236775
-4.458953038407321
-29.892504511012184
-9.578133761375906
-18.422970077560617
-17.189670239085526
-21.211420334733777
-10.018609039805805
-6.742841662416746
-15.351015223890565
-9.782495484443007
-4.555718872707146
-54.53746056560677
-35.6612339985587
-8.940868546747398
-7.885234900846604
-10.124192857676684
-6.110655961959286
-5.3528481708655775
-7.530322341079249
-1.6509918543020432
-48.68500570448166
-4.092574509800667
-10.061252741973059
-25.975697632744804
-21.58408959635838
-12.905600445213317
5.803826830656637
-4.930676062848077
-6.0089347891315175
-39.22396027883132
-5.046647245933563
-32.08384199648477
-9.772472978696353
-15.986462312333561
-36.82889905507775
-3.305910439838854
-4.1232129071077095
-66.31871248329362
-2.878634203927467
-14.810822149146873
-25.46347493402492
-76.76807257861572
-12.364058799886749
-4.56598116095366
-8.313575983281083
-37.09457554100299
-16.77710922047059
-5.464939863699155
-59.37770076071627
-32.455610807227586
-3.3067297272822183
-5.900104894178208
-6.766667183368744
-6.193301788922774
-3.0636433365333384
-56.87911643155865
-69.69098048637643
-17.281928291838405
-19.861170352424445
-32.943098280279074
-25.899512338089387
-12.972006136608758
-19.674753184264613
-4.682661455320707
-11.684609984095749
-11.540516925481636
-13.113750758729147
-3.940115129615023
-5.141761122255878
-14.034206093145343
-14.789486043960462
-30.261868749845483
-7.048296782750849
-7.934447031816943
-6.945960886453478
-4.605377825118357
-18.637080079066738
-6.43696610601585
-11.63290612300029
-10.524721064449151
-7.870959498684859
-24.51252868785842
-3.960242510985005
-6.626876392500393
-8.607346518973648
-12.681624152841572
-6.425756135595149
-7.483773285772689
-18.10234778879087
-11.019029785211627
-5.796523575136796
-17.589270940034446
-3.6110469648969694
-8.976362615853583
-15.457773717534243
-7.479804458879277
-6.578868945246126
-3.2741004320859393
-196.41440487323345
-34.67147140564768
-8.63067238591248
-37.380553226568495
-3.988307060878579
-19.65714098043298
-4.85891958896592
-13.714327998447894
-17.040006949681956
-62.118452358452515
-15.486340264408037
-3.07732522775013
-6.775404856345171
-137.3310367199324
-16.083426318828582
-13.748344697490921
-36.70240917729113
-26.737634237866963
-6.232911756533139
-7.155231394717504
-9.849604732966123
-4.852347855037807
-22.716663956857516
-6.48831092463754
-31.904230111714856
-14.60726008562696
-37.499084290195846
-23.403926777319782
-7.610105098506172
-5.139283847507184
-5.101542520262626
-9.817527864163653
-12.506777589309849
-33.581011800373005
-8.553243067951517
-11.968693453118492
-16.321732472178976
-52.037606776282004
-30.4258487344442
-23.40923196901507
-26.253742910387782
-21.481215554155757
-41.180907178105215
-9.936315104213824
-12.556154051646145
-31.330185278491236
-12.102756097918384
-4.636661357599356
-46.145650976094124
-14.34255490077447
-4.506581842823158
-8.417009395410338
-7.635206532418614
-9.679265784455302
-11.377879994342637
-4.875772197427406
-5.562988218499966
-27.91286632814177
-27.145474944046274
-28.24283991503347
-12.919433514206217
-30.457723786970618
-40.633768233066945
-10.77147340816268
-12.04578601393889
-9.536779618591872
-80.84160158370925
-98.46947736142529
-58.57107285808837
-8.200731680898139
-32.73687989407926
-22.031975464523242
-5.639213407144684
-13.024801303812282
-6.0097351852962735
-9.427995418992838
-11.522661463179082
-6.431377587052377
-12.01178440720095
-13.27179400469593
-14.116565118802372
-8.013738029434432
-79.78060991316906
-42.91095874649216
-15.92329542257935
-10.567884305051015
-42.250696018813926
-61.109492438010285
-31.496409393851
-44.52215847884409
-9.532972216929364
-7.0273496000512266
-20.89152146540002
-8.8047662004463
-25.47615475079058
-17.010342627477815
-32.90625866919175
-34.15920813674535
-14.934781478270269
-40.860507783839395
-5.584065902582556
-102.75026293154953
-4.987913211823964
-70.21078246371464
-5.173037044700432
-106.43233108247205
-6.990818959438632
-35.06716301325486
-15.801144503007107
-5.9708782849515245
-25.117948771117895
-11.807010917636015
-7.220439946747659
-2.7143156409139606
-11.553820318227444
-14.020998689499498
-41.21030497985624
-8.379910105664708
-13.838198055262229
-5.012569564751178
-8.769029545851978
-6.350836557840594
-12.762623882746263
-11.821750824840965
-11.15454177622762
-11.248855430534006
-6.702874667189061
-24.01398292842264
-13.588721320750981
-26.870801872600676
-7.154318319504171
-68.2058829470111
-17.351151079989403
-10.55595680966917
-4.498043871624314
-22.99164537603823
-11.991273832168405
-46.668366468141635
-13.456125740291474
-18.091219846923345
-15.623154545003185
-4.72620839416164
-12.683688947910909
-18.238689726012552
-18.814187363200006
-20.630760773024463
-15.823029212204696
-9.887075064623811
-5.0252506473178995
-28.675726276923005
-15.940508865482625
-9.501451960565117
-6.134416257422509
-36.762592506463555
-6.731095194300459
-7.6447754390344285
1.7675363090045788
-7.992922170547582
-3.661782469987736
-34.23871854250018
-17.148643501407165
-5.767289793924456
-99.06301226724143
-12.006143770054948
-9.359332574337424
-9.144032791885865
-15.422500979247562
-40.94116960970901
-12.1476276479386
-12.478312156028817
-5.269575609452335
-22.484899210143293
-15.655859995907846
-6.766115939694125
3.0433227925176514
-23.215118841355284
-23.9862994504089
-8.363283321249453
-12.20999161963481
-46.808479198776546
-24.10360517834425
-24.658075568116292
-23.702683664309106
-16.491463460707642
-10.35633854101113
-19.864423778248476
-22.666851996374636
-5.257078554946425
-4.662934313853879
-65.58077787176333
-25.215393512330262
-11.22124280275089
-24.687940998784082
-24.869383451065367
-92.68455152080226
-12.16286807043564
5.589045682892724
-75.73286795004196
-18.47990034568495
-39.33389175669615
-7.489400679064008
-9.366995773308691
-8.432536880834625
-14.224788578077463
-26.40607290325443
-2.6225726341831623
-7.143827479924803
-7.764953440200834
-16.557307862934017
-6.893853202763462
-10.460534705175172
-22.56870774056931
-15.19816007986992
-12.505965555040067
-23.170795535128452
-17.192283185315237
0.23619331976022828
-8.620569448443065
-3.2933076549745324
-13.579067583428147
-20.687928691014672
-16.231195199206475
-4.103820705523749
-75.97700475149655
-17.008745900818493
-24.384497039423714
-11.929127709164613
-10.403468254664531
-24.55858173566571
-9.249134480860272
-3.9731062721534487
-19.471971373446827
-58.080337928275846
-5.973770794324823
-32.92134439886055
-30.612120512933203
-23.632270197450914
-9.439271120595725
-30.376355979930338
-6.20300143468089
-8.850746837427051
-16.993467428234105
-29.107910075058676
-19.73636988307418
-19.381168404863505
-51.3042554446411
-4.745267045539219
-7.569756012209612
-9.611573913842326
-63.31073196813171
-50.06909893924516
-9.951983559921189
-20.998147203364432
-32.476405397857434
-9.031226951714064
-75.86971320534177
-30.37633799510935
-36.51672009466011
-16.488401209309956
-4.881783636349237
-6.181146075705444
-21.609549154819682
-10.51990087168996
-35.849994922678235
-5.732956893759552
-7.85518324737091
-24.554569415776708
-13.662588455142703
-4.763889148963472
-3.4766946783245762
-97.90938162149638
-12.284006997844905
-11.105824283035917
-16.10866649763333
-6.852560177081226
-71.12263349156461
-5.481413818921016
-8.394113074944803
-6.095294996272683
-34.46648925158778
-28.492723873806433
-25.043365247815554
-11.50563541153477
-3.7662553350020733
-14.762561406819062
-7.243606893084958
-18.539631503131787
-13.76799977136206
-30.93000284348954
-11.595638215266652
-21.610981684617116
-5.655898837505347
-7.979575751276174
-7.262129133983894
-21.935092377465374
-3.3523275290929195
-21.71364991431712
-21.94252114063537
-18.328996438448527
-9.95534798900476
-53.94340910053721
-10.878175963436863
-9.252218837364907
-11.963506438280513
-6.488843080324457
-32.81931858109821
-42.405619598729785
-24.14410127523679
-7.141783208616225
-19.110474955381964
-5.477083234287725
-17.201263079436917
-34.81211032725869
-12.271446336846582
-19.531954341598436
-18.341471930666593
-24.883603756227902
-26.295199235336778
-7.488475377046792
-16.283363490175248
-16.801553036969693
-15.051979207557007
-51.91983592673986
-33.086573609144516
-26.788424171765985
-9.146849122230838
-18.695551624902937
-24.026346813144464
-21.920118903413588
-14.208265964854165
-19.194681377912715
-12.392475109625988
-4.521995756651241
-24.012145326796894
-12.584369295500789
-23.798993130524494
-10.247766418128498
-7.732084481084482
-36.867228332656346
-22.988702751734206
-11.69737495670303
-50.65639855670363
-45.86984529682276
-9.897973278826914
-87.50454754447175
-37.28403714945224
-4.376967282465542
-25.59320324710934
-24.18018981772102
-5.39562177698868
-3.392938003943033
-22.117212146117456
-10.458181039094457
-9.134293715391689
-11.868014502624808
-5.189051761773828
-2.845434749218983
-23.269145295645167
-15.586304410377855
-6.677847292508235
-35.1480604191077
-3.4663770766127806
-12.441315648995111
-7.590913566315513
-7.6989485742050485
-6.07132575924971
-50.92855439521123
-3.986024277684486
-5.940919704789623
-21.494852948648603
-54.94174416193828
-6.663764822837161
-15.441929408214843
-41.934839806627735
-4.681469448724402
-7.528272462298299
-17.557496928261795
-5.3812633270476615
-9.445123735323886
-12.231957363490515
-5.494293350888475
-21.35906914304463
-7.1950902723074925
-39.82038118442236
-12.535032033808015
-8.219124670336516
-6.0296630172877475
-11.737038013136434
-52.80006218685252
-20.98407617055166
-15.155636371502702
-13.878192416669071
-7.428530002548164
-29.428932911045873
-25.84101048553758
-17.194359168944704
-20.09530043550423
-18.177766033674967
-71.29829621394474
-29.769194066503207
-4.219283686226177
-30.837249074250227
-8.095036798061368
-21.103175550719985
-14.862309427543925
-17.2496946814131
-8.64991708217983
-30.75029656452284
-3.2446145418907917
-17.000177959870133
-3.6858839627059994
-11.207054325849915
-3.5111580847512203
-22.36317336954802
-12.314582202322033
-4.1624947219265005
-15.762044990076546
-7.275793531976641
-7.627284328660662
-17.98824667683327
-32.271648476611645
-30.350760546947765
-15.238187855023767
-4.391721603620285
-16.74938347110429
3.900833260494255
-7.234849651968681
-61.25015987383711
-70.25117537159618
-9.073473975061042
-47.60429066426951
-3.2580366141984785
-12.870727098304217
-7.4420711816442155
-15.704958531726126
-2.4465597917592956
-37.15039658704349
-11.122016423123041
-47.081070887345106
-19.711159951704374
-12.43833229958534
-33.79674520693986
-8.548621307668025
-6.759339410821756
-7.3294045446186615
-7.101510592231899
-13.380214739118912
-6.340127287757468
-12.171528850619195
-29.901425928732728
-5.989618205290564
-43.65144345643226
-7.541085532480812
-23.196385510581628
-7.611765566740208
-8.153656655710618
-37.08721261416645
-5.546306966000888
-12.740218681270575
-10.567170363329382
-4.687488898267712
-17.68475148288866
-16.24187130157084
-22.158138426939352
-14.909217849779207
-17.041640068199676
-19.616763032943776
-7.169592032805559
-27.7500708183174
-54.26533833685137
-17.84317882982114
-9.980621645930755
-23.41410944125378
-20.18926608962278
-19.12141991531195
-5.985454629028393
-6.124709294884019
-37.30210506188849
-30.618166046434485
-109.98460114073917
-17.525740735637033
-3.683324711625372
-11.184742204365493
-13.566293069049724
-30.39477090592995
-41.208575586487726
-15.325233599624402
-24.538002075675532
-29.257106289750894
-18.454950063053783
-12.400711395225695
-10.174028234856308
-11.376400251135218
-16.164490212322193
-27.47977276912881
-11.471880134646252
-24.645648171988594
-5.6900305241734
-9.175012040640121
-30.399205652411315
-3.492207090440952
-3.692424664986587
-10.135486275696271
-9.430387791769757
-69.62263202056153
-6.436518532433361
-24.08732157990709
-56.25344684435397
-37.56427943291636
-11.105628047599794
-34.39297989273147
-23.571501528734046
-17.53982373713207
-8.22367302855025
-11.102344410225152
-32.887595592576375
-26.459053958303887
-65.71801616578301
-13.762705867708249
-5.558976885920842
-9.058791125507394
-10.034854068249114
-9.600971432609013
-11.468755986515829
-2.7407855536838532
-22.00140764541201
-9.457650005777543
-3.7019898837241874
-24.78976364622065
-27.23983479470297
-10.311198790389755
-48.99484927253314
-1.9916378881708028
-13.462790569792041
-8.608819528756456
-8.063256498891397
-8.764665455028172
-27.988114587368955
-20.34093288387534
-15.31998442564186
-8.76333452921118
-4.169669201973596
-46.58934633681464
-9.830036618857422
-5.292402162452347
-35.96320078005779
-10.44093628631825
-2.569082255688513
-4.312848123422674
-9.623437079695456
-35.60310674509118
-16.919643805927894
-13.14494216973772
-6.390360914781526
-22.542434468814342
-23.0916387467102
-51.6073390072848
-11.703754077439392
-20.954631647509117
-23.559318827953067
-12.540863769547595
-5.044456968976733
-7.405843892468551
-24.569062396158767
-17.406589905618095
-14.378284106674181
-17.191421190851234
-6.137135268772702
-7.745712999676568
-13.093531674841248
-16.480980701202544
-56.326784892394734
-13.999340221047088
-8.464234554586788
-16.834365292870174
-16.065387428540117
-16.863362560681804
-12.804683073159712
-35.77315370483541
-19.103122751940695
-10.998610641705534
-21.281569169591435
-4.3812538717777905
-12.305702377777491
-60.56943983851187
-14.809811166526853
-13.638741302955927
-17.40943161348441
-8.267489851468138
-15.530987521320776
-7.998167546086636
-11.001090470393736
-5.382826119223119
-9.6045967171716
-22.29366974910417
-7.083277447518315
-35.06334096304706
-15.756211327757388
-31.84708746783007
-4.618069337863402
-67.68192238638628
-8.732482831997698
-6.967410949049059
-5.0202271393835165
-28.88940617057963
-20.770618000249545
-4.34604875063199
-12.544304825698187
-5.230134957840735
-14.463978378734629
-4.799647494015745
-24.673393696136163
-9.149246517227272
-10.981953401672063
-5.950675398615351
-4.79106984652874
-11.402216903622772
-22.924202605576138
-27.528424550531174
-6.4497533965220155
-19.079152384615117
-10.584638412393236
-22.008840565341607
-7.062256702142603
-18.04492887875515
-5.090112484778304
-8.959185692059325
-15.853691555106215
-4.95228268873368
-11.540469745841635
-17.844949715233614
-10.021872479738535
-12.253382840916059
-10.438858429428775
-4.671538851041849
-6.307234563230255
-3.318334199366706
-10.439127784495996
