-11.563353388429388
-7.561808370848209
-13.715649176799174
-31.387640006084524
-7.497655960192118
-11.98443699784986
-15.57241605782283
-14.687560718476723
-32.77498867245405
-87.68777050241746
-14.07065806791062
-49.479620109622424
-5.9097168068929085
-7.668670523913426
-7.66322706177604
-124.55847705201724
-16.6024887021295
-30.79517402962062
-5.3097589554520646
-53.99914166168626
-9.380692933709728
-5.5819505355016785
-2.6470149589348884
-27.440165365353145
-19.044078008051077
-7.3956276556223415
-17.954541635155575
-21.956727909043853
-33.068415304040876
-6.947503683884365
-38.95776112381053
-20.059238044101303
-6.604330853495748
-9.672837521143881
-16.525783944020468
-54.67360437643004
-13.67138084583678
-10.874845083156108
-6.909648404878837
-35.80951726128206
-32.63695485420919
-96.43557761243761
-7.989687291217403
-31.30589195062776
-15.735682291564606
-30.49866017848862
-12.281652403677318
0.28364701981718815
-12.889953883255071
-12.790528341288862
-42.917943022375376
-19.614059322915768
-36.02406492594016
-6.492475948030428
-19.747511552719924
-4.226369734962847
-16.26252195313366
-7.652627347682555
-30.88438948816671
-15.810799179957465
-12.033004313569577
-56.480944222076054
-32.33202827949699
-38.408053431092426
-15.128175327265664
-24.868466573724092
-18.618122356069346
-76.74218338464324
-35.83103926034672
-3.779654786963735
-16.558730645466902
-22.174349741407585
-52.86414427608629
-20.408171654189633
-17.368150310289664
-20.547237295047328
-19.53508248409885
-13.579583751300849
-9.570507854942251
-13.562770621695057
-35.88506342323024
-23.128066045367618
-14.291913143625747
-28.812323784795907
-30.034977541736055
-23.859794690188032
-10.056085924940474
-16.298685982095915
-12.153599786519884
-32.85049877884006
-32.54766970754693
-8.849019597864537
-8.720437397578133
-8.969300403194614
-68.21223691066919
-49.8597030727092
-11.99748052766246
-31.673824050574243
-7.308200010999431
-74.43479604336234
-0.7011242823943585
-116.28306737377937
-16.926320602750828
-10.793132568241894
-9.912740055098253
-37.19672242802667
-14.280943363145111
-10.673484038033061
-19.000884892725693
-4.59125153635156
-4.365705343903655
-16.571128957326543
-29.997208754520205
1.3404109061498366
-36.93854831408456
-39.263188205870584
-34.276784432399346
-14.483637886769865
-9.79271008520549
-19.687953363991788
-55.53974401110597
-14.721343136021872
-14.074029802424956
-8.72988915020532
-25.291772498195616
2.8624072449144964
-41.89691969760102
-24.160153352855307
-25.910947869903627
-9.172218375105357
-4.331901822027266
-10.765770109925386
-12.798724089689943
-14.562964859239925
-30.12004191486092
-53.36008106820561
-19.8158901704071
-10.970725867351783
-6.680108251965834
-18.13296279644542
-3.8298413114779035
-8.385086958881228
-5.634969823256566
-15.565309844983453
-26.618784787529133
-27.886379779148175
-18.79358012866188
-11.679041014941141
-29.12194572997999
-13.815703271458277
-7.261724296340633
-12.379907574172863
-35.03270578639792
-10.59452004647624
-27.178421195739084
-41.89979710147348
-11.499434742803379
-13.972788170309832
-18.781457072536206
-38.51434259274732
-10.96332103538109
-7.357908705181783
-45.51753869265964
-28.212991788992994
-108.16090100020472
-33.34579200686062
-16.054065334246665
-22.67272922678331
-18.529199479794475
-44.86381181173917
-24.25161964968545
-15.666884424075349
-22.24417798064748
-18.03264819184649
-29.7375546523164
-16.166808281656984
-11.576726184483622
-27.064820316691737
-24.85165375091883
-6.870126580489549
-39.777897222865946
-23.30447881293417
-29.869823819171035
-19.964038387625784
-13.743750048597647
-21.260118670897604
-138.062549021169
-35.1826809069145
-74.38206822846713
-5.933946567189788
-12.663218179725995
-25.21756089057799
-44.93097234841727
-19.436994444384627
-16.569743411508142
-35.19708893340129
-6.019312920376897
-18.323474252819043
-15.834291798747188
-11.762115346866663
-46.36993513094765
-42.3352408224042
-8.060382513218014
-42.261620997083384
-12.13875540949823
-6.918896318212757
-5.912227445586271
-8.315053600555949
-67.13362736020699
-11.332002446815281
-11.992291593818841
-12.177816734435064
-18.06343710253851
-8.035370622200077
-6.370687400931768
-7.917820428883024
-11.379013290620293
-15.60939333677191
-27.947373022401973
-13.248078217725771
-8.794117209731708
-15.1839961168796
-50.39402391605077
-27.63098780247715
-8.888322588425005
-27.325261520981897
-30.347722066848142
-46.78262031902879
-17.59596075570055
-7.07428139833361
-51.20429024827482
-11.985099511352656
-23.67891435383294
-39.309322115256464
-24.79933233100034
-35.47164861397087
-16.17927316103715
-9.994268700311743
-3.0697775884219647
-5.368644697276582
-6.681457573507941
-8.394971086616295
-29.60454016813373
-11.18283124623591
-28.028097187729628
-49.82820615461639
-12.50724956601333
-4.743878467555248
-27.192397806681104
-34.893715235059176
-37.67214608636493
-25.08398342042983
-16.091473534765864
-5.510353123146393
-11.9226860226804
-17.33853095630511
-8.213618750576408
-22.779626688293682
-23.60018316970315
-13.663092540129158
-32.334403325562334
-47.72373498174495
-6.888000492670966
-17.48660067446593
-49.7990901541667
-15.889891027622593
-15.619406528857311
-18.69554212191038
-12.142635113650869
-21.573136304986175
-18.897386262276918
-4.682650515218597
-9.714495189224648
-7.167199210663067
-21.361327991577777
-54.48875923773972
-16.063196424265346
-43.646914963342546
-50.60134818570585
-4.763593000110802
-16.090543723654264
-0.4467170878958788
-32.4956841889002
-20.342328199025168
-28.858981685866546
-42.87199147165618
-29.90175838703825
-9.36955904764561
-48.72312227216435
-3.5156759277575973
-33.35972245500385
-4.796808990531813
-11.703482821150487
-47.796374929234524
-17.02924199385453
-25.333328784351988
-50.898321424705976
-28.64198560204823
-10.552788561236344
-10.373544138982004
-26.0676934247037
-10.182526687802397
-24.617221632500513
-21.534284796032953
-14.018527457157058
-11.93382109647463
-13.529575434157863
-15.379959218139538
-20.644972879582845
-4.780893736167284
-14.343428038706694
-12.901399621963396
-20.40079343688998
-18.981280896390732
-26.258261809763074
-28.4636449385937
-5.799624661611967
-33.76911660458392
-6.877036593825681
-32.589322329156545
-14.912733079308108
-7.451875391715211
-4.251778103848313
-11.562099948393628
-10.869141600353165
-16.727712499624005
-11.074810056701121
-66.47636118858057
-24.87400137817659
-6.138903352869036
-19.411470914582488
-32.045799324631375
-12.913024360949848
-37.1205171563743
-42.80299154389941
-16.34754245423808
-28.64824920347108
-12.084640530840396
-15.576502313075931
-28.358435660246226
-14.778020725201383
-8.731929191940784
-11.901496376753654
-20.678879112877325
-13.287092052411506
-9.253115690155388
-15.623384042380764
-28.00461489773089
-27.598012099759472
-15.567212598978644
-21.403800439963454
-12.302194850614875
-9.057354717405897
-36.04030171423876
-17.21176994447546
-14.258968929444867
-28.609097944134255
-28.710674493534555
-10.857732554812324
-17.07012078769945
-6.1447313068122416
-30.150472560379523
-20.00754215320939
-54.537867616838206
-101.71047697957036
-11.904170470691623
-26.844728856893433
-10.142764107080351
-7.0074358111877775
-58.788929960183516
-19.44295692281259
-13.452751311915158
-11.149647271782262
-11.0797646090103
-7.514586004404182
-25.65025425543823
-6.550025026833996
-17.453505008391787
-8.097301468147892
-11.700516083667583
-10.084157915807497
-15.711462916997492
-29.67020011329644
-7.9969391027325525
-12.167710655778826
-24.031832433965715
-12.973793885477818
-13.297211501544126
-5.086821928996567
-7.675122015242479
-41.13303928292678
-23.094591115855586
-22.17473445770447
-31.544955871300505
-4.165704457697283
-11.585061620598905
-17.35724213075301
-36.73418509559849
-10.921399435584934
-11.251748813759868
-27.949456318161907
-14.443017288277789
-68.57532683260834
-44.274148372713555
-16.51257823725936
-52.32338442576128
-14.71979300238699
-8.037830884252125
-11.052105877599955
-67.35364619701797
-23.06759306895682
-20.53688167130499
-54.19552754164798
-5.126995997883609
-23.04347080755277
-37.330411664342165
-27.474864787845423
-35.03520897910374
-20.155199183504465
-11.660940643045963
-7.031618066140676
-7.364924607711678
-14.822781916130497
-15.15463185155486
-9.745097888720608
-14.529045873826405
-31.721811393941103
-15.812709281323997
-49.653694029383104
-13.537760209213426
-18.546859544429765
-3.3070573655088933
-37.08182806980833
-8.791995094768346
-4.60314352364045
-19.198036475552748
-90.62083608757352
-29.501621979245407
-12.10681370924982
-13.520429920610733
-18.969788420391147
-26.316332909912184
-14.381930594454484
-28.823863217573823
-29.672712065618132
-23.40144583980107
-5.125780075026373
-30.75877078625237
-12.040448842392669
-22.269776680481115
-17.527944393892884
-27.16384355083111
-11.099350863923007
-6.324682494408563
-17.981147006852414
-11.189533959782045
-7.578452857172349
-9.531424889331216
-10.821370795885427
-12.390376948911852
7.252615453920177
-10.670382302507072
-14.062988181533715
-43.54093535404096
-17.75203900184355
-44.9275935004629
-19.830550380092742
-21.966780392266582
-13.39767886835357
-6.421059086647807
-11.590516206323269
-18.076825813565225
-11.158703120999393
-8.977132985820203
-24.345279958129343
-16.170309994557762
-17.147070100513883
-9.495211405748927
-43.77682520302322
-4.053242278592848
-25.519784708720792
-11.103945151181847
-49.59936702477906
-21.506229745483477
-12.09814059625805
-30.372165143199872
-16.283657715967742
-9.804124196238215
-13.8390947942843
-9.708436453447753
-47.72119885143927
-18.057704260732393
-15.288578592851916
-21.012385959528093
-33.183960026386885
-6.799308643653426
-71.1222611856692
-92.32165640475891
-66.87489288257842
-19.40433750702753
-49.374480200676814
-35.02689098396435
-2.8797811295975078
-18.327098409274647
-9.743323467018916
-16.828554375940993
-5.251141228967893
-68.52367199960109
-38.98267348696728
-6.272923417697176
-70.17435580454857
-10.367674282025716
-4.609119235115606
-6.2840138818750555
-21.862537363374617
-29.17088859464836
-6.410403144958885
-34.79677394653111
-11.011400660317776
-9.144011723058304
-47.33450972391745
-14.389533827067694
-8.819432735769782
-30.261110554474378
-9.217057934601897
-22.522784164961752
-30.16867722441318
-68.47530018036245
-21.948501377604142
-22.22267457247163
-9.336276291470208
-48.82326259562491
-21.777393527235922
-30.89028274529683
2.073274240234105
-19.459756067185985
-10.01988791031892
-61.30554745783229
-7.470759739814271
-18.019690887554766
-24.87982309090465
-21.35169375414025
-38.149953923518886
-7.045797185349961
-72.1217797369724
-82.04144795998315
-113.2352567674512
-45.94202838222149
-7.958373269106624
-15.360898530052124
-16.08758590306664
-27.18724663697434
-7.308975932872306
-22.907815842474292
-12.114267948627967
-16.881968864279646
-34.426506811609855
-4.932361794532841
-33.21817023544482
-17.397649558271038
-11.707751088362281
-16.132418765158587
-25.112756478020515
-11.176470474187488
-9.063017158729572
-8.218169406679802
-30.850403789555685
-24.197918998447
-44.81701865730734
-13.722924112603419
-6.266817620929719
-8.80477602459287
-10.644356470224134
-31.092383837316152
-8.205464154752029
-3.3998012361075065
-9.805670291395513
-41.60000239227756
-36.40167947160102
-8.323577106247466
-18.704369850744353
-28.317059585281136
-5.73546802835125
-33.92114171264594
-11.364793116760811
-8.72294221064652
-30.468903701358236
-11.115708965537829
-35.59398363290033
-15.789205857590995
-34.29692381677176
-35.77556499028341
-13.930625075422283
-3.221125195542379
-10.474678698539526
-13.26631306450529
-10.345309670878333
-20.297319893614727
-8.234090175008488
-44.02750638212586
-56.269450117715074
-11.312625071638443
-7.368612439280211
-34.07905656275106
-28.29387391740875
-22.485463629224732
-5.9212247691890925
-7.623485626455184
-13.354691247616936
-3.396537256635364
-7.708822321198017
-17.42990562297041
-17.401781825108817
-16.817772886371895
-38.29223179736472
-45.97466958693806
-9.941892316804989
0.6302908579413333
-7.967996482362492
-10.305871577064925
-13.901609129289922
-25.440406525786575
-5.9577314851312835
-18.171622766105244
-11.26719833481095
-10.606619487469596
-16.03142322102703
-36.60705462623459
-27.75330320281372
-31.989675393102484
-9.51262031347041
-29.44039572731669
-11.883676131315653
-6.406640998513555
-18.845645588322366
-25.28315821212256
-22.85877554890708
18.664304395736924
-7.073359677509356
-4.473722184278475
-11.130805796533421
-10.494096980974717
-7.50441855768589
-9.998510074790367
-22.683004112741745
-20.296889986879762
-10.432098777316773
-10.12506016627267
-33.86398620560562
-14.86027571966188
-12.798595635775962
-6.577568951048492
-8.971426799621053
-4.705126364832939
-12.22281988362422
-52.50328297732095
-31.44331610008236
-9.403509697462432
-31.875577426397708
-18.58257373463772
-7.941005125363691
-48.92234063078326
-47.49150138206983
-29.15787888032237
-32.22031506480985
-19.81090252776792
-6.619023210556355
-7.537773869531065
-12.51601389216404
-128.53966528280716
-7.06642181073096
-28.619257465153254
-20.97757614258379
-12.832266044518907
-8.439037263119854
-14.620194566805319
-11.156094959383204
-27.352205745029732
-18.80147478516866
-22.460390981935618
-15.661748935341276
-14.969133023286052
-17.703648022399644
-19.479750284855793
-12.775132175361472
-4.389964107470309
-7.151393987370652
-11.844040421849563
-10.113121753888658
-49.880236432712245
-34.92379530423869
-6.245614867112351
-33.2293387709314
-43.00814116716288
-20.10825122705694
-26.976462510977857
-12.553063937193453
-26.234980866578336
-12.7036662050226
-23.81938376306592
-11.034446057690596
-33.74464735911427
-29.410992249489677
-7.588848545949494
-17.661756377505693
-115.74867775058418
-22.35181949647773
-16.027759967233774
-11.735060176312992
-40.076501085685905
-7.798438954093596
-23.952331735715987
-68.46241389037544
-17.26213654743406
-7.458835854958982
-9.070029538564599
-19.38775680978613
-15.141878120521548
-31.411449503120927
-9.487588057603059
-14.79852666230035
-32.62784392337919
-6.772234607196511
-8.40742853124448
-14.284633405791977
-11.406476122985874
-71.68483331649284
-3.9174786304766336
-13.25614531464445
-39.471933700567234
-22.17847237476703
-30.433045678522845
-14.05184655808145
-10.392106874477587
-2.323763628158749
-19.37112779405184
-23.410880722916332
-51.920416422616846
-10.066354343960295
-22.01172317994072
-14.338869143744706
-52.25620908718492
-40.93463482687288
-5.083909066835079
-16.132849747132962
-24.35645402653937
-6.506791813339196
-18.61202740085708
-6.110600591288545
-16.073745881130975
-17.37738612944572
-35.87477512195495
-12.29836451239844
-12.485891073365774
-18.011533315571487
-4.746922333684919
-15.86727701472465
-14.860681792740424
-8.44748425404017
-32.228485933098305
-32.73722396094774
-56.33829431941744
-36.917207378232426
-87.07501830294969
-9.83370134721927
-11.774916722023095
-15.195428803052117
-24.319223533098526
-30.222908697678715
-51.50905286820781
-9.7931947757196
-20.896262925399707
-12.239958490637925
-16.02836933101951
-8.945536844921104
-11.567275841881823
-7.948461622758762
-19.64969058646822
-17.850881760619195
-16.588610462496383
-9.222730840773586
-18.619822898954048
-5.970315677026709
-13.593964129115449
-25.536204277155402
-6.043724276043396
-9.355149507048047
-6.353997925951328
-10.090886413128702
-18.462128647067615
2.8920455462589603
-84.20943296010022
-9.734469193280491
-49.81585104503416
-18.98203740148833
-29.778871951013496
-39.68642843539598
-47.09213783856857
-16.44044703359864
-6.676517287045148
-31.812768247740884
-14.499393491745789
-20.394248550158032
-36.713725399517195
-9.977064340656149
-23.31673818619461
-11.266994076312221
-56.013404728431375
-27.38622561251567
-7.556266434739097
-19.769854621850985
-30.109684406248867
-12.491213143483414
-13.147997335430306
-16.00719624810165
-27.592957053956965
-14.114717519301946
-19.07894954860733
-11.241794686233812
-14.257201816089669
-23.05589901428683
-21.806118306991298
-8.563744767720468
-6.989473141458746
-11.238969159460543
-9.233644940179447
-9.360004634942177
-20.78393261119043
-20.045914658482754
-3.9569453485728032
-4.30782857754135
-57.27059746954509
5.878843716958856
-6.319607593679295
-12.515806964225813
-35.19561738048701
-41.34478552475354
-16.44023815293775
-10.215516310990097
-29.439601897150116
-8.203646355673534
-46.324561568494296
-39.54595783963423
-8.90499411950179
-40.52085582343397
-12.021584733308073
-14.790784345256302
-52.89486785021373
-26.976215645696655
-11.500856985359453
-20.47595446194244
-27.350474996903536
-6.47534870991257
-35.49260126533048
-17.21646747600908
-17.831731437636222
-26.796943893038193
-14.079557105146336
-5.094098783025961
-9.888574222272423
-6.309923286031655
-43.38029065907751
-19.314110051109544
-12.082558849926643
-3.7653267978664062
-39.740813181013614
-9.342545484801443
-116.4286787481575
-22.3173525219884
-16.413602342084225
-20.150433334171062
-10.088576091619313
-27.849425203688632
-55.68994280258511
-31.231737544331562
-26.816756262657552
-27.571054976668368
-14.901225981965169
-16.188571689075324
-19.625591261448783
-7.435104105251788
-12.619292237673397
-8.536069172942515
-31.330794674326786
-12.385184021616173
-9.53870128036926
-30.109629923258815
-6.0251918905447654
-15.895127642100782
-12.791097943834222
-11.719464818171465
-8.325361704738052
-11.377314269998786
-6.656615026461201
-8.62109112580542
-7.610889101257961
-8.21055955939534
-13.529556449057734
-60.91055474570775
-67.49472679639325
-61.39660595220492
-29.993573444093613
-16.42679893501423
-6.784889543181271
-9.883701541426397
-8.78757410602879
-6.05514051739893
-16.96378961730047
-95.23504309925865
-7.696752086783185
-94.84945699120001
-11.58863751899322
-7.672729246419546
-51.11832383798848
-23.09828441260226
-10.279423401036267
-9.454505108022525
-5.703735379389125
-17.447454365281548
-3.463149859000565
-2.8244569145318437
-21.904192526473512
-6.977990954255155
-49.47919692797352
-36.81586120230711
-85.92710786955321
-3.2637647644048946
-25.19037941922894
-50.98919235152267
-4.760881116657025
-17.670827260246085
-29.843942370915155
-12.407604607925458
-22.490819441555914
-8.490674432454687
-17.173523930142846
-16.45141247595651
-46.53541291712247
-37.75730364898043
-25.400806623526766
-39.20227393584008
-6.9451082085688
-10.49801444747555
-8.737565308496889
-16.552429844539546
-13.278846435802917
-6.762054097524386
-26.0924408505419
-18.51833667972532
-34.49361642778855
-14.198970034736178
-4.038812504167237
-56.09514940154964
-26.628443644997258
-25.002166246893573
-10.001943371097486
-19.63931677206415
-8.871388269735062
-12.464911100751644
-13.43123776319765
-10.627012329999259
-20.672966879566275
-17.936647885193537
-9.828927214351484
-7.43184282416679
-10.18803055487699
-24.785219712150806
-10.58641258725354
-10.13531378403628
-19.27864226999205
-16.444933257283626
-10.860796714837038
-44.910300697365166
-83.09680959333053
-12.686484015437628
-24.10666582754186
-19.647505118532123
-12.609144858222196
-19.377437245147803
-16.537952786531726
-15.729734705605422
-4.878368419884093
-41.027351493957795
-24.19601171228511
-75.67201555385829
-9.43154168395899
-13.414562995035721
-14.6576693836371
-10.376138550074
-13.949285402026563
-88.91126255547657
-8.371191317422436
-17.269759645302514
-8.017874301573602
-17.968372907803786
-9.632910491890167
-9.363820839615228
-7.639381196552648
-13.258936006028632
-24.221142707420256
-28.94837065697042
-22.651415827390473
-12.025170256812713
-5.953379594860665
-14.788815714824667
-8.819380449641574
-18.273501820948187
-19.506521431444046
-15.402513526472442
-19.271883395866144
-15.811653553861165
-29.953075378017957
-17.643357829344314
-33.18523987901165
-21.633537337937927
-7.883726483678824
-9.100386670743882
-43.33062735136545
-10.733064698510145
-32.16073606334
-17.36050080557671
-15.697169157917786
-10.673597420948928
-19.02568665367255
-13.86814314675115
-33.77938933187857
-5.566553152402973
-27.56938800160718
-14.741735213045846
-5.924133728998566
-4.899597582335236
-12.16541603008748
-20.062270682985407
-30.198118121659668
-54.414562798574174
-11.945874305619105
-48.74089195217932
-21.917068074271654
-8.37237971746704
-37.95593961722126
-11.533702553651164
-10.620900844874873
-26.507259018745728
-5.086156738469245
3.6825474311563138
-10.86587503517057
-25.202833841845894
-24.004460450960305
-13.323718967336436
-10.106728192047688
-27.28635762314353
-14.741338357401421
-6.1890778417031225
-18.09570109491443
-12.120255190835195
-23.215930568719816
-8.11250717883267
-9.7063432219014
-4.13643679344995
-50.95829024285804
-8.924281096963908
-11.798435177150429
-10.823633502997911
-9.653787525578068
-23.957001127370507
-11.251929723911642
-22.73414006419031
-32.612022805151646
-13.946385246914978
-7.904352291254505
-7.5344620699847695
-13.435940611569599
-12.732481523115528
-5.713796451454061
-29.05591222679728
-29.051031660279506
-50.86659183662791
-19.086046442415512
-30.290085444053094
-24.453794597584675
-13.689958454928743
-28.24100148741748
-11.82421312643251
-53.02172282279347
-60.800635198671124
-7.9945229306895795
-11.409892149721644
-90.59145655206319
-8.441835603113274
-48.3864271582713
-5.693825958280571
-4.441051989059535
-55.92912512186248
-15.46864108916669
-22.5286038668056
-6.449872381179217
-12.980913061177619
-8.279415412013412
-18.07445742152557
-35.31072817449889
-16.83394111228547
-12.447082711316948
-30.63881140533493
-27.652554243192075
-16.059533070058446
-16.979931215376677
-5.90973082403252
-24.286733016370263
-6.324100712900552
-30.233202612265625
-24.948871652296322
-17.23649202950205
-13.679327811619226
-28.655859348032514
-14.28417936938944
-41.07412825684603
-12.743044641068902
-67.96239921070698
-7.935386793499724
-11.95765191657656
-18.410271418704912
-19.0199562146259
-10.014206833900865
-7.831758974272894
-14.540573101760792
-4.663082805888486
-42.29792879115913
-30.75493630594906
-12.37668740450837
-72.98123153463087
-22.423711209802395
-12.10259360724168
-26.58972908880298
-40.126713626758814
-74.88020868508825
-8.614514989290917
-13.13800660378608
-28.77782715002693
-0.6947470872699155
-36.419403030008894
-29.71224852747392
-21.608682874745373
-11.718952794272239
-12.166891062667887
-9.009514599498006
-43.340608281992154
-10.659704066931909
-17.67662151117143
-5.54227444930132
-9.009299697236038
-22.76833117740399
-15.535464968600216
-11.33027837094513
-12.125150886039764
-28.209070412721932
-11.857170196253596
-3.4433830729601596
-25.96321081295723
-17.53798124934827
-32.93196487646975
-13.699102737892106
-7.285838682672549
-41.80353285865682
-10.999140731035233
-26.8639758826487
-43.390913011594435
-17.652853137989847
-15.8437465182654
-41.363987875277765
-16.52834676593958
-19.390589380033507
-20.80260207658778
-14.110935514333457
-11.758522169752679
-10.371196229658777
-25.710032221305177
-35.435110714229126
-11.789649544338072
-9.825154569329301
-39.901425065044684
-23.029855864267457
-20.04265178037334
-11.188950089629373
-79.65798742769587
-18.76640810326512
-15.432847232682706
-14.05464720579398
-18.203127374278356
-13.11994728086104
-38.38300361114785
-20.87075476098989
-6.185260121514914
-19.07548420836667
-17.445824210199486
-14.029039964248504
-4.215363410108494
-5.840630188770494
-17.02278504646511
-15.823435484535782
-24.53273652711185
-11.573279019944472
-12.922554945592003
-8.840427399077637
-26.058278477647725
-4.661261749444125
-7.186135579796568
-30.445944921129147
-6.2944857599609865
-28.7126802777151
-9.203278535427817
-16.658960339581064
-7.613444942899548
-13.686363111811165
-25.959557513866095
-14.362511706659216
-21.135469596611934
-23.42611290359542
-17.089029848863156
-29.36289886445545
-19.7895054443153
-44.51499752294757
-13.644088457259025
-103.38742637274278
-32.51514926285163
-8.976904351679515
-12.281453065048195
-16.035042052663567
-7.498745146705802
-32.673543257525544
-14.664526334592244
-6.509399585424042
-6.868510509855994
-26.153176144714976
-11.224133175125056
-12.791838110594297
-12.698178970210853
-9.95275265626444
-8.773295663315027
-12.072568770197167
-63.070906098393834
-31.54437718674473
-25.492185245916758
-18.072351027104975
-15.536439825455089
-12.280386752246605
-50.420160005689155
-29.884434498915407
-35.27071442869066
-25.32610092144041
-67.02674256307566
-30.530504145339716
-5.037067526385096
-5.57518974949863
-51.167503275133974
-13.579957094621063
-51.91205830576694
-28.69938952182207
-15.34818295734966
-18.980076875438797
-12.335710748638038
-11.441336113029251
-22.310281236353102
-17.395228824340805
-23.05230666012238
-45.16229024575998
-25.023387345688484
-6.842709702029803
-0.625616076859377
-51.08555346412327
-36.897171125704666
-13.313235299880358
-17.970458518791695
-16.66592471765162
-28.73662969118203
-14.751216846204223
-23.55176989220593
-12.56754775514076
-15.35159664695721
-8.752078795820863
-60.03292744472706
-24.38816869662686
-39.032687455924325
-19.732142287854067
-14.946607150409335
-14.235107585026475
-30.71387795532261
-29.492233767900665
-9.517596418905315
-4.791010936899596
-28.301347991672245
-18.221018223110512
-25.851626117039356
-2.6410127079650585
-5.102473495252883
-25.23769865023543
-25.189387202110627
-20.699384164890354
-24.07505348264512
-7.59959456712788
-59.484866935802266
-18.380905557529285
-12.614654425106867
-95.36310698176779
-18.466611117957854
-94.8714731413281
-10.367938529299934
-59.236961388533366
-6.69560814013814
-78.54221385086319
-10.912489978775788
-9.532611600000447
-10.635815850381144
-31.040451447859734
-57.43858860067899
-9.171478520464339
-2.017290356428807
-14.811189033932058
-18.20332082414224
-14.004176128362314
-9.356025194993274
-18.9786134827819
-74.91659545054512
-38.67243095581234
-17.9050096990345
-45.40203576659117
-165.82922916615516
-19.127302343338716
-19.52060658190329
-12.045933299786531
-10.680824749476379
-97.21501904720901
-14.164630235920534
-19.454853917171583
-23.151986774667098
-4.3990160084913645
-17.061494783058095
-13.520466653065013
-23.167792581603123
-6.849728634155402
-17.251430452632455
-12.429563154313469
-28.28907619240315
-45.973514395618515
-31.98296381849834
-32.32375974476154
-19.054347659252258
-43.86988620647738
-13.30822890005301
-7.212260845638783
-16.65380196229864
-47.93105862757488
-25.1866622960404
-33.54701548737986
-10.21618700857483
-21.459774264834433
-29.79297329788637
-6.803808673285423
-102.44793012045305
-18.203906997659885
-20.413328488137317
-7.9572616865876205
-30.448126597596673
-17.44457391603014
-10.769161897062142
-13.27034098328402
-10.312897826408461
-9.269512116837644
-11.390132131554832
-9.419245138746188
-29.82274725642212
-14.113547528908134
-23.782364499459902
-27.671658525960098
-49.90570413248828
-9.969235852032226
-16.25312318316522
-31.889140394145603
-8.719056659995148
-20.978530354207482
-24.889517242034103
-43.25785965869298
-29.67544495460878
-20.237120409185177
-17.331736605405304
-14.56494765622365
-4.969195572863605
-13.514470015965877
-13.504272686453676
-9.461633781261057
-4.368213723983381
-9.79271008520549
-47.351012702033614
-19.425768751250832
-8.751947348951044
-7.114357832104418
-15.203542854698675
-20.66351893667095
-23.645345744191346
-7.017528119304877
-25.630303054944456
-26.304265384556793
-20.055934715124078
-11.159194306130667
-12.694412306976286
-17.124647695616552
-9.49344428253209
-8.179303121883901
-22.370720261485598
-4.3516354169636156
-4.852382333340038
-19.50226846512754
-13.004158025215935
-22.50634154777137
-12.937635409604999
-34.23259631619189
-59.63971424587141
-27.360083433164487
-9.459952070178433
-8.656218658165873
-14.380451572780599
-28.437915848282845
-51.6128960896846
-40.470434000072466
-22.767514845272874
-34.38572398212473
-33.81529702935183
-15.952276812859536
-29.96897559664177
-17.621111462850074
-19.32622276663398
-47.342449686799135
-8.90013159065692
-9.525669290595545
-13.615545797146225
-7.971458846265179
-3.6188798935301834
-25.707440919822027
-25.428496621333164
-9.911839846410649
-7.105365862157633
-11.003269209865895
-24.22364476614393
-4.946017674604117
-11.647397947440327
-11.530308211414965
-3.746186210917123
-7.96355965365188
-36.069113960459504
-14.968777241792633
-11.101204124563022
-16.579588448524678
-17.080398948165893
-14.45598646939477
-11.268564433394529
-35.96585699299272
-28.859820164006752
-9.748049451061254
-13.60009451281861
-22.260230136941487
-2.8338457087447146
-31.09960105745462
-30.974104907735907
-15.82664197513391
-16.3137068432812
-5.461640473744592
-28.892003935325686
-24.876995189538363
-77.74195457774651
-15.566584494622493
-33.56841250060345
-56.431363857855054
-26.8537192456233
-15.567452544199158
-32.31920300407141
-29.354751006771675
-14.19468502046254
-19.438502112107834
-9.251848904170636
-6.239525649138401
-20.8475954685129
-37.45660352778905
-28.946831510429114
-32.689293424346836
-69.07087372364518
-10.917498470095333
-7.449522866761895
-13.51852763292877
-6.948080089607497
-9.432488652724766
-36.906532805601394
-18.30494739190304
-13.020923186924552
-7.328914062389077
-11.267825035958122
-32.24392157172412
-64.85811707805982
-24.76286443469461
-17.438912124106423
-36.409576015435235
-29.45085353367654
-20.03204428308784
-9.886616637188531
-10.814312108224263
-4.144427640635843
-20.181898028793434
-86.5107286060341
-17.70536211504952
-17.79022372153407
-14.852342589766906
-16.372724318896946
-44.64261951590994
-14.529451529353057
-18.27637230652254
-13.709051486383188
-18.86859834947041
-18.222306532424042
-6.805755886043108
-45.58884342757556
-12.935554510175319
-22.925290734199073
-27.067075615338112
-24.441610175572684
-68.01795573594363
-47.83709138726962
-16.225543087779602
-16.914085747130297
-9.081198830715174
-7.676851385665985
-64.60920923707518
-6.1831341640640085
-32.64606333053888
-177.03902331651992
-7.389465521449966
-28.274620726303187
-5.201499467985225
-28.725189565220855
-44.85343579881007
-13.37548334035135
-50.73653273804469
-23.445132682039077
-39.98023834677958
-12.418701870859397
-3.4782015052654818
-29.278197506595973
-11.161568620818535
-4.867765871547171
-11.549004355164648
-9.7355947779773
-42.34186442946752
-24.574038537012893
-9.767574521389403
-34.13577865719361
-21.14976047095222
-9.053795403899171
-3.400314969576496
-10.421136483601112
-8.531298229670803
-10.022995670056192
-3.245597754757147
-11.124956926304497
-10.468932164490893
-8.910870087823659
-9.083507900493682
-10.023654125613723
-15.407941304985401
-19.620645104901463
-55.49109035886831
-17.1462602275134
-28.068198468820224
-12.593728776339246
-6.402536796274065
-7.470190339398735
-11.01371131941869
-20.0946492087888
-15.173087964018734
-21.92980335369068
-6.207185110469733
-24.568171963456745
-28.95395839996392
-14.791101029093772
-6.640371071388535
-27.594794241070026
-14.78892975018019
-30.459050855059438
-27.31836104443043
-55.60338984029341
-9.694190482091896
-14.599088393100732
-9.263266343640474
-7.356491752844603
-12.445448619806085
-14.40616305285152
-13.0368111061859
-12.351067551810004
-27.008798480849002
-18.908185087382815
-12.765652014857135
-9.060248489355788
-10.944577538352364
-42.016364771466385
-12.012179362362954
-11.05838226661364
-12.786713878043987
-40.57897831025636
-45.248749463728
-9.492093888437395
-15.191795657310204
-24.44178184648498
-44.01095004707726
-10.110057407312103
-10.929113331357916
-11.120175851530933
-9.341491334718077
-19.55592894017102
-11.266078736592979
-28.793260765567926
-18.38644184635432
-23.432348008154946
-53.52043638305851
-15.319945519788403
-21.868731636741238
-19.21171835441068
-16.550689104039567
-3.4536568045051355
-17.309897226682402
-25.560764580719965
-19.37372486368905
-17.47342664265876
-10.953627869404386
-17.63916712495362
-66.45702345970102
-8.508807735961136
-50.84382098402681
-24.064880642035888
-27.473028066708757
-32.43745645909189
-16.35142390632199
-12.203478716924732
-52.203717819844215
-9.853684586735188
-11.688495010174423
-20.96837280385676
-15.638961784913834
-14.373306775235076
-16.445486846041863
-91.18749031402432
-21.893278484836763
-12.05322009103311
-6.933268392127781
-7.5933679550649895
-21.103271905389626
-7.065013515630721
-39.12324208357028
-6.420418254955649
-41.65229718280907
-84.60650572225724
-24.853693138678853
-21.056100203288768
-24.58981130515197
-19.965246545753654
-15.76666075136956
-6.441635450585325
-25.988503121520388
-7.0590243832812725
-16.486108346012728
-13.313839654492766
-28.545949284823454
-12.623641219703417
-3.58911579160159
-4.858694491593358
-2.112476725825387
-93.86565960229372
-15.466204652833584
-15.070847570847993
-40.840894638357646
-7.738382614860124
-38.112902315761794
-12.786468785125512
-8.726711129642634
-31.851778253929698
-11.036613282698855
-8.16853958101203
-25.805198510428543
-10.858576148434395
-26.497657658712495
-6.890736822398278
-10.220958622939143
-33.83396680927956
-5.263700660339071
-10.44356557622785
-12.599037020718823
-6.753037992254178
-17.12647330766039
-4.200916854280907
-4.368213723983381
-13.291887302525124
-8.681821834493539
-20.639222552197285
-8.022609168221429
-41.396344557802486
-124.18080029244032
-5.088976036292752
-11.267521068874334
-21.85443378296789
-12.443890751010569
-20.53231229056913
-4.793987439132747
-5.290608474131786
-20.353580106642948
-2.9350504878444608
-22.253506814734713
-33.87869715158806
-36.56203580731808
-63.9524811594958
-98.34113111539453
-20.6831675582216
-23.10094964390339
-34.99799866362044
-15.362156212781176
-12.455239994769041
-15.028961558626703
-53.85627017411799
-13.219851996572338
-45.19421600303373
-11.854971381096535
-13.539263949708584
-23.175161642886767
-23.498262332620172
-15.442883977847355
-20.201251985285136
-33.59268455805004
-34.55369788293343
-22.015938016837826
-32.113965611216805
-9.56260953181902
-6.579168213025509
-9.898079349516205
-15.45813562040867
-4.801199819542163
-5.909038372047548
-13.509631743156357
-12.596107358079708
-57.62022583946752
-17.019454442807717
-6.621651254401403
-11.712248291803862
-51.79041859276958
-5.215140919016225
-13.904859757065466
-12.578587522972063
-7.184868597948361
-31.2166255106958
-8.422307248808858
-21.67240301423422
-27.040265294402822
-23.69302762274853
-15.839700585180125
-65.7390472493726
-47.00030933253763
-20.988343951045458
-18.405227594622293
-17.86003650222591
-10.015204136985174
-8.989332981691666
-14.609054301220718
-30.452412223071487
-121.44027366644292
-14.741748704378516
-7.205930038884518
-11.837289186998252
-9.362623258318319
-9.126004274844286
-26.916846613379633
-5.083693581086375
-26.825342996273193
-61.36254541967234
-5.3555571955052645
-31.80006286201826
-25.433839355961634
-12.26723397869119
-23.813370257742637
-7.610640949480491
-41.80925499356958
-27.343684098236157
-7.465216018705872
-5.14468361895731
-17.33332578912815
-10.609259496168377
-20.818922619444145
-18.41256247443567
-29.182024865211925
-13.354462639531125
-31.102829339455827
-23.439156045982436
-6.8866522195645095
-37.26785048637254
-13.913996219516337
-56.7532140240812
-25.482059056748696
-11.08284868510717
-40.37025647231421
-10.18392888456028
-4.970890776912839
-44.58241500954355
-25.834683733426367
-16.48390924485052
-29.712168752764565
-27.505743505338327
-7.3165481319209755
-5.736044398377224
-12.107988711157063
-52.43272667758221
-24.782042556417323
-24.46407482662727
-55.372381258378844
-12.118749220503927
-18.405918087099717
-50.32299351483687
-21.903211114101214
-8.349784335324781
-26.17201566275075
-13.812364171621725
-31.67488582204549
-11.162778519877367
-7.888870118120944
-11.604682089277834
-19.36133968561314
-47.87852843622824
-10.2225658392398
-16.343228566416006
-19.299143388925387
-11.209113779065719
-28.748867874924677
-28.289221771219406
-18.222364045286373
-32.82619620484025
-83.01267514804643
-4.208716345845898
-39.21290506133269
-12.333328864478464
-32.26166480827374
-24.066843052963925
-26.447201297572622
-7.078828411450631
-24.419417589179485
-16.454604219821086
-24.00024639658667
-19.316217645302796
-14.361445497162793
-6.180911353615735
-31.639337991905162
-5.8733775845070575
-26.212900556707208
-15.886292987320127
-8.406922247403589
-33.114409407457366
-8.234524733403642
-18.020978098854837
-7.377346414678572
-7.5882075729115925
-19.088505895865016
-10.109116126167459
-37.01003647283478
-72.15987361809448
-53.22637410921127
-28.811137182443346
-18.023676097266296
-8.854468537799868
-48.3030368599751
-5.840129033117705
-15.284581408647103
-21.274496829662915
-16.410136115874458
-31.05423270795301
-80.91462739803524
-3.6506356859486884
-9.5322823181545
-22.069370870857338
-11.853593057895495
-12.746972675582839
-26.604655365940374
-22.109841955825885
-11.663795858158517
-35.017291548534914
-15.03175969155982
-15.240467001746245
-18.430471632123268
-14.312587569757756
-5.841663725626823
-30.07889191806219
-22.798559789142008
-24.954744335950323
-7.894284010693478
-9.45100654298787
-12.134913562557461
-23.817660132905157
-6.449975427737654
-48.52633994652156
-80.56899478305661
-36.96651995897311
-12.666662729613243
-74.17542235955017
-23.169741660489972
-7.206883459527674
-30.19353640266635
-12.296873020174647
-9.376243497130243
-28.590499811785516
-11.637900809370477
-12.190306956446998
-44.08415756505112
-18.789848894000603
-9.81399290823972
-3.996096911145452
-77.25615900151247
-7.882115941567547
-9.008284763280898
-48.48547518482048
-5.724315948495778
-15.728349363165375
-24.244562711869595
-4.333923475676379
-30.09326514050418
-58.57107285808837
-4.917952378967199
-25.60261364680543
-45.28614531891931
-79.26346717305185
-5.298109228281495
-49.131529915188246
-20.34547262169758
-18.686590671579946
-32.171483409638576
-50.543248375764435
-19.05468356212911
-21.747887163358243
-15.433170457451643
-13.609410877924116
-14.490200711179897
-14.54232605056385
-7.319650886097877
-10.231852511507375
-10.849276167493343
-27.39723697918396
-43.43537080640243
-13.730385569929764
-7.763496350855586
-15.370724238489213
-29.288215804560476
-15.666930178583486
-17.812009338197385
-38.304055624543125
-32.36214652717681
-139.69310166258634
-12.008384746762202
-11.31534515727492
-45.93846702247548
-26.795528832862654
-13.295923159967202
-9.70234461546768
-62.837766800956
-74.28171421976002
-45.67599232664425
-7.935270595177253
-21.792655461453673
-7.16243000043746
-15.82185817533874
-25.76324871889376
-10.823266433749758
-13.344713103711019
-10.108411882659723
-23.211671295038784
-37.87513034131395
-6.639599536953951
-5.057245950261071
-17.53408389220348
-10.392037879326018
-31.56941494186861
-5.768744131182884
-29.296230539673395
-5.803522481779842
-16.43636985818612
-24.828707792946478
-27.552415997756228
-27.290430970241257
-29.669543325752997
-15.27762572681514
-9.583171865120184
-64.97411777096721
-18.80427252221156
-9.610438993074897
-24.19568887564091
-18.454981901440767
-10.360997486570117
-18.336874312246955
-32.84299938120299
-24.513072368324817
-4.743148825214995
-12.625136954199222
-14.950272845538091
-20.01823059365681
-79.08904705061077
-38.54833520476145
-20.554151777600566
-11.554667291148716
-3.102857020419014
-10.073223812150497
-4.073888876909746
-26.34819468703239
-30.655729932064762
-23.34091745138889
-10.246827415667596
-59.08496728608634
-4.724558330812442
-13.508302033790386
-8.624261762765029
-18.42526890357505
-22.35621183717087
-9.93964550718635
-18.610715555243264
-3.701872765685716
-85.54207395937128
-21.48544441841265
-30.234840771378362
-18.76476957860826
-6.735607697444454
-20.703078807770257
-17.7385287123707
-21.764610424036988
-14.12039082760724
-12.869606243100309
-16.10832976237127
-36.417618957069834
-42.15223772590294
-15.993699411800906
-8.766627008298157
-46.418755025061145
-25.634279801715532
-15.850248962031262
-4.282702001515688
-8.865995449904586
-72.08921638467832
-5.131120760510486
-9.698910186841296
-36.811460791560165
-10.855606422424088
-6.768337255598294
-14.428145529471955
-33.86161290794828
-6.791567787467497
-37.909417992858806
-14.280139011996711
-19.197475767435453
-82.49629392068681
-20.703430927904762
-5.538908610249377
-10.588517576209254
-32.32086300435172
-27.193802560609527
-11.43952432120484
-7.339585454030804
-24.52187386226178
-16.10814138626712
-24.718232125478174
-66.75594071536212
-76.52629039992752
-13.98145203466667
-7.124916640615414
-23.741193737915253
-100.1982733286681
-4.864141263748932
-7.0780425342933455
-50.32380135691253
-10.141656985548662
-25.1720120040058
-15.490249192862796
-7.746058378520286
-13.787211045669208
-24.731927329743684
-41.59377433798055
-26.092531260626465
-22.47873020090114
-19.994651158929663
-8.168948465563773
-6.904569880939819
-5.4982647096676525
-10.570256687937531
-19.08340085135562
-20.56345042570095
-19.290304775702534
-6.793212383900139
-4.961528171732261
-60.57126510752996
-17.08476121564897
-21.06307000924041
-31.74407176853248
-5.802157900122617
-5.568043475933082
-34.697702811187504
-16.854349704067022
-22.75675483998225
-63.46831694094888
-13.112433501500858
-4.49521025686379
-29.506267510832018
-5.416874431873177
-26.003904340153095
-13.213892780176591
-20.25577182786403
-17.480117390447734
-8.266242230173756
-21.245631164869774
-21.20195319260296
-10.433915587783561
-10.874317696193708
-14.049747651151971
-28.823075933102363
-19.810070031856398
-14.165838607630663
-11.088301697084297
-43.02202081488641
-17.849446174468124
-18.32737123743384
-7.2398468619038665
-77.57338526347013
-29.092904440441334
-27.61787072804709
-34.09481204096739
-9.880544863073611
-33.37244784153119
-18.786554432363005
-58.35824737296441
-23.97695475613273
-17.685891629460873
-6.35098622770812
-14.942734070980109
-10.864589964149184
-9.64599285522788
-22.829316162093402
-44.043920564755226
-23.514341958154922
-19.55761121060744
-27.044877973440315
-16.145623936349416
-5.520801325844064
-11.059286173109767
-25.43089869847092
-13.292706003701802
-33.5641234453215
-12.589814592558334
-14.478349814922911
-4.6866679602798325
-39.488074854441656
-91.62539663892652
-15.741475630764755
-14.872061053629192
-40.68006438444297
-44.52499953128172
-12.871548481320135
-10.724182131565518
-18.98937310183639
-36.283727489952824
-11.488526041896174
-43.568630879576205
-19.681491598729988
-11.362067403681772
-42.099141225325745
-99.00964326133068
-6.541134292104721
-7.163650727030762
-30.49054643378872
-9.454497644837241
-10.765939338829874
-24.51236175848756
-22.106955081088955
-2.7733019063539173
-15.342216616678927
-8.458689862590791
-52.236475556316165
-5.169221061059296
-8.926325151259789
-10.384433216251532
-3.651818457967445
-14.768752010467631
-10.321513180701873
-54.92244530101881
-19.43678645525748
-1.024773343645034
-81.25784463989747
-27.195537970737554
-10.691269245023099
-16.029514190414858
-26.02040238319614
-6.754541936119783
-24.407212022738637
-9.028437654925824
-31.118755671491606
-66.48806776708197
-3.830454371223739
-55.72373562908586
-4.403351633073134
-24.089373314736534
-11.788474482147492
-17.28212679994547
-39.44199898966356
-14.558416898914443
-14.15763773063496
-42.83653972273549
-14.874574729442072
-41.4636289957804
-35.90617973228425
-9.384493335016247
-16.60243148722284
-43.763205596581095
-12.234809075565245
-19.118796794941755
-35.864763782733576
-3.3027760131508535
-16.693584527963342
-4.907959330277966
-28.808976803431317
-36.3921246323596
-35.448139778800105
-4.06792296282113
-12.495611550109894
-25.12031585717497
-11.823338013666685
-28.097931919521674
-48.886668149087264
-21.439126732273728
-16.826785683614577
-47.60429066426951
-43.976413266633806
-11.866567395459182
-8.206559539649346
-18.068450469780437
-10.364203448396303
-11.00834848444825
-31.408315634068213
-5.915224723661437
-29.476087078652352
-7.799539739157096
-11.915538688518053
-9.908569416330975
-17.767691119900803
-22.681791827033265
-9.446764409493621
-14.62859134160505
-23.11921476985513
-49.56211477843654
-9.919802683200844
-27.192619867412976
-4.718115423575171
-33.6196429960422
-5.831377267470592
-16.730859071702586
-41.65406883301646
-53.72500667975292
-10.077897104207993
-13.07682673491822
-12.978556713227642
-11.031493298795596
-22.16036606683634
-4.251932838369299
-5.514596401579954
-25.725076421956302
-6.862628158196982
-92.54186794615005
-20.51420004534671
-4.917034411976367
-16.695776883778652
-15.021285284388833
-37.72684256906799
-76.74823323735838
-58.00579144505459
-31.559572760869745
-15.046925797322368
-24.99596768138213
-31.6618842109059
-21.05372954325161
-4.525856549488283
-17.301121236356565
-6.023763203966403
-28.515356629919182
-5.021588685367123
-43.19175410755684
-19.851649609237278
-6.34313950277656
-14.433981328098124
-38.43666377925656
-15.926533366494901
-5.846627980720708
-67.69218407854227
-4.361536894418335
-18.383062518398585
-10.79993518659837
-7.271895782226462
-8.351637412611405
-17.438436016362616
-28.994805192270842
-9.275339151789586
-6.979024373979694
-14.288337292406538
-26.87432577316697
-58.12106151220342
-34.57189415579337
-10.4213166943567
-104.70748797462552
-22.107407529250082
-15.383931776681573
-8.216560408870203
-31.777800393515676
-23.67365620604391
-23.966037955287327
-8.434518349473755
-16.147950973595826
-5.6165152429059795
-47.99724294352103
-27.344530370069382
-30.892046144817648
-18.682188124572125
-18.28989038280249
-9.79047338655666
-8.281893945600826
-19.43937159141601
-67.4075164201942
-7.74093876972853
-19.40883187548885
-52.324945862725784
-10.506425245167703
-34.64020706099241
-4.02899019647921
-9.767485292337673
-20.854587395487105
-17.227738415670466
-12.2594999010979
-22.573801417126305
-4.198010090410757
-23.79493190263987
-55.26246320904641
-18.850486243960887
-12.713377164271318
-13.088985989523135
-17.257964039028035
-5.856704667823174
-24.574394192740886
-20.940597855006537
-34.2402070410617
-15.776224801108201
-16.84698782168674
-7.138433903905309
-12.19833522458752
-14.79103724469818
-7.971994684228479
-10.5896743214794
-18.447113540551218
-24.462810068968587
-51.41127662968571
-23.79729882927226
-24.795985968694836
-13.19449594969642
-7.365705363059306
-11.0153044028756
-44.91066006416255
-31.279202788138175
-11.27197870577442
-18.536217496994844
-17.446345742831348
-7.526114517619426
-13.486669509677657
-23.37572519077148
-12.387651739648575
-15.28242584171391
-4.6668225471145695
-9.01712188739624
-5.131245032371742
-82.1895285071334
-14.74655132545816
-32.55252539740164
-10.765084926569886
-12.954091682037614
-23.217213751484312
-12.809170569342143
-12.84592006380278
-43.55179996814165
-3.2529854348909555
-8.445676079932571
-30.915012923113533
-6.196048728506921
-69.7251117098517
-20.458177178003183
-18.794673708967302
-4.83358099111021
-25.57495990335503
-6.5344859312587324
-70.13440291756218
-27.189505458684884
-38.74411600832646
-19.991673350484625
-39.96862011672025
-6.6869459667671745
-18.80240454182376
-6.270043742815908
-23.97234007104772
-24.688963574457965
-55.30211793154838
-10.046353524749211
-13.800549597938865
-20.814831504125365
-9.788406295385887
-23.418653791646747
-11.18323269197428
-15.405778077345749
-5.038879032944299
-11.251836349629658
-14.963782889274716
-30.746666505012264
-4.769242579680597
-15.124844721474176
-23.415356310264432
-19.512403561579355
-17.520540549280366
-10.844356534335512
-12.690325236976825
-26.594429466720367
-12.574244237551804
-21.49890174425561
-24.98311762688691
-18.385995071834092
-28.049119717532257
-6.009781831502953
-17.832716382567877
-13.084930980897504
-27.389025666124372
-6.325858353373346
-9.967879232667963
-33.90000061194317
-4.220924207778941
-17.214020559586125
-19.344173243997822
-5.499222681094172
-15.082023650770566
-50.89367118667121
-9.158597361396923
-18.26223479184828
-19.5638766276211
-34.83250458893162
-12.614375915601247
-22.12641450085489
-8.675797938787218
-7.551710690538997
-9.090305056708356
-13.467113321754967
-18.143934281214655
-7.197774196173058
-19.77077176155773
-100.21070126942499
-40.6632491180256
-22.95004069698901
-22.575564306559045
-9.511456977451349
-4.827585224986966
-16.767662704654025
-17.117286298075097
-13.028683242920682
-14.867958420006639
-26.78707491218147
-28.567913973677072
-44.84333042348263
-25.894389093402893
-14.928673042699106
-15.19200471021581
-34.327558030784736
-18.997592694477223
-21.030089192195653
-34.1786895682203
-57.48048414852286
-8.837119645609501
-25.67456638118175
-8.389376154810702
-8.581907803193074
-22.382478395693592
-5.6035230163826
-46.71232384720343
-64.81306375000584
-46.12365845477924
-26.53503764571936
-16.942615591597992
-45.770489075201354
-14.150440763783893
-40.02146474724747
-16.255646940115653
-8.726432692462623
-35.53706357904781
-7.611735968772513
-6.990499833754553
-2.868022199188612
-35.44093489913353
-7.830659619658826
-166.6546496308078
-13.641322195681834
-24.095320379381505
-18.351295359782313
-6.55395159287227
-5.748354984991101
-33.77230588254619
-22.45504047530922
-8.88511420969328
-12.73243486688454
-7.234565523503355
-24.141026906848804
-13.938141117953961
-74.8798682196809
-9.626259595474192
-11.01464282286475
-17.42479201470086
-26.35132329531418
-11.165155293966066
-17.162810587081854
-5.856607101358161
-8.750763609090615
-28.35637867414816
-16.949016904772815
-27.99583871696898
-5.808026442269609
-9.496711995332753
-21.659099359391583
-7.3560421876582875
-26.375565525503234
-10.67854876633052
-10.293846605233599
-21.742030840266096
-11.839521087512301
-18.604399995847352
-23.937388218580317
-13.071997672698195
-23.27457869966193
-37.377158784343365
-18.096750263532652
-45.52043796894319
-30.113233351063915
-7.283208720989446
-23.868122464232524
-22.544876341070566
-54.06759208063337
-44.22025953249987
-21.896774798250867
-41.970315593876705
-28.624410711689098
-7.788311718224076
-26.833695437294345
-13.279097740788348
-46.768809495881584
-11.535942328425937
-15.477113164985985
-107.67689498405016
-27.169959159166925
-12.336167664292224
-8.454343090493989
-8.85900927425251
-18.09153864226082
-21.75580420193394
-11.145856782968373
-18.326645027163917
-22.52812939788013
-18.395466925530524
-7.600281498519164
-6.6313082224301185
-38.41710089912564
-20.774338744438058
-12.328218749898374
-14.848609580317015
-13.191000299929998
-21.61217931642514
-23.57284665208918
-20.444421616923194
-46.722147781196746
-22.483268233501157
-16.329387438153386
-12.039937488558875
-40.504167102113854
-44.09127838839856
-8.71175871314008
-110.1564776047268
-29.678668463412713
-38.58468397172873
-39.57177542673397
-74.2253175925632
-13.024251788521251
-37.635491245266365
-11.82648903270149
-13.665005909019218
-10.909931284165324
-4.545803487000038
-32.18024009714392
-87.13437207096746
-18.85982271411274
-30.653919303246237
-22.296221251694064
-86.44294194792661
-17.788102230409933
-38.80602367138308
-16.775955703141644
-6.521159477503706
-4.85966008735941
-31.608710973607483
-13.331788621703897
-10.762823805615577
-15.641308270275974
-13.262644099931169
-21.4544764120623
-18.631754939855018
-7.871907393949828
-10.170821983234028
-16.194410068634614
-19.4238663100767
-26.695766686199843
-26.6618847621057
-9.730507535885799
-34.38150530342808
-13.101451180277072
-24.35545082919591
-20.022283686399703
-44.06202176905326
-11.47199539354652
-122.61864823015684
-4.184558228278079
-12.233679322188886
-23.163870927600737
-6.018184629856355
-50.2511958062719
-12.737699879515992
-24.281346201692138
-26.150591964055213
-24.999647450946227
-22.687194417028874
-5.399196096277024
-4.716573246302159
-15.793081351560724
-5.19467119533471
-15.541552225817926
-8.233032755331003
-25.817559491728627
-17.76783240953392
-19.574612401038326
-20.36989121408525
-23.830539082296475
-26.39619528660343
-8.946621724210047
-6.88662880881056
-52.348283880030245
-6.671809751787875
-35.02915410489887
-25.43766903574022
-19.245248370817585
-6.677379903014159
-16.800299811351103
-58.247165175146456
-27.72634657002943
-17.862171120294384
-19.461281799405683
-10.231818668093657
-29.722504252217874
-18.860447055475774
-3.571914452062661
-4.225553126299364
-45.384814949778075
-25.64220575528232
-36.53011271833265
-4.275225179608741
-21.124768240947052
-92.501516640334
-7.45747553371982
-2.8461025418998136
-32.34178039582242
-18.664319013808644
-4.948317944457364
-6.626042031772638
-16.179276031969778
-10.994158077565878
-20.62719250205186
-45.499367825433275
-34.00311143054734
-3.96999716084751
-66.63976788025492
-15.57616193536448
-37.87063303056124
-14.652156508297905
-1.2324553621580014
-3.2353962159338723
-34.138808286881904
-11.72501793592248
-18.440220515723386
-9.248780958548945
-5.178439757034976
-15.717879795690145
-13.96279510992638
-16.188224342942455
-21.936713679899285
-106.00293357447264
-16.450018717974164
-42.62445216167788
-13.074228800288246
-12.287953591644342
-18.638818156393672
-14.195881751787612
-30.09551473416179
-18.53224404750105
-14.217288956019186
-22.339634841899414
-40.80224771807555
-26.999225795975818
-1.9818160344037314
-16.35441758523719
-16.240142856039125
-28.719463994503272
-25.52230087452188
-7.927937560114761
-62.39509080420592
-37.763609028883735
-21.40325738983415
-15.955305754322863
-12.450269785272134
-19.876322318137134
-14.312646325826533
-25.762168544609064
-11.296961248593924
-95.26816619448572
-11.08764036769975
-5.910500001130594
-14.223883540149322
-5.356440366178814
-27.612689101462575
-7.504248920201564
-2.802235231855392
-25.324005248248785
-8.887217147543637
-8.712798663021958
-28.852637262926116
-5.5951597259194905
-16.63374079476348
-11.076887248655742
-12.648822429103028
-18.214087307118998
-6.207735888353603
-17.566962363650102
-24.109231377140325
-7.801521046262251
-2.278752384798341
-6.885202407367113
-19.622607443911928
-25.01347661820601
-85.35002015929652
-38.45440588669931
-27.559805805038504
-39.781860651726916
-39.83952768171367
-26.180365805945666
-12.35231990204801
-8.305567091451033
-45.26576445874939
0.7449877198926256
-8.752787513506961
-8.900918432979037
-28.086764824605915
-5.909038372047548
-14.40615276175781
-49.45831610874995
-15.23063082127971
-21.848932810728016
-25.858796066625608
-9.209509209921213
-14.298602535793624
-20.235065633296813
-7.654947909350439
-8.697998154270065
-16.86255255062565
-12.45583696856856
-13.822421027988895
-17.43399163839445
-12.123128505846998
-13.969370370550976
-35.13809133593068
-13.048160249513785
-26.917258682019742
-6.996999069258539
-18.8447281913773
-15.106274399535298
-44.40577506361904
-11.043463278879234
-13.110285700836485
-9.586398711398584
-24.764872515233865
-43.55511351115389
-14.131466973826534
-6.229203967893473
-23.869167928274162
-17.152204005863904
-17.60922108501697
-8.20811789989621
-22.79664915251154
-56.79769351989515
-23.230142223719056
-5.1008881657632585
-25.136130092877405
-6.649234770656866
-18.931762644393398
-13.934053908431522
-9.997783773884757
-14.196487052919949
-39.54491687363515
-15.015428595996422
-25.940918895729578
-13.506677130118584
-20.561704662077776
-20.563502729575823
-11.607674290581912
-18.02912226974752
-13.099229605757548
-11.017446458421656
-12.187509806333699
-67.18191166241063
-40.34439444765082
-23.080793208921854
-6.661311388005677
-13.944709842341275
-26.043298577627247
-7.65398799153934
-13.38838037763806
-4.642424160271166
-11.09375984291398
-14.198546445117303
-13.665186848775294
-20.63283578273551
-22.33987769980742
-26.259531531569678
-6.149870145256968
-19.11414550046628
-8.84243248787215
-25.165087961422977
-6.381021357064257
-40.075185436652006
-25.98957608026916
-21.97437021014742
-9.52845869089768
-33.31468594088698
-32.5500036256975
-21.3809694564093
-6.645749360438052
-13.336674507954076
-10.874112968244365
-17.755399873605533
-8.096171244526143
-54.37117918058115
-14.24994025196616
-27.83256359649761
-6.535928528505962
-39.900216975521325
-8.5240160221516
-11.881534716914443
-16.007149306283274
-8.88057628833934
-5.50749911974089
-9.934284967283398
-17.97826464352971
-11.10361440158529
-22.80399315327462
-6.780635962618457
-6.8709457089747765
-8.279675382014752
-21.188899101385882
-32.77980341419233
-48.47504816981109
-22.113540104461244
-60.24841964048508
-8.729227787002817
-10.82134238173334
-13.187077013184242
-28.974702492406344
-34.96697125626333
-5.553278891066786
-17.699650073504756
-36.388190875621945
-43.24448777360914
-17.494086022484233
-16.140603408739796
-21.02898499031263
-4.054146464415388
-31.656649981958715
-38.89962509202589
-10.475378481523116
-29.3903504821539
-7.6658759645497705
-19.15719169450908
-29.755959390578823
-13.778109354436651
-8.128611287993005
-34.10924896862962
-38.74977241135759
-34.96488209484556
-33.304007378569736
-28.77987331662476
-8.435595529379214
-6.594765927856967
-32.1314940374918
-29.25538036318246
-15.634255197735225
-35.66061337605138
-22.64560879533774
-15.580597035081162
-5.383907896935239
-15.924024897945174
-22.379687946158374
-34.42237513836183
0.5419221594465224
-16.169794694389353
-3.7275842377694097
-5.857543580310442
-28.77373040731741
-7.0775116076114974
-24.504039414018898
-21.39432147466474
-26.8175245972471
-14.407815761373682
-15.089830843948176
-11.773451301026803
-71.7365416505093
-17.688607072751207
-5.919883416692419
-26.526652434060775
-37.897231467137914
-17.37426207850464
-8.992676425518505
-27.372034444801447
-11.083706779902466
-5.676696250118177
-3.529845272877998
-16.06710089623655
-27.205290664105302
-28.82931534641075
-29.357545989726834
-22.507362607428078
-7.232097823714367
-18.860572534928647
-20.227115440190722
-6.857727393074841
-11.469181047374397
-20.64267348777028
-17.047833432920587
-13.177308588418352
-20.426324767691526
-36.063412299761275
-89.38425803295138
-13.73327652111003
-9.275835905444051
-10.901349344121385
-5.618895131137095
-39.67759211454959
-36.97648615934179
-14.765484689604973
-26.11445591210642
-35.36015605141017
-17.305360050195922
-14.051598266853073
-15.582219796273744
-25.18826493799729
-23.617527783952916
-20.02697721641673
-32.10696535410852
-35.87817559831224
-14.404726108124244
-8.048633988030533
-54.91792165007685
-8.97344684138113
-16.11710404981955
-33.78616739716188
-7.828417309712363
-14.769592533071645
-10.024072256158156
-10.347597556742842
-25.441052963070412
-21.481784206316867
-74.43032904849001
-10.461369138230527
-4.134420925216288
-8.062834161018205
-26.41450659016789
-18.436651157930438
-7.7428142575961445
-11.219272582188774
-8.279054491040846
-10.187497095545117
0.1712648145743418
-16.917944425769697
-43.40454885439198
-17.93555321054295
-9.425688173860287
-26.72371311074221
-42.294810276690185
-5.55546979951387
-21.285145956617445
-7.3722464509484125
-26.847995606396452
-12.243372283240976
-15.441051658435423
-8.388839589687366
-111.71682510997691
-23.075034103653998
-44.45320024962952
-4.980471797869722
-16.275944349500737
-9.145417204598399
-14.45570578776686
-52.73868593609861
-14.114064472003264
-24.870862428686376
-26.82511437403519
-80.93294348962938
-27.197506948410098
-9.081198830715174
-16.845044358927616
-10.429865649882066
-34.202953076755094
-21.8477738194818
-8.240912072824917
-12.072031337600242
-20.036909612138682
-10.40543615929901
-10.940335926858607
-22.66121430880454
-35.11738698659053
-25.459965528736927
-23.124960403041186
-15.251586039873892
-11.80554935155309
-23.429941991889535
-34.38285609369973
-24.36869954800836
-8.43446188721331
-17.419766788230113
-7.532991042597829
-9.892795580102996
-45.54599970918836
-15.898136593295005
-37.2788268376963
-9.648945546930895
-14.211021014606578
-11.458193911723226
-10.226721005056794
-21.297967262307445
-1.8109982802592157
-31.076936307818176
-20.098052323106977
-7.215124974667293
-10.960067940399155
-5.97281217420394
-2.868022199188612
-25.383985917450925
-27.466936676234848
-18.03617637720328
-5.700651664911909
-13.59545941692223
-12.906374451056728
-89.40112685058179
-8.635717323975866
-12.252135310291592
-9.095225813089622
-64.60840126249329
-11.29840830883638
-22.992102110612407
-27.186183967044897
-37.82427124595271
-14.897796735126576
-40.894936385905446
-8.50747971246443
-6.174666927635236
-6.595780337343804
-25.673525451747764
-16.494635362515577
-83.86847716178207
-69.9555425489537
-43.762367545633225
-62.246587898581666
-12.934252524277396
-11.979835505222898
-29.962334623718004
-6.335525858934752
-32.008621231922255
-3.956773904178622
-62.118452358452515
-8.883626272730584
-13.949065556647627
-22.037774605553558
-22.102517046458008
-3.852588568607159
-35.00504929076975
-7.548857932628354
-28.773269961917677
-12.220270619314615
-16.539028890604843
-3.779654786963735
-12.294208736762826
-47.63175685100787
-55.13007455030789
-44.41829060004055
-32.498954708178864
-14.373821924376209
-70.62419466976506
-11.24883922438242
-20.70901115630072
-63.94862858526697
-8.605856004672747
-25.558035090210332
-16.212467609661363
-32.146354175342296
-57.80518618753387
-4.551447925685518
-6.464552520115627
-29.735472171561053
-38.032796971403066
-36.804689677289275
-5.214880692722701
-19.48908312361521
-9.36728476091708
-18.266710210208657
-11.84083823649004
-14.192078606626149
-38.8419052935114
-36.417232740967584
-19.601340414315864
-27.18738764710206
-13.847836459318254
-36.42325568754823
-9.359348339965157
-7.59147533405817
-11.699075253066136
-9.367393161261031
-15.0922530259888
-33.002893925429106
-15.004803073315072
-24.980125595609014
-27.51095236379947
-3.4050251032672123
-4.225553126299364
-38.67735274417755
-32.961218407914075
-51.931058516526186
-15.328322388123967
-9.154396310146902
-32.972760866281114
-8.4803863578441
-29.62927007149239
-5.915062411925525
-6.222573998289433
-31.496409393851
-30.876246055894747
-18.263081173108716
-46.382401984059975
-19.02509186028035
-3.3220112870920064
-10.563863031637016
-8.677993124376803
-3.621032439999506
-16.650684353783465
-24.21672312574748
-6.424782370095081
-11.676247775105253
-11.844144870220122
-11.477394781326021
-81.83361170502509
-8.030885693162006
-8.590655093125587
-9.069090030661947
-40.41685816584491
-2.656452101467311
-49.95684540084188
-27.990111836769913
-32.52520586464566
-20.342618850943772
-12.042980575730613
-10.655321533179372
-8.580457595706728
-42.65971148019632
-13.28281724651752
-9.599770538331724
-66.54651604899892
-10.55299997168267
-7.752524731687352
-12.882188869362224
-17.53707703041765
-5.464930719944079
3.190056327865685
-88.5155281609555
-34.67168137598379
-36.08709282825381
-16.05593387177512
-9.399652037850572
-21.458799647653898
-37.706183798424654
-9.287309474816652
-11.432038111833894
-14.860985723943983
-19.662615527030166
-36.741239816993556
-21.096027957774204
-41.94888324580303
-15.088751628417441
-9.293160778033624
-11.280276218311975
-65.99805360392436
-11.513144748698048
-12.06006224527821
-55.5931171007464
-11.278435876144494
-59.84239697666323
-7.916548987378782
-12.488598899445535
-30.98100660541648
-61.19565123504188
-11.17387725144592
-6.978908054427413
-50.65519784543977
-9.285279292039755
-4.165704457697283
-30.375053517544366
-7.875968637064813
-5.486773012957394
-17.709032268935506
-20.319687118731036
-29.460845236498642
-15.212192417830199
-8.913630800999538
-23.229475380604022
-5.051935801720923
-6.393035823077198
-24.98245462481643
-8.560934155794012
-7.158083445433413
-30.885709401133
-15.059901459896482
-55.365530602563666
-18.756385155284043
-17.578360021907642
-9.402871581683135
-8.01328532141329
-36.38265350374638
-10.166565209707965
-9.892795580102996
-29.82219267044362
-53.86453935206686
-20.29476187176407
-11.425792558736205
-8.367909716449722
-16.626626597743588
-9.916557919332575
-44.53828616087187
-12.15244055950152
-14.232717469341395
-11.429482778830055
-5.449371911729702
-50.46771658781295
-15.200789939386222
-23.723895032268867
-16.941375395392907
-30.82003633496035
-7.334528890636504
-24.629135512972127
-21.849066279346935
-16.488401209309956
-11.95901333378093
-20.962342755857392
-13.969752209620479
-17.832144821647937
-8.921422613360564
-22.074939252224517
-16.290215730307928
-7.703859057813986
-28.930885708821304
-11.491097026309577
-4.3431371499412545
-22.787564046105086
-22.179613210877935
-10.1151692382763
-8.45521942519915
-35.94840894973059
-114.76638642444486
-9.50111110636527
-11.933818097542888
-20.28749303187779
-56.92304977279668
-6.48274832571766
-43.56330755759642
-3.8620350216388877
-40.66114039265772
-19.14077891031194
-11.437146434873036
-7.581498313355552
-6.0406249519242765
-10.869664983618888
-11.505583590842507
-22.445314750910185
-22.56830939440065
-11.667892768762457
-11.435904422058375
-7.814800104687498
-19.31284715760381
-6.855197621595448
-27.331014642209635
-18.20133720384452
-37.82682318025253
-27.440854164994093
-47.82835967013249
-4.1276093209393085
-5.3583753757640515
-6.332863281959809
-5.4542363954076984
-35.15015894804162
-6.643570084552306
-14.82139940121113
-7.126456580509383
-28.246500954112147
-5.31923852362408
-27.27955055879581
-23.985862525993372
-17.073817431686397
-17.341539544558955
-24.34331876738587
-10.19887708287046
-7.030911819768058
-77.36104780231466
-23.072205800860242
-18.621884770472228
-14.539563086741891
-24.890999444956673
-5.961725479363166
-33.36890693941124
-60.10980595726922
-9.586630533632912
-5.759683012863612
-16.07488516481302
-6.471589415945126
-17.725064141596512
-10.809145446697535
-26.072387221478607
-8.621055906755796
-14.779931476500591
-11.426360003307883
-24.581188007868764
-11.105294811886685
-20.330115500720154
-15.709639095574978
-6.3689179307592365
-11.406829227823337
-39.64449908848405
-58.825901540344404
-18.75794170748938
-41.16950426011043
-11.08593569679939
-73.16567658584255
-14.199582997426795
-26.06206018367467
-21.24993443193955
-4.5190624695230275
-5.707483038623578
-16.898699054422718
-6.610273521670207
-19.236223607864517
-9.066953419413837
-11.740878068035023
-39.26906297266956
-15.445581877365532
-6.328253890912388
-14.156479306571411
-38.972755724379766
-10.407029129511718
-18.725382460227937
-12.823144548616677
-10.225492964262278
-17.343615804312005
-31.6996126877068
-17.538069358153134
-33.856967440039355
-9.204886041458636
-10.342322579911071
-33.36313701117473
-13.970338182357732
-11.223679704290465
-21.57110231475849
-18.673841272991528
-11.880053371710828
-5.766920199474628
-40.49089402251774
-14.77539658286613
-10.567894989716502
-17.13119231109751
-5.448048370447371
-25.6537656515111
-23.377709175382286
-39.61181508115752
-3.779654786963735
-13.655560254665547
-13.085249651519996
-56.18748120793662
-12.648313279776252
-8.604066597565838
-6.877592367234867
-16.467849789115466
-28.07081557345677
-93.90746643146464
-15.802873686822599
-24.86037481959783
-11.255555829225147
-24.91342760848018
-67.37171151267523
-6.992219303208083
-22.80999916357618
-22.770657750193884
-17.993332861349362
-26.10043389612922
-5.666500939667151
-5.211366583961158
-63.836882839973605
-82.88975450197957
-11.303120715175657
-50.762339244688384
-34.94602496713178
-19.131961784769207
-37.97437072506581
-63.74546612040405
-17.15290612396206
-16.277487140942377
-35.27531298981126
-42.12426072205205
-21.5001542399501
-7.165274524926253
-55.44058090119543
-31.25933985125737
-5.9601801386447075
-49.16846608870503
-27.021844694289115
-40.07996858866556
-19.445584292590844
-72.4426176375295
-15.979305635714088
-20.387845843139893
-35.484300563534994
-16.05160088489712
-4.76592680521982
-23.40921064741483
-12.649011181363214
-29.469754199047625
-44.15475798323158
-76.15755000492503
-13.980010993717253
-26.188792118802326
-15.359734811873084
-10.071144490027201
-28.821364344621273
-19.28478237814505
-8.272825596433586
-20.26676973756251
-25.07359994863541
-45.34402784257899
-7.204041259851949
-1.3832553611845513
-4.2851718813818644
-16.03325730323318
-29.892892454264857
-34.82945237173025
-20.137355629597895
-7.698831836781216
0.05119790731173674
-23.3232019722539
-17.247308273833458
-13.237058782380092
-7.603215883561152
-69.08951922587079
-25.112478111264117
-51.744329430389065
-16.385615653325885
-8.62639685407533
-31.42562759142741
-20.832409480220008
-19.53514295794739
-19.290095327601893
8.17126766025068
-31.544949682711522
-23.815553713986887
-12.533747609187895
-22.77088726390279
-15.540981083083668
-38.909181772371014
-39.05870058709376
-21.25794382584493
-25.433486553179513
-12.863474712632911
-18.98085720722247
-11.997174710225867
-17.92174845288561
-51.413112636208794
-15.857166242859648
-48.339318931337765
-17.233401197300168
-5.984339686098762
-4.214641651421124
-12.273244702214143
-8.91665075693236
-11.077099431112812
-17.859589530777555
-35.151803250936815
-8.047676842257149
-9.100233266698767
-41.236128734492056
-8.421267945157162
-19.305510956366742
-8.487235898205615
-8.768650014066749
-7.73477920484185
-13.015156058568035
-19.582564982799834
-33.33928582593595
-17.57167290429234
-12.165373716352796
-78.84317855872573
-9.756714436346792
-7.197423159090742
-12.683204762504623
-25.364267837814978
-36.87198015188774
-14.228125029578143
-8.844883957689872
-22.055240157052186
-36.34539329689515
-15.541915313313881
-20.317608573764268
-7.332528550315137
-30.321320809922074
-11.488024488771128
-38.35371446218302
-32.3116909038047
-25.609820503687192
-13.792283143095716
-19.848536300974956
-7.714341695051972
-14.588278826252681
-7.951185607106967
-20.790163168993878
-7.720884838543946
-30.13598197847203
-12.927272341026399
-49.881565908589245
-15.682951051286524
-26.51445296956701
-3.7676462609494283
-17.427516362754268
-50.356268107046
-40.25179557029736
-9.458095060114672
-4.432242207867413
-5.134701155198467
-24.900873952819055
-6.0055977492273644
-8.610088139021178
-38.594020410403495
-8.60342264677654
-8.983498135671356
-12.727894572994586
-10.443985682520406
-22.711290529696434
-14.15594751550993
-61.664666437929554
-33.09872688967353
-20.585711879694053
-5.845588705655849
-31.507563620159694
-14.496569206367374
-57.900094621357376
-17.49557834698744
-6.426529005538328
-4.889279766938659
-14.569154185398235
-7.525129979160115
-6.805517504349503
-32.822300415835436
-6.278086369239252
-23.63871206948996
-6.0874965909728695
-46.27837113801451
-3.755018514945273
-39.21063809099959
-14.541815327963995
-13.125310399061142
-7.713877167409518
-35.71561741401842
-71.84876265963372
-13.246532803521411
-22.643770690450438
-7.773900763593174
-28.3674564195223
-16.15777436416446
-4.209975651582068
-59.93461792935602
-40.10360006342843
-65.06742389575317
-36.2628192962083
-5.473329748902784
-7.398150114222293
-30.94759683188611
-26.178210472821657
-14.067386498600378
-37.84083902960335
-28.815138376210587
-5.739369771045908
-5.040715034020623
-31.623041724626894
-32.67117471011414
-27.854064334450364
-51.0860129031216
-13.125846869542578
-5.79083364741501
-37.304681232150095
-9.785772125685801
-14.095493615544475
-11.280075564657668
-19.318286609859083
-64.24220044531886
-37.722383278789735
-1.60178798080308
-30.661444277684236
-24.378370446914207
-13.831288676419335
-30.077307548049003
-15.966060393067165
-31.5089034264448
-40.678562578544565
-28.017055784189566
-36.25742288736087
-24.043900451912855
-24.635892074255345
-19.009773091122973
-6.253656715159999
-26.017845310059858
-11.078142944644638
-19.70065441499188
-67.25076549346817
-11.524610533329893
-24.285838086170465
-15.945702151263951
-7.930648813754846
-4.0496909495135105
-3.8874210671624385
-43.37056255918086
-34.86377527948789
-14.425413506957598
-45.25950070192975
-10.203818960677042
-5.199369838317025
-8.817222530955494
-15.804740750260576
-31.196498928498162
-21.296193357032056
-22.72822364697536
-14.783103707398556
-45.2360315126281
-4.55970902264318
-135.37910655131975
-7.160716766902724
-45.1672118557155
-5.453092817461195
-58.3486123625876
-3.014606900276158
-10.626495687073785
-25.756221279324187
-5.010690347581344
-15.472248446412694
-48.89727719267123
-19.84046444024047
-18.967198823799833
-27.144300386741712
-5.000133761012459
-14.05738238561762
-17.871341479859307
-15.601519893993425
-6.676517287045148
-7.162243662798062
-20.292502860093837
-9.818814397695885
-41.58986682229699
-11.735833586390081
-36.26821926370536
-26.77857757022314
-62.86728303104207
-42.709410627186564
-21.16260804957504
-9.055569427340163
-60.37951750742737
-36.48645138819142
-10.447576231817031
-13.584515712410017
-12.656568618664679
-37.21253521185219
-52.377303219349066
-8.496601380000751
-13.835612625590961
-46.81606229406484
-31.14355088748349
-72.35469624191781
-7.883424601167275
-6.962807853936092
-77.14186310682763
-51.976204655622716
-26.310216471629673
-39.60285772496278
-19.243431366498328
-38.58477676793169
-10.209047941201995
-9.25833598966981
-48.697609808537756
-28.74876598407622
-26.796608026078474
-19.11337036175064
-47.89330336610412
-10.650980007178957
-34.11053991207938
-3.4970538243333515
-33.32498519681359
-11.415470481214934
-18.303544517275135
-24.950854212119143
-20.03954147435997
-24.13567099739513
-10.262294788639158
-5.9097168068929085
-64.77642222024335
-44.43600166143923
-49.03485126287192
-24.262653719490352
-34.72044711821341
-36.03793665062386
-20.040218240592687
-22.20281776730416
-15.23081543455428
-43.083914081018435
-11.805988832549128
-27.46445113369635
-17.177060246770818
-11.827660505892897
-12.834758984883369
-21.690438552615163
-12.168787400261694
-14.509907070246385
-14.43360692337564
-10.79286336948611
-6.144482886142671
-55.6463514324654
-2.7364482645221617
-15.959298295523865
-24.299877726941794
-54.459864889814945
-12.23090251101604
-15.479140967067352
-15.756285894206554
-62.895187917936745
-8.72094327298603
-22.203440337645304
-49.594481855191546
-5.42286896443403
-10.142231486173609
-21.797047683354556
-12.41434099950283
-4.479267215644361
-15.854844171753887
-43.58215881496904
-24.267077552389832
-23.490386669558525
-7.640994105887318
-37.744479134635185
-18.13828114240291
-10.165387727589051
-43.09605142227742
-20.026189975925586
-16.901593415646815
-40.41671619467965
-15.8295985715472
-11.205407010534513
-5.627132187933196
-11.259058537790796
-6.443658888683972
-32.07911741280402
-16.68779792764961
-5.685395701446966
-8.340068458120413
-5.343874795642533
-13.31435858151141
-23.034386574323552
-17.323363353277966
-48.00928558056363
-38.28084158935978
-10.172529923115667
-9.06461023450204
-13.433261919300625
-16.31547446264382
-28.759888962526922
-7.726315316069542
-5.741242890851625
-41.50096686321335
-13.718200396103823
-33.078641804933824
-37.377475269110526
-9.167163377557328
-15.759573513314743
-20.23497799582919
-19.826719480218312
-5.7793984593222945
-26.66749397941017
-37.98727260406562
-11.482408504893318
-8.600428039917324
-43.65260853467689
-55.35341735192188
-29.988486663282995
-5.9932723355858
-40.53323989553656
-26.527284568851748
-11.057643606860845
-51.13175661728585
-20.96476264848579
-5.100152408859013
-7.784529074904871
-20.396596467656114
-16.89584016521603
-46.07149196222463
-59.62708159082928
-18.270044021671126
-10.37084473301244
-9.531367809598173
-15.39129815447813
-12.703152916683909
-19.35206368835004
-3.3092916200038216
-16.133622225770292
-20.456973431214053
-23.055976011900306
-7.904466624211343
-5.799548577332269
-7.878719764479941
-11.602950952218238
-79.00756635065474
-14.39191303319142
-4.788634128059647
-94.89276151633202
-14.784121201880614
-16.800580085483954
-36.26422696016243
-9.73142937121431
-36.182948174163705
-10.046393814055783
-30.603765596141535
-9.471907227524671
-7.612235007465849
-34.177292583021334
-30.427328934072563
-16.10985474211521
-34.21562180782859
-40.95723719272806
-24.072432857309597
-5.838869562690931
-41.16512843279013
-9.40323299343537
-14.422255941389416
-28.936360109298203
-18.948246620169652
-6.951498552627516
-26.23495165689113
-8.845081848571677
-5.639317294617761
-4.7319020156424525
-23.52592871887182
-20.189552532487703
-30.593362323328883
-8.062346077273228
-31.4146680660681
-38.466575460460064
-30.66875840893395
-22.51147169950655
-5.046053512991403
-7.095426612720225
-18.463637231850054
-10.374951472179227
-51.91671590477387
-26.92074820945542
-51.946237437383395
-32.26802231998712
-28.01479034395999
-9.381719835597519
-13.584312614418304
-61.42099705325146
-26.285104158787373
-29.733978081276454
-22.846804547108945
-27.17734659593131
-6.169061043130482
-17.460007808302098
-17.70838110298683
-12.515755165865857
-15.695385482123283
-109.83497445994576
-13.75480317540405
-69.13943809618289
-19.376208204962428
-15.843065826363889
-34.56455848820845
-17.71070493023039
-7.638369984946045
-8.630854422748854
-18.57365568773423
-8.994047068069094
-22.17597780590373
-17.22210259541429
-8.638343302564905
-23.946272377954763
-31.817030813921537
-24.37754696314146
-8.033129440047343
-10.190577165010033
-14.744891058937666
-41.55859540337561
-7.591604485442554
-35.34440670942033
-17.226547615771462
-40.92918934211201
-33.802877150345445
-28.346806351041128
-8.187028032240875
-6.361426281928096
-27.02666765531662
-29.140626853409184
-9.876695077306106
-12.616223098665307
-10.199363669534014
-12.075713371046788
-6.762434593772267
-10.2280985522759
-26.673118842354857
-16.611043851284254
-22.189671649548142
-12.661911155400034
-26.626295457550636
-2.243728684095701
-16.582012860837562
-10.345708474295966
-12.120358227541296
-116.20376808718052
-6.93215893876083
-11.463448143193137
-40.28653234501196
-8.914500180037544
-17.978010796084742
-20.31436934755313
-29.022380254081604
-33.629752325746786
-25.642188573363626
-25.493201922212428
-3.7227843154735094
-14.668003545756749
-17.39395516688456
-20.008319218495846
-7.728931556318081
-12.480178741787416
-4.66498395921467
-20.84121242209802
-16.159495621765284
-6.489392231926012
-10.846251337673305
-42.186541418679035
-12.208447208330979
-17.095525493039105
-6.708176521995914
-11.718177635011786
-65.198339366202
-45.808285999514226
-6.90566174664964
-17.806029736971734
-33.83746275349044
-21.474271673689824
-5.035678371638316
-43.7994600416836
-20.450436655632945
-20.35101591824753
-5.638183552109213
-25.614931191314046
-13.49439959800639
-8.567142561664939
-86.82214445461436
-5.0601787438987325
-5.760485477682356
-22.423611753298726
-6.677183042433892
-22.445526399725654
-12.92649480073641
-17.06670032633076
-10.207756176811431
-15.14681122011934
-12.55323984153844
-23.766259465893693
-53.85090614254673
-25.29644059751124
-17.68383880233517
-47.943147355478516
-12.025927072539247
-15.032893066087395
-5.909038372047548
-30.132718635962007
-20.680086630847605
-15.681241174580208
-7.122298993937649
-54.88649426745374
-20.949397013928607
-5.733597430217901
-5.061669508176354
-75.08089048622476
-43.06038220178765
-30.02617047106166
-22.84711180601153
-38.386255242240814
-9.110874657058615
-7.907886458552845
-13.150556675553641
-31.43065035110557
-21.18161069488181
-15.762277484366534
-13.911986740280064
-45.069982646362945
-12.509149058073792
-35.859027213891366
-14.967975643168074
-4.470259617294417
-14.192095822561702
-7.379577207184128
-20.052508465688955
-18.02004508038474
-7.144276958869008
-12.39560189247818
-43.805142620673905
-16.616456065349617
-7.392682984067153
-19.363025947490218
-43.76001845056409
-26.467034465615406
-7.818120063173389
-11.973315538078156
-46.34432087051614
-4.9489803437787
-16.186803494030197
-9.57415013853195
-11.1868180115237
-9.284195019369713
-53.43310446456763
-9.408416892851566
-12.783028084684565
-86.80783077573867
-37.05383524538688
-29.42104883366947
-45.66507030510293
-15.6417102965002
-14.039882745677252
-17.15834465445494
-11.016362406295897
-17.18526752473231
-6.161119446019528
-18.678718492030242
-13.741709755597514
-49.802150288024826
-32.11740403824305
-16.745533124186398
-35.94021826752998
-5.363251670801843
-23.28578742385477
-21.707008851200936
-17.007088548600564
-34.69038939591757
-11.702603465591316
-8.035838956175473
-8.761040001630105
-58.49251997662918
-19.645403626745807
-48.42901503315151
-8.552715840680241
-13.655829865636232
-10.535714295530415
-17.206213489959353
-10.165428409073542
-75.16208455599829
-25.09905781813614
-20.486801873192793
-11.702779272388872
-16.375159297778517
-16.167217318684525
-7.424275848725634
-24.540112906634427
-17.553380268029887
-34.77386108090749
-26.38324262514876
-51.09514658972644
-15.927218013236416
-34.6171148430822
-16.755058170638893
-14.6188911450909
-27.498413528248687
-15.80199100226194
-26.222070122309326
-24.35039037733456
-10.56886498568168
-10.922995770905448
-10.539724289739095
-6.83451261770908
-25.879828908231147
-14.285415599793819
-11.614575418858173
-6.37028836143397
-36.09258889203031
-41.59618208333948
-37.672680314689494
-13.826484100933001
-19.363746404542102
-54.40885379102227
-11.360860299502859
-36.59634803875796
-15.6110861472293
-11.176796468226954
-64.97645890348394
-32.8478509049532
-13.835145659700007
-44.6208834477347
-16.755204056246015
-15.17218347477416
-10.071026478800645
-56.03346446707832
-13.170943089614482
-17.342414363081566
-4.0221266926191035
-5.90014364563615
-24.124450066804226
-17.8557579332992
-33.76236343411097
-25.732049333600198
-15.483796117098874
-51.29154736671242
-8.589479221901014
-14.226520738618085
-37.146383787599426
-20.940983123551607
-9.433884472973146
-63.29216936759507
-31.201234883119568
-31.576797113177758
-42.7524958464192
-14.326856608508612
-8.030859452715012
-23.219322617681513
-9.537297602440496
-17.729309174844463
-59.1966213900457
-25.869319797309277
-14.656463938787368
-33.52850298121331
-11.786203287143906
-12.253858061656016
-14.56228369272234
-13.862308876852655
-9.299017875514439
-9.977518357846106
-27.584687068332357
-60.25806990986071
-16.42067523388797
-24.274124122468045
-17.766834875301363
-63.004748192409956
-10.059923212648755
-29.73539038321153
-60.72761910007671
-13.379075204586455
-37.829598528026956
-20.824425147548983
-8.297625722733157
-11.793592612640827
-22.5162935212042
-11.979212399735795
-31.986814589884943
-35.15569027739777
18.874513812224308
-29.233031142768883
-24.80770827825629
-13.766537231991993
-47.87036130137279
-32.8710445199022
-44.70313843853307
-10.046591638086754
-10.185590988701977
-8.6079071054585
-13.70562428135592
-7.808931764943682
-8.451364938939587
-12.00631399439821
-43.63209047537909
-17.35502717706263
-10.471956694011618
-123.39168533048307
-12.263667496440968
-16.045214863408578
-17.83977631656194
-12.460080135862018
-6.673791821499236
-16.97611028965835
-32.494119287569355
-20.718486126416497
-23.683625574874522
-35.642741493002134
-17.989140378589877
-23.848571781638704
-32.240478802209516
-30.57960651611123
-21.83128771144436
-21.806309031840698
-48.47888525343111
-8.621055906755796
-11.208518499774925
-8.131734048290785
-23.474634242505427
-20.259441287706174
-42.21565029867269
-6.5051051354105764
-30.41446916624044
-42.695378600303705
-4.699828505918638
-19.989737053715757
-41.55859540337561
-28.50266855848288
-13.42205329978227
-39.465803891074984
-19.1499789091397
-12.654354438940898
-9.76039700825891
-32.28059197506673
-12.022207859737726
-41.31679620320866
-63.12023845059016
-34.588657078050616
-37.272478788918164
-16.201892804104702
-9.053590953195194
-5.515571522541542
-8.037614917713634
-9.881256802921808
-16.325310643994385
-20.65535123684275
-12.593728776339246
-11.710103459581862
-12.506912786120319
-6.973405868119483
-5.8211872834875225
-12.93411923557965
-9.686672897047595
-21.82960781834144
-4.038812504167237
-59.83903238631466
-42.6237135772499
-21.728193288842736
-69.35529828117278
-9.831755113575142
-49.52997358256511
-14.757371079006793
-41.40824691726059
-16.17137676728852
-32.56819374990474
-53.84809010395445
-9.420296604923594
-12.136397936890866
-114.75052195710427
-17.328417677884545
-6.118781059367701
-25.717143236515295
-61.54295590530663
-69.26603934807275
-17.81661466957364
-12.492941248903659
-51.392380046095376
-16.160148599911626
-32.44514132641122
-23.11818024442106
-27.11513499169902
-8.92274848446471
-38.833824345542666
-23.247288579496047
-21.678829148991586
-20.06490411532675
-64.76254493717785
-16.548003939785218
-8.7274669502193
-5.148385916154879
-27.694621807217175
-16.22520407219738
-5.303481017916943
-7.275614137218518
-3.3070573655088933
-26.691688091861543
-17.243793358012688
-7.151779459005406
-16.903068777167913
-17.202138974050282
-9.960728344954003
-3.6858706146140654
-27.165381459878997
-8.942090780926021
-8.894124060848943
-45.0435886020466
-14.274877041174031
-9.87546644179202
-18.569403304537442
-21.338078784308962
-23.98718050947589
-67.42979118614494
-32.47475372648241
-27.175592156533664
-18.45433931908837
-14.68011452379907
-14.589491703641459
-15.834562788543884
-5.323190511168461
-70.96278693358914
-44.303266903683216
-19.607058837441933
-61.452014365189406
-83.38769108377956
-28.34701345432311
-16.880322602777817
-13.6339306178336
-16.742213380863678
-29.297499819408017
-18.14093000701142
-21.743001714255584
-18.387591353029194
-7.362653671507461
-4.705552836519618
-73.35612759558502
-13.584075285990743
-6.00977154862114
-16.033228953639135
-16.5513872198262
-16.155969566294
-22.767762333545313
-12.744745344943894
-3.85953657137334
-8.68960137857789
-12.834210077511448
-31.802703251284132
-5.789880487925045
-12.091719829955501
-29.097456334336442
-10.705740940602398
-26.80725284984048
-8.600054320235188
-40.83307575270443
-8.485739555444134
-16.21503856092696
-56.67747532321511
-33.431013724366174
-7.630513919950894
-30.739264794154547
-8.160557359187264
-19.752401736129706
-33.60862136836508
-7.259187274305803
-5.1899581937698125
-13.085925843994234
-27.061497803872342
-20.90120634945985
-12.575708655209036
-21.185494950189838
-7.997020208165542
-20.880639044252863
-17.63397266607932
-24.05805436343327
-29.464736418382635
-12.499125605953978
-22.145487087766234
-9.788406295385887
-46.724923503819916
-35.1228310359228
-35.56835456948386
-31.46742477943726
-40.83307575270443
-11.382873288030309
-2.705306099472714
-17.44315713387268
-11.271572711946892
-24.94452719487135
-12.202068582239155
-31.97958201075983
-113.61292700598777
-16.71909875053593
-2.561515956549705
-7.429967944264933
-19.762012741303963
-7.76826282315845
-28.31887433412519
-7.083735653451048
-28.667931136858677
-33.49981518945336
-12.31100131148827
-56.20580455669152
-6.505438713766406
-11.491819697396272
-21.455277919099068
-20.878757901510657
-16.73752366791977
-12.461851371703126
-8.63951159643723
-23.901530557277624
-6.6124803402663455
-6.839848030007612
-13.725808766015485
-28.279300569989523
-18.505185028402458
-29.678603994974775
-24.521882189442476
-13.0158433490537
-36.198222178157984
-19.580046306378897
-38.14711437584363
-6.784209764207244
-11.69695368266231
-16.50678150034236
-12.88171348938414
-13.748886286602541
-70.4521894002094
-75.97700475149655
-16.139931713690284
-8.339351000483722
-8.361199801044103
-5.245405983120204
-12.915155271708374
-74.31323237981024
-9.250990065896932
-16.019448038193328
-9.026453715067689
-21.459783484240983
-7.770237513781259
-5.443703791810028
-6.925457173894829
-22.545468586560556
-15.499555504086036
-2.956889697423144
-67.78713755179223
-13.131726674026824
-6.397343345097184
-12.30755387646129
-13.786561699436227
-10.174497295330207
-24.90198471536486
-30.37633799510935
-152.27358378089883
-36.51672009466011
-6.507927838188966
-4.872140077184421
-18.793676818541325
-13.404752326188419
-25.396413220220488
-7.447528678961332
-25.351125326001714
-59.8673314434898
-42.480847116308425
-16.054654609008637
-27.942885232511692
-17.700075084112772
-21.463056955442433
-16.62897595345568
-16.888625569002063
-75.7455239790783
-10.056819807248655
-6.67569894231011
-33.50500184189924
-37.75761530569587
-11.134243201855519
-24.010157616402616
-20.224366045766132
-8.629486262413838
-6.535527471402975
-7.04594320209997
-10.657224971165967
-9.953596163489504
-21.294179003203645
-9.265395332074933
-8.647000821936121
-29.178548461222547
-17.513815350652578
-16.452173378408183
-12.140354648521258
-18.671027378484702
-15.115264644327743
-43.419550228530326
-15.65445230673995
-14.6375835691485
-8.206774594733794
-7.735354146021706
-45.01743405461252
-4.909527887211644
-19.71080882801357
-19.106295288089854
-6.094435556350691
-7.565113522886028
-7.737925845520123
-23.54670890205785
-14.857557927926255
-15.823934391668756
-30.688849247807923
-10.476426300331784
-24.11501455174536
-7.157713507762215
-15.918759179177941
-49.052838824123945
-4.817395508796101
-37.28970258415135
-17.098041922570665
-23.96034185443817
-16.35478439434343
-19.299188756277726
-4.834887361650947
-21.90621662506776
-22.607448818734568
-8.409349989108764
-36.356261783524864
-36.16084333643247
-21.938931533991177
-33.20829507822797
-74.89109374038534
-42.12719403030389
-3.7213143462889806
-6.449153679709088
-14.512357118174526
-21.289751805619417
-19.21057054533178
-22.75191576522845
-21.274887888082944
-18.8457647294892
-27.477878026266197
-7.816472925030928
-8.698937314320483
-15.260167205119165
-4.070117213809469
-7.989399574331578
-18.31450670362209
-27.041838519177315
-17.33647982992339
-24.590929485935163
-25.850614266455576
-21.104160516953314
-25.927256092999226
-8.819734399791704
-14.61352079149744
-48.382231567184974
-17.654805880646933
-16.622052456444028
-5.304998866938555
-23.13492765705514
-24.592277856256754
-30.0573427718075
-95.04074650207993
-21.403713955094442
-17.068710291416004
-57.055039884167755
-5.719693534139901
-5.4154479604083585
-18.08170338464446
-11.077598607243994
-13.408476056691544
-26.872829503446887
-26.00427111096952
-6.9327831198353636
-12.911101012227231
-44.635164702075066
-34.19158818652086
-32.31323861827034
-8.986305736881793
-32.754495077710345
-4.316627954138066
-21.979427836914542
-38.43255768555163
-7.415330732466493
-39.666186394486154
-11.42758272767404
-11.98440483958268
-7.983333695254097
-11.900960755306745
-21.731403839783717
-14.409382392398639
-10.889473705764836
-5.687766521706341
-45.55311725354499
-48.142438515558986
-35.30794521688105
-19.876252420487855
-32.45272146849962
-14.441336064916769
-48.08599606072714
-25.7240676775997
-55.363441576137994
-8.319744744253446
-19.13271810629857
-6.653161586532603
-5.665134108258712
-18.951106354233904
-16.84239378688422
-25.549651355698806
-20.282891345930516
-10.53821348501514
-21.039321679199357
-17.380044984888123
-31.03465279230917
-11.468925710183681
-60.99640587490815
-18.849376268409028
-24.330832846860606
-19.34743944011755
-1.4553846859445347
-131.86267242843198
-46.482951294915665
-17.8356840472686
-2.367589938235753
-19.354269344521725
-18.849731142419717
-14.862275430087541
-16.89470593551927
-12.63808570286162
-5.634487192639412
-5.3801951462683215
-11.265183426939855
-20.950847608030795
-34.30468552434153
-12.144766646798754
-4.245286721235714
-28.056996370667868
-53.026972141831045
-7.372853408307458
-9.036520042130451
-17.760266432496106
-11.209209957253215
-38.362437618445306
-0.449868844317946
-11.836168590082435
-26.648134511984292
-31.8366647585364
-20.966885617782886
-26.964565108317267
-6.239233731806829
-7.927421774865681
-22.1209898269286
-13.559538697999727
-14.933107522666582
-45.858704667977484
-6.695022758026273
-48.79240153087473
-19.732671539530322
-34.25662411036063
-11.792041413673028
-8.694795573875096
-27.65780615809967
-37.21898559774875
-5.603916009171927
-7.425483987260333
-15.623610273261061
-24.39014933776163
-17.919122768633077
-28.424810242701408
-18.92956061869223
-32.54565319245771
-18.738602253446153
-14.164258011546927
-6.611149234729349
-25.880491210282308
-14.210785408104076
-26.40121515128318
-29.685437650911613
-25.259654076004793
-26.14486354353024
-30.331232262218993
-31.63726351523247
-6.359044464604922
-47.42422639653883
-7.374942932302711
-12.432525122887654
-40.9070250214784
-41.48179004943766
-9.14433613988379
-31.552513841599197
-21.04478716605891
-40.149375883473525
-18.235449676801057
-25.487496238012962
-8.7416512194866
-9.128004536437736
-44.38823502371069
-7.3722464509484125
-23.428843173441614
-45.24592341924351
-26.432875983089964
-85.60172136969616
-19.01215622552533
-10.507680772657103
-6.0616861033101195
-21.856901422856765
-10.589442009978587
-27.68809024908293
-116.94946280190744
-32.73936263643124
-10.818121233338237
-132.79131541678538
-22.605934627295355
-8.922472625657209
-23.48715020055067
-10.0946593611828
-45.80513122336175
-14.926950472761549
-11.11895442088915
-6.971679307290486
-15.385313013375459
-48.611324191254376
-19.594002041473455
-16.868452700771293
-7.717159747916941
-18.97034751065532
-12.991760876129035
-36.826102409656116
-8.618195144225657
-38.229425235975036
-48.459977840286186
-11.459224532801091
-30.350532596503506
-7.306990166776864
-5.7880476874955
-25.192835374427297
-49.66077185874063
-15.580888364781975
-13.132603031320233
-16.540715282966797
-29.073887746921645
-13.574159663361216
-4.341505610050707
-16.196269548853753
-23.736253655825724
-1.4349151559629365
-24.022262113865562
-24.431302678975825
-45.98194055390487
-26.44384724942293
-16.416720847033737
-11.108722056460392
-25.61469103745906
-9.374399978001078
-12.41225802591521
-18.35372539842023
-5.253895463545063
-31.641335024244096
-62.31787639768305
-13.879191107981
-37.0625404822995
-66.22390300567812
-7.923685556850522
-3.1260161127270267
-18.050356677446633
-15.098875154394731
-38.003296627587595
-9.01676889537078
-78.67682493227655
-26.672089415128738
-10.0516839510788
-16.061571444420434
-49.577483985359706
-35.64374667601247
-33.73361751626383
-59.01950083794952
-3.8237800127188546
-7.949545767018568
-19.147609168535354
-33.850694116381455
-10.779239271744508
-38.89278380260921
