-11.387387623575787
-2.765180321848888
-9.399727858658261
1.1790174453718998
-27.610984747375287
-76.00841387565069
-12.629798721822262
1.4884561887646903
-29.789419091393945
-2.253414959955446
-7.219261809930555
-3.8740288581790985
-22.86873308662432
-0.5042513997147012
-21.497264955815535
-17.677726058596747
-10.004653549687362
-7.908253115638368
-16.923708112954355
-8.335881686543614
-10.06339056784878
-1.2261824687829423
-2.57432577246099
2.650297646606961
-3.4959322512835507
2.1856274900910773
-5.690105516921899
-3.4475632359233632
-14.319171824332917
2.745593961061042
-25.61940231376822
-26.69994762202054
-28.644097635600104
-8.920620582170528
