-12.175328671771295
-31.81471517654939
-5.448080641969978
-1.4920859802124926
-4.721518401252071
-32.07323911402381
-18.824791520980245
-32.348860413351005
-10.501179103975373
-11.35619206349151
-6.003470546364579
-13.089075010014831
-9.864775437225598
-6.508034837399338
-6.910968172517941
-11.127247431211764
-52.15536099087956
-9.159839488022126
-7.991472023256496
-6.626955297598571
-13.126747864141798
-4.367741545077363
-0.943856390210184
-17.61780068014872
-16.787215730190592
-8.874202396985902
-17.562538505031338
-10.049746260193865
-12.973379382589409
