-19.502238010942882
-17.77541970917315
-9.842564083284492
-7.697590893243877
-60.05388834801643
-44.14911375112522
-5.4065099700339525
-18.473234561989592
-66.164704219635
-18.734970889873903
-9.275473137051957
-13.014378591984624
-4.667600557537086
-13.261774737798804
-3.9392556233145517
-8.856713774466975
-21.20385474148056
-1.3869335691871005
-10.561973720249561
-7.4069232167669385
-62.76468223542009
-5.594791010934957
-9.010726801011344
-2.1577881255382807
-18.120859317920395
-9.916416535153008
-34.10056278245443
-18.914107539163734
-36.60363482280778
-10.568643758823725
-21.78240676147632
-8.953608849440336
-8.762210223617963
-32.00027702062831
-5.566072602244515
-4.514771925687487
-11.144483281374132
-4.8067713145372
-9.198172325283789
-7.4902290278085735
-3.9804821884923896
-6.849462189043036
-7.168464147524013
-38.60325865789902
-13.189475366406732
-64.41787179422815
-23.27278836033089
-23.09812864153476
-7.41902129591837
-15.55114609307732
-4.335819439341078
-11.203182660552857
-12.218236777708606
-7.918614844975513
-9.641229177655743
-20.651319397250113
-17.899017585481303
-7.5943511159156945
-45.2360315126281
-31.74037726062435
-38.66576205056636
-16.970466594716033
-3.854710899588801
-3.1497920856094765
-5.069925950719604
-18.71662812863799
-14.443147540614987
-23.820718374881324
-5.473199064353704
-7.989979715865172
-21.74963572041736
-69.56801860146676
-28.365168766175525
-2.2437202955048
-33.34934246703208
-11.068167548154408
-2.2868072265533246
-7.663061543339844
-7.679274645716075
-8.866431443019758
-6.082837993571599
-35.70296040845681
-4.130900438914457
-7.440133345136041
-17.3694802366311
-42.279953799113855
-5.761995402769137
-70.27473950952215
-21.915169575038714
-74.7446809263338
-13.120528528019646
-13.111339764697691
-10.438288850387337
-3.894369987628108
-12.875132429096983
-4.139256509520926
-33.99359860856144
-7.602565140779093
-10.86107092089268
-4.752948492525145
-34.57353674614256
-19.67425587621073
-5.340945256008327
-3.977030194305843
-11.615566327891466
-6.8962718548947555
-5.069182529713921
-3.5910615064246874
-12.176136152713719
-13.920708307710012
-4.186395472536742
-3.8152027911532325
-9.12507172083145
-2.9943179621207037
-12.668495346886457
-10.725671968023496
-14.520529521167301
-67.60692159293218
-9.08596462503296
-6.588509392859505
-6.514464363533212
-10.592249878917963
-18.052766982852802
-12.066309980707118
-39.53050853058267
-19.37905837960637
-48.733336104727485
-20.71809145682279
-8.58937666270902
-5.861081033042379
-20.669178103347107
-35.47179636541958
-16.42848458137004
-10.457969367763113
-15.076400175496104
-11.283338183536024
-9.313115115623871
-10.473964492975016
-6.038734399928568
-13.38933852404718
-25.52013036996925
-5.357730471761508
-4.799670276555787
-10.569120455429703
-20.995987284257716
-3.0688496007172694
-8.348185560574898
-5.479787930194962
-3.907972090833556
-15.257595427091513
-6.186436337906815
-8.127023099342752
-3.7472240183612873
-8.199176982189389
-3.069420713313399
-5.711961125676872
-10.992908979508389
-23.345854101029918
-11.49189822731968
-33.56375373998778
-74.03011359330664
-20.752127419589968
-13.482708253194456
-11.561729090560476
-2.722515849698088
-33.72899382265626
-13.529142141981227
-10.243116887648736
-24.324656238889595
-15.65038268346315
-4.657198833639472
-17.133234048713376
-6.8654434956043175
-6.097789676166882
-9.843991469041354
-15.224309633352048
-52.719847591300315
-4.123814111072316
-9.055770780282717
-57.61185718973365
-18.280752616612748
-42.47021202225298
-3.5610156606047116
-35.56736305427899
-8.555751970200244
-6.016847191274664
-4.943976226743651
-20.576125627556184
-21.674925669934748
-10.233704208583026
-29.144353842142486
-6.124470430605293
-4.192548141036569
-3.1497920856094765
-8.74315975629473
-5.031929643538502
-20.0601431513852
-10.528175859089457
-16.295494800597552
-15.308924532045
-3.2849526009524976
-1.952619006295918
-6.337085469909552
-8.98350415864631
-25.271528914475336
-21.11502785842994
-13.812234272404936
-24.989835926462195
-19.784439111415008
-21.20430389396265
-17.32175992310834
-17.34164744934635
-15.161100027849935
-11.6250217373487
-6.605590178221768
-12.855673207144312
-3.5051293364581673
-5.205654349342225
-19.033636088405224
-64.11880316468384
-6.198824089790479
-5.927068163723637
-34.742679940675515
-58.841087595328666
-40.634239476995084
-9.945235116717475
-86.73108289828532
-6.597589784505659
-11.605629571027523
-4.050557598815187
-14.5760440639335
-8.825126587592123
-15.14691739003763
-27.24845367997358
-22.2843085708977
-12.274031212543003
-3.577571830116869
-3.3278038226231463
-44.962361654349095
-7.098516543639956
-11.294727728497586
-7.927273787734222
-15.43799851357653
-11.930290435572221
-7.815523036747904
-4.151379619686103
-5.03452381033925
-23.031059849828395
-9.430871818518046
-5.745775248474919
-17.84031788039771
-6.0293798688095
-58.09974641977955
-29.0789236158968
-5.557302707657792
-7.168415867704568
-19.65796297485567
-3.781982635951369
-17.770653220098296
-25.034092656852287
-31.022783219807955
-2.924411091429274
-10.831862371896243
-9.675917175124672
-5.9756878049573645
-96.59268015486126
-28.358435660246226
-24.78993827772415
-3.5101190215324762
-4.42827693342321
-6.767496130871737
-51.1169776219696
-42.61714851564216
-13.44157388582694
-80.01394077950684
-11.211243215246254
-8.169068050081595
-4.642450566849519
-10.710109905629542
-7.179346458485417
-5.7530973062567305
-4.294436910695154
-15.257831232177631
-23.377965102523522
-7.104723434870375
-11.218453967817599
-5.931730363803976
-37.7859002016812
-7.647834150355914
-24.110952841792503
-2.722515849698088
-9.686930257094957
-3.5893626871105395
-14.815424988481208
-5.694452819464512
-20.88086030493105
-25.769930440332143
-7.206759933952769
-3.863222017886242
-12.778092120056852
-5.678051339170334
-9.111516225856343
-2.6415733648058786
-36.33238737915514
-63.37777581566678
-10.744917045000152
-17.506122828296395
-30.05178183924
-14.607585165577843
-12.68010671580123
-5.068433259777402
-36.64246670700605
-19.80037978688539
-38.8779353277812
-17.521355839179492
-18.34540731613166
-23.05476289815463
-5.703641763624381
-0.8978289294783486
-10.35216939907785
-12.387789668817629
-3.6110324174603545
-21.8936849293987
-197.80765407225599
-14.735774837526822
-14.94879247075962
-37.64390192344631
-53.76217608726071
-17.488982974918972
-19.569636432483147
-4.545585426252616
-2.2621709545348696
-4.130650320098714
-6.016811564593815
-3.9099500321370564
-3.424186851565957
-16.9500212908494
-22.060678293360894
-5.191790963432963
-14.050175696062677
-17.011043675612115
-7.22809783003359
-30.554500272080443
-54.160592915497105
-11.318872280369625
-17.14154294899444
-34.50300548790822
-5.528329338830424
-10.959411102678857
-14.42066602389364
-9.021040297583845
-11.189226348528258
-2.8491187833588008
-2.814303170798656
-21.728229877889127
-38.20036330145407
-30.283795946520797
-3.010294988022676
-3.3325000928076456
-4.070566997002249
-26.877530893489197
-4.36174379693013
-29.137187428976194
-13.014045940367653
-8.095411506184838
-5.641686320122929
-16.631210967232903
-12.149766508218216
-7.179664587912087
-25.955590269965775
-5.883464177875841
-9.183897900665992
-19.95666110911439
-17.035881286463688
-19.169998606467832
-40.09520385935444
-31.948191944456234
-5.4369435449901165
-7.045039539270502
-11.561675364693915
-12.144530180947635
-19.028233532464583
-19.06370768404359
-13.215298653114228
-56.411601100546804
-19.826563606102344
-4.3615421741516345
-3.0280381846674693
-5.836042120215868
-3.870712901814824
-45.530758338533296
-34.66999391174326
-6.607304289583113
-7.213757768913083
-13.678452291527972
-14.812439769715331
-39.12451021820721
-11.299374329536372
-30.343994460062387
-4.687844795256323
-3.62681780899768
-33.95819435289479
-19.93264817699478
-7.515653923125326
-9.157235027882756
-38.31507793100945
-30.201258817570615
-6.125250207470403
-32.58033770773245
-2.432008714105653
-10.864775787185584
-12.120238720971534
-25.992161891514428
-61.40668936813592
-4.36653185922594
-5.056345895587486
-16.716341699666874
-30.427428370719806
-36.701905112984065
-19.6419924915125
-7.3980408786118605
-20.88461501143622
-6.999544521909
-11.870296230188073
-35.85552871109194
-21.437476547622964
-9.374692892483715
-4.416761924233285
-12.35316920139106
-9.87061494065528
-14.69920618882396
-30.564654681140475
-24.598916523552198
-57.77772583585226
-20.966774902843703
-6.865728065873521
-32.0640831034425
-14.964746751485478
-54.77292218264136
-26.005485641615895
-16.05014135360861
4.13997322568166
-83.37406121156391
-5.4546726010041775
-5.83976811055324
-5.5800343879911605
-12.278007273294616
-9.809080188566783
-41.478966349555535
-21.26323706388054
-19.483661569193405
-9.864106671184837
-18.65236791995009
-3.2852808126175552
-6.273086436075923
-4.44258175490035
-10.164043272669298
-8.672037362408453
-7.380063872979316
-10.147675685050725
-77.45713118773988
-20.213437201354633
-18.155646346075855
-15.684702842646184
-38.29223179736472
-20.37958674336238
-5.812898190027226
-23.433205688798548
-16.558250648417147
-14.49965344171675
-12.693974213112206
-4.903202682595854
-157.15105850587443
-7.183948583411382
-29.207691077660616
-13.43510997178792
-7.588954620657074
-25.403957867670954
-7.775158881936787
-4.459028847544001
-12.061999682264412
-4.638869040902303
-16.453325960125735
-3.9889145757257682
-27.029941577538867
-14.902007651692255
-7.440335583411518
-5.185293193000778
-4.014224219618154
-22.08529837652628
-4.8457425625472705
-29.939467038721215
-8.55487173391219
-11.387594201616034
-20.098293201267904
-7.7534111105530865
-31.601252036922094
-13.62526364458537
-17.81279862914734
-47.72169778239601
-34.63528493163273
-33.51728233844454
-39.65960730940517
-8.389613066122351
-41.40824691726059
-50.02975994374066
-17.79031485411308
-8.208600284183797
-6.724964857745833
-7.554484716213557
-47.38095788459545
-4.032993725681851
-32.308610300023545
-38.4198614248011
-4.99987355531565
-17.877085800140588
-11.222839540502955
-11.447436056693961
-16.837447028570253
-6.516271844441974
-17.37832580042832
-5.222797875950669
-5.807734795124845
-13.142565530167072
-30.324808135942238
-25.88343750608951
-7.454970103148238
-3.6341484374732054
-35.90840492472316
-15.056185964284703
-37.40376179593342
-31.548845643604416
-9.991574679002165
-18.14252525956011
-37.30181307788632
-19.03277362587603
-101.79048105959608
-4.8028115949668395
-29.781334287558114
-6.259367525988734
-14.910603839531708
-18.274225751404956
-6.335141487206323
-6.705237301878388
-10.182393122562026
-14.301085906672865
-5.65388037802658
-34.69278083638986
-32.96877164534184
-4.807801280041142
-15.03634697262658
-12.901478877086651
-7.586586508063088
-8.399167012844401
-10.74370923819639
-23.465168881687436
-18.220180937718204
-4.856756385227823
-39.37481656735743
-15.575254710062511
-4.609878773712969
-20.476519096916686
-4.594584751893981
-13.98118965706205
-19.049828613933613
-13.90678283640944
-4.721869110074634
-10.938425632355678
-5.330956668321683
-39.80574266935578
-35.036660192315054
-15.098892063919086
-17.200545777546644
-9.752677206979639
-25.406615893092003
-7.361247636532816
-10.938447252646224
-7.991982138146003
-13.613970041980863
-6.451209839521086
-8.90889713550134
-14.546088174447801
-7.541732033035642
-44.34687596028094
-36.37321838665512
-14.82063761244231
-30.70385257910671
-4.703444500075503
-26.53947064075975
-4.0614246733845984
-24.315249950917458
-5.110487151340126
-14.564181472015338
-10.831770548333356
-43.161869850030484
-34.054082788515856
-12.79391219878526
-4.771461331495322
-22.231000549212478
-17.25557487143595
-3.420773121556942
-15.150166620560716
-7.928208725676575
-4.313634844398507
-13.989128124622969
-42.522016799668584
-35.40158876474133
-21.183179851808262
-16.090832520258953
-24.99845716788131
-4.63954983160239
-22.42352847960573
-36.25673015040645
-38.72982284391739
-10.040784222452618
-12.004198637316234
-8.78287350654814
-27.51347207288422
-19.311473257603033
-3.7789295735979307
-22.609607445575378
-20.192379985036077
-11.525733832771024
-26.06840333007146
-26.577919479707926
-25.673514940342482
-24.947920827718793
-19.03899810939619
-8.227979460870632
-4.123667682495564
-47.69491943791461
-13.480104814125406
-24.84500414320471
-5.554802775488325
-8.920910336836583
-33.98716592750008
-10.812029177214203
-13.755221646942287
-58.88341302293272
-50.20393158455195
-17.092147492646962
-25.882215547717298
-40.181365010452886
-14.319522826484526
-9.849631092901264
-8.788159079981883
-16.975633010261845
-87.16647734478808
-24.069275838601836
-5.962638159535614
-4.245554407461243
-28.223689315604133
-41.946850366529404
-20.087860369747585
-19.01912609981074
-8.446078389995517
-21.116934016982782
-19.870266539163953
-7.724876963484741
-4.930142453073959
-13.193243078596304
-13.338307291202717
-31.93719302723885
-8.39808412649655
-12.883165401346911
-4.402060041731624
-1.8164440595934095
-14.159827821873098
-25.67967165876489
-42.61593578253398
-23.826623852738194
-65.06311373110228
-9.717054284990212
-15.367862592050066
-9.583175378335037
-9.543671850688467
-3.975492503418077
-14.352407103380063
-8.762507512933903
-22.295455587045975
-17.16756892086646
-9.995542595512713
-15.857280303938168
-4.482355078492779
-8.179725345627615
-20.98164251363842
-11.273907530941054
-54.40629982649226
-4.86671814511396
-6.43875883379566
-9.964530434704084
-92.21931593327783
-9.855727029578867
-4.81920799835007
-8.149400652716995
-4.7741709161509895
-3.219017732323594
-4.638869040902303
-15.259710262469003
-10.74850531478249
-11.476306522986
-21.357090388884412
-29.594886155989617
-4.917657890737347
-5.403058515701327
-13.689537128732317
-9.15854599746493
-21.002517228281498
-3.3916817508465074
-39.488074854441656
-30.37319124814217
-29.32939913158916
-11.973128424503683
-22.950160547080404
-9.630915969604404
-18.181049176039014
-49.193197304487
-7.0314445511613695
-17.438307999451123
-26.17670642075297
-6.9952862222027905
-5.63413031565766
-7.094494861346987
-4.211842923806663
-6.975420934887328
-6.6866030721817244
-25.232350477811735
-24.5967273168292
-94.04129768015947
-17.75934681976384
-4.081295977101965
-34.98845182163068
-11.841151361504629
-18.551719870181138
-47.24516116841751
-6.688501143933356
-25.31213679720119
-14.877596771484342
-10.572362811921954
-44.65210907953463
-4.31496528958299
-9.809438072093114
-23.72239278838573
-4.821582619912174
-75.56848875123055
-6.468407746095564
-7.312930381642489
-17.194359168944704
-26.89766640302547
-13.262026300995934
-20.09530043550423
-15.531418074672063
-37.75992222875825
-10.484639549425632
-18.851252741335816
-4.3534382274678185
-19.4796754880584
-4.243275706891798
-46.67247491139554
-26.04932652827436
-27.263710481838444
-19.047749573041813
-15.944135639929035
-36.81204474473338
-11.18697648929545
-38.598139953633556
-13.987542630099988
-18.328604107822315
-7.955396071274941
-2.92427123893144
-23.814437342791116
-49.83074007290508
-63.80925240300999
-5.5815673250050715
-21.012464277147764
-3.044784441294945
-52.21728213026428
-19.097854015877378
-15.78063811463264
-2.483247614908934
-19.562607585714954
-18.191448270681768
-28.43577659901332
-6.704510404585481
-79.69522461941474
-15.489132746461637
-60.39640498240713
-11.593033308299157
-4.44747434411815
-9.709719229411547
-4.766362869830522
-3.7310171270331125
-32.377080573779956
-7.930653503898087
-44.870852147967035
-18.882000566693897
-8.28199881305725
-20.350119635458203
-31.554983372910325
-11.015122160296732
-8.763669291545897
-12.030687317280965
-9.287969938750892
-24.77899978745117
-20.70115214992791
-5.861967076603944
-8.346831851730517
-10.534212953233059
-2.9829174307507524
-5.920116066628745
-61.867211272651964
-9.97009007484998
-128.33915234657098
-6.991369917376633
-28.079824264420857
-13.485887435131543
-10.616654258174586
-10.816284027765015
-12.961494118424431
-3.8571546923734084
-7.330733477280313
-12.667951113595988
-7.808322576200642
-13.676361397194873
-3.646293968234983
-16.873076285163986
-15.202217992685952
-5.079322169609094
-2.6728568972868754
-44.07600834015049
-10.371505265611646
-6.305962800462904
-17.207594395167373
-25.68818013177364
-62.127224255853086
-38.887776780196205
-24.628490527996348
-13.41028269291885
-11.126601128356976
-32.13767141312068
-4.672370966179627
-18.10150800260544
-4.365631917142649
-6.830995289377049
-19.573126382864686
-26.7696718032599
-101.95178918854799
-14.209576566378049
-7.734371888564897
-19.05753320805722
-9.35526445342091
-25.209789529819584
-25.226796391870632
-16.87194849138946
-51.849176288759274
-11.54708120549222
-12.121547407073411
-5.051263680811497
-36.16034861757979
-27.41310958074718
-5.7965634311048975
-31.948170112860428
-16.730042020289225
-6.972466808802431
-26.75537637847447
-27.823641262000717
-5.765843207836446
-10.296684209289976
-9.0602618422648
-5.875080749401497
-4.8491999681817575
-8.368239136338012
-15.422053648492163
-33.86528751621466
-28.88940617057963
-6.9739527431998845
-17.408938588170084
-12.714739683271656
-7.991078436040203
-7.414863038434779
-3.432387975349289
-5.925321432294563
-13.926903158962677
-12.365836538732514
-26.020478170604374
-21.909176459528688
-12.01163388866462
-3.7135039734639896
-19.4643780852712
-45.17885686930786
-17.190785418792732
-10.00766657518577
-17.993135356405734
-38.454825309570616
-13.503015136321396
-4.857460232452357
-30.03729676397393
-35.82143211220431
