-13.904176805214322
-16.37388112250148
-40.130963511475386
-46.067920257725206
-25.637653233296476
-4.019518935369014
-48.88576720463535
-95.89298747321983
-32.15529323026812
-11.48436579081482
-15.763666323522953
-37.09978857585249
-7.612079437897621
-29.493838978695294
-42.578482628399634
-15.121342232880014
-18.480020103396683
-52.037606776282004
-49.637240815097805
-10.107256441502663
-13.564324643545895
-22.001682705834966
-27.002985398490978
-50.95972756428635
-6.811435838883695
-26.816756262657552
-24.050901093772698
-11.317252089233651
-15.347478841091762
-67.07659817981313
-30.53879262926197
-61.326196033302764
-8.32525262082813
-16.03697386812645
-13.293681847931122
-23.96979952815372
-84.65499354736863
-14.64076465411809
-3.375547443461963
-5.442951769894937
-34.24026450823032
-6.125463250469708
-51.446382434680594
-19.185296491359594
-15.867926547522822
-3.9824501223368256
-27.354256327451914
-15.693822757287025
-44.8462950805581
-69.91166863924633
-6.010231731347428
-10.725716980297907
-7.01772763485502
-9.627374730849837
-8.684230790362692
-50.8847813787477
-5.430728195028604
-4.805670270645018
-55.86832767767127
-14.84124407894767
-40.173378267534424
-98.88759546655886
-11.564974475505139
-92.85225417500993
-27.738121817105267
-10.472421702815817
-40.55317241645624
-8.267299041280324
-11.823219904048981
-4.920280614734341
-31.840587773204863
-15.557605346640626
-25.24870235333451
-17.192761929989558
-26.169423296533914
-55.70864933257716
-28.018438099019416
-49.62166023729242
-7.0476185668864755
-9.260413408345308
-52.29825536280131
-37.08182806980833
-26.07968628715519
-35.12120445818646
-10.916671022923735
-9.455017595619566
-38.29920943327529
-39.19638982547054
-6.729877787228761
-4.187378955362018
-5.559452629973518
-12.241339505957184
-89.07172888710159
-22.641221187690643
-6.495371531822929
-9.350977166497366
-24.07663346794455
-75.78454574268179
-18.121471290449126
-54.160592915497105
-28.87384990628657
-80.85327786270507
-8.821416893472591
-17.552325796792815
-12.332874470555943
-5.423876295546941
-25.46347493402492
