-147.8376280917352
-26.448645034026008
-79.50422759466683
-2.8563377554584584
-3.709027589616886
-1.1722766636025004
-21.867161450006535
-11.663429866430477
-22.36330227159744
-21.280811683699596
-10.385597838962408
-83.1841986752676
-12.167377228051066
-11.598602762315673
-38.153866080791445
-9.096516006846052
-6.141533411712261
-4.4444607954873785
-4.108083980763731
-41.045265488199234
-31.729542959145775
-20.500750391072117
-8.973263359004186
-10.273779829208983
-35.538963182157495
-15.531418074672063
-12.160259119095997
-3.497606238161865
-15.074832167311042
-30.796805917774424
-15.210223358278387
-2.0415963870103107
-1.2427018176879674
-14.128360151003623
-25.220203383193795
-3.2495114078675513
-4.970476083064858
-61.93626778992149
-4.7686072695833355
-24.424266732444295
-3.40292823864251
-6.540369305171315
-36.65118767080378
-48.427545500813075
-24.06632934289927
-6.915334744457198
-2.808463929818082
-15.546172082125889
-12.984896130345067
-21.022995803699445
-7.576751342301615
-2.205141126254612
-12.147238374075576
-7.967134150924557
-3.2364186005748263
-4.363240044361942
-21.265718246780477
-29.011500860016756
-21.546404789937178
-6.645457139220681
-17.15774442506822
-50.33094102053961
-4.459546099784714
-31.615600915861858
-138.62905664389274
-2.9408566402601535
-22.768112732352474
-36.803136062690776
-20.498283117591967
-36.73332763735163
-15.288717990419352
-22.863345182347548
-3.825832380922363
-20.732262686441015
-6.202074413032087
-6.9455135097749245
