-20.532044441100158
-8.201606364605787
-27.94599601327728
-15.358954129511217
-12.749446439847963
-134.67239788164468
-8.221103930900133
-40.85108504580756
-13.07978597002212
-13.812364171621725
-43.77764310835732
-13.485078499781544
-26.286684439039345
-15.607554519794848
-8.759226199532717
-29.26559053493453
-16.12198969501434
-5.615256878347447
-6.345583565258628
-5.53127674672677
-6.773435421457064
-62.66615574080084
-35.18471788724327
-41.411008768335236
-14.836618195864261
-8.831236978130221
-7.857906105989792
-85.09532875716393
-23.988309509789403
-6.223635608155804
-95.66521050078202
-23.330105223700603
-109.61279162163947
-22.021479545623986
-34.92260200582751
-15.082682361595758
-8.747627994313271
-7.005220891307355
-8.363976761395886
-15.737319501774035
-47.217128891371395
-21.966675740906826
-5.223753295413508
-27.380699296861724
-12.07671258779082
-22.17815773338659
-22.22062393159482
-23.236199667923163
-12.693974213112206
-24.42342480631457
-39.053453169271954
-43.23792772362137
-5.765684616185303
-21.296196194190134
-14.61511863591366
-5.006915229471288
-0.9532302823230301
-20.878821886456144
-8.390917033695432
-8.71716518527954
-15.71433831328212
-14.850827285885002
-21.166471049473554
-17.99454600149717
-35.58317600799827
-7.225888837922302
-35.58743384996993
-15.875911964283725
-37.387556594446394
-42.25905442157121
-83.58326105639439
-26.475958890250407
-13.54913379428318
-11.885251215795831
-9.349134043144481
-36.8053283068026
-34.128580162275334
-25.34523803129563
-8.791150360815296
-12.236307964479042
-63.75185049223713
-9.934833298616693
-33.228536264583845
-69.63779099257764
-82.82875792746543
-36.72634813521214
-28.318025504151187
-7.664079762536922
-20.14200075278058
-31.394281254972608
-17.80312738419475
-195.94603243259272
-5.255284253182622
-41.72510991444997
-24.024417488708217
-28.488347799705664
-42.63511778863303
-10.774158649323748
-9.095230481551226
-83.32381287682375
-17.583954791972317
-83.41389748469837
-4.678303763370146
-24.95947833101679
-8.87823167729124
-89.52288425139803
-42.82427531196364
-59.67710139163926
-20.315999478002055
-14.699448377846677
-32.622956088535055
-21.21899469624943
-12.382466821755484
-26.046951128629747
-12.518159139632756
-55.560346832775956
-58.46870798026357
-37.446050961490734
-36.66552356126662
-4.087358227440893
-12.656325672947784
-4.887918527962757
-43.74528383869024
-14.324723667990861
-26.995693527859693
-48.447664966261215
-43.13713897476353
-53.549812003701746
-23.04922238169325
-27.25749082735439
-19.292050615887053
-20.55635293777221
-29.247849941607523
-5.6478565922665
-30.754312698428496
-41.36293899649233
-43.7971636401547
-61.0842946190882
-6.12917391571931
-19.138531152636915
-18.499595402651224
-17.652622317196084
-20.539154561552415
-12.889849703481797
-22.148060232503934
-15.4696782147689
-5.804685896634072
-9.592934103179923
-130.14549363837037
-6.592791866519199
-38.11223360986721
-21.299542878905193
-48.669098712321336
-6.525601406678466
-26.99223084248959
-19.505409480420642
-12.513870393159024
-44.346176249383426
-16.421722336851523
-37.96630025768726
-11.06703253107713
-18.403998248042193
-8.460983935284794
-44.776503649067536
-8.023255286702442
-10.288182357217279
-17.48912677032779
-16.94519510387409
-3.934303448367319
-12.857849891463843
-57.67835434816429
-0.5035673381003998
-34.21983931284194
-31.557268739860966
-12.78922273539638
-12.93203330132213
-10.313756856821687
-58.46343993767542
-17.647348012178536
-19.2667577413647
-17.17053461015552
-7.988224529332319
-16.268789659552713
-9.208339861600484
-8.28168554318067
-6.149256697602497
-4.629833875142523
-50.75232982529401
-34.45261792371124
-37.65038586354658
-14.458739828995022
-78.27781507836708
-13.399748628384677
-16.02106389766134
-45.8725222064737
-6.8798600795126115
-7.149620003753579
-23.619719094489124
-8.188645112821792
-11.536258328331124
-52.78142588425307
-15.354452935452326
-17.108551064618
-16.288060354939468
-15.902049270662292
-34.393571143579784
-33.141778152188685
-31.45770754920709
-33.6456816262803
-23.167632976119286
-35.28547777224634
-31.350887357740795
-30.76083059984838
-36.345959717568675
-21.07979035326248
-14.426508737941969
-26.311470625423254
-17.68840877246917
-11.677358455928623
-9.508891209970933
-17.103870490046052
-10.44329196445469
-45.413352634046824
-39.54491687363515
-52.172782571400155
-7.109190409912842
-47.48387580154202
-15.244679413071479
-22.914517403950217
-29.49050687938145
-31.424051760930286
-22.76463797083072
-24.84612466162242
-13.141938309458444
-57.16033577251873
-68.01899613417147
-20.593038145607917
-20.92628895171059
-32.857616654655715
-20.8013125760098
-31.63561510246088
-34.424437342720914
-8.591858239186
-4.261842797133156
-6.173978418894042
-13.098645510571677
-28.57908704174893
-42.54607080760963
-8.60830778211321
-31.053913760514284
-2.6770487198872632
-21.913370055446055
-74.94230162771105
-26.092045737167023
-31.28896386975384
-15.07489940581157
-29.915018496376415
-55.361759527937416
-27.783138473844065
-67.15055889586495
-32.29484652638726
-52.21850929543233
-12.724225377257515
-25.449484714911705
-11.228685640383095
-40.857391040508844
-87.26962286294966
-10.337462835168358
-16.310809529597176
-39.40844070315199
-13.88332922165904
-13.375050036051237
-25.030250894843245
-26.886474940871448
-19.047749573041813
-91.20431376557227
-13.782948413577808
-29.178821742191623
-6.709657796679477
-14.513880226398918
-22.63466449742931
-10.10208197496461
-16.448634485416303
-22.925790226301302
-26.533283557887692
-3.4880020084968812
-14.026626144588924
-7.701366492197108
-12.432569178126727
-28.751074809113778
-7.83010391366347
-28.655337700514796
-41.69313209225912
-28.120552463732558
-10.280709083674965
-20.123608214540443
-17.14027137614536
-23.10647441592501
-8.58729954173102
-8.251889447602807
-24.035428304653145
-63.63194847529298
-19.919669972441174
-17.891832582108847
-8.795765046629086
-70.88863545438565
-69.34238830569096
-34.58446104422004
-15.425773403871617
-17.500462387464314
-52.919289600223806
-18.482470110032654
-32.05357621640253
-10.51648401221288
-4.316253823789327
-7.101325177469124
-36.64626142261781
-38.064177325359736
-19.576321494114715
-11.511678301790429
-12.296358823468157
-16.140233722417857
-37.69666449216104
-4.669169314002533
-20.372666568405027
-20.523281884716663
-11.439122722963285
-36.09863398178699
-24.30110685859126
-13.493941982168238
-53.301950186261244
-17.485167172089447
-22.790596944976905
-25.949213722942666
-8.419963622070421
-7.9700805243505615
-29.758383772974796
-13.42631031958945
-26.359886786737786
-11.643266583529655
-18.699701271588626
-16.906041715464607
-56.31884869498507
-16.01671578429178
-28.06371901145107
-23.597925442823925
-9.309776482031712
-40.86450704727054
-14.687660342685563
-139.42206597351841
-34.4514090058022
-21.473889660863428
-16.151491716041967
-21.663199733080546
-5.83536070262525
-68.82625709961518
-21.15063112007018
-4.309875986532639
-22.192915938315064
-43.769876342297344
-29.78369411319903
-14.778873672829619
-6.615513452392829
-12.089391374179103
-17.695908767603814
-42.678973602347874
-15.525919780655782
-34.700715177408696
-113.86241926398323
-12.359331866481051
-78.04487361561445
-67.95475609338001
-67.68034341191375
-8.30223024531114
-23.472413742014375
-40.24020349624007
-26.699418355047673
-29.09747363923782
-13.478293748631193
-37.10237303092492
-5.500659798306464
-23.888206116307412
-23.287659698567687
-43.93135503424334
-18.878902754711277
-21.89045724770168
-59.765093848073256
-7.675435814542175
-33.0800710086843
-5.722892518235114
-50.597252951979584
-2.3628834633933797
-13.916662841196027
-15.642129879788676
-48.95609760669042
-38.73563369391607
-16.14732338736251
-46.722147781196746
-9.904764641887102
-8.457577260518459
-9.936777223182508
-13.574713539507512
-38.89979121533167
-27.26270604749296
-28.215068683055648
-24.063355880174438
-6.115066861076258
-6.8646400920634365
-14.217869366072836
-40.80316068244323
-21.41817033051794
-30.02592187007993
-69.56885934933193
-6.070047218628232
-6.072462807519338
-15.446853275360784
-50.42122621175278
-12.538318073083087
-7.194933199986323
-15.580336232006411
-28.080192131303594
-21.20123810614408
-14.7208719895538
-14.68857423764598
-21.604200479983007
-64.70550475687538
-31.414938387043495
-54.25124247109419
-55.726600044448844
-14.026434023599188
-16.049833250373954
-45.702059183371
-27.909568573881756
-25.485418257515253
-24.320884434362668
-34.2468137786949
-22.629382316649096
-13.65448678150754
-15.073828521309037
-16.666465653687396
-9.441596666188458
-42.73698992308043
-63.156400926656886
-12.223779178493704
-15.46526150074774
-22.48199140614976
-46.25779577443873
-9.545012895561808
-8.04613053020323
-13.866890243761766
-11.253700973156082
-1.260657917118358
-12.601548384082284
-10.12885606208607
-15.860167891186459
-16.54807956024484
-26.8604099120251
-10.290973122172455
-13.96592885482974
-20.91265333040597
-68.73475906022988
-33.186400306900815
-18.498764898733352
-34.698388046519824
-114.32101681606957
-89.27871957177368
-12.229992160776833
-3.95833912642585
-24.149822184553415
-23.731734697199478
-19.7387022248878
-30.761292253336148
-33.59432021714537
-64.54675934945269
-28.039273910672023
-15.666392674971721
-5.854658930739482
-49.272488411235564
-21.852864048425342
-3.8646680752445173
-4.3528682667046406
-39.83220317113244
-9.315529270113071
-45.1237013840263
-36.741239816993556
-3.955032770901998
-36.810385635830116
-23.371148203570332
-10.609787443747871
-53.667192901600124
-11.82042445216883
-10.179761081417551
-11.962489001316005
-11.46630345294485
-6.799971603532297
-28.57874022886704
-37.7090303264843
-32.771677600554206
-13.887341541647208
-13.549728664146178
-21.704865645310203
-72.21630333912675
-9.05944497771101
-11.932627668172675
-9.1988112482929
-28.840475873456967
-9.353367419847004
-21.32908038053928
-65.91711853823826
-36.106300567356186
-20.71417584829073
-37.695697264723876
-44.79644837950032
-18.849042461717236
-22.44710820068297
-17.98211092334276
-42.56716545572868
-24.346382378557664
-9.3661953907926
-79.56512606650665
-21.58411398867233
-127.05059550909935
-9.764430326262309
-30.251066478703713
-28.182372195904204
-11.948401299578578
-23.605761592274046
-47.86932510590389
-5.601578341013236
-25.814045394681564
-40.6030040221919
-35.85050355207875
-15.908109738513257
-34.632466722050204
-16.893903620484007
-35.17372965886108
-16.470251023314088
-5.209297308402922
-21.663936765171407
-31.772881104111036
-59.80485780587484
-30.783051287153285
-21.360540937547263
-38.61705487509334
-65.61323629421301
-40.54384527351028
-17.47519133433014
-7.792084565019766
-30.711649844727187
-13.369691341568535
-28.94284948552752
-11.244104587802665
-16.417362386436306
-16.43605820335473
-24.303597704433706
-22.09839896071594
-22.238625313771198
-8.25036634904639
-4.51677358268292
-53.411190478897595
-31.821443371880264
-32.20601829911887
-19.118192189741706
-14.004518570491893
-6.331127077005654
-39.39612928834678
-50.67717216295924
-6.707316367317253
-27.318196915539477
-21.01667073224976
-18.738892242176902
-78.90018091883299
-6.414962716253859
-16.348552934871265
-28.353076562674993
-32.16091755344798
-13.23574199797593
-7.182895620602539
-3.957768013829719
-24.76271288278829
-7.728913392637051
-35.511447276064985
-4.057332602146171
-30.363772369416274
-66.55438086922304
-11.230678913074353
-23.688543119352428
-5.11280342804198
-21.38484507684155
-41.05401650511268
-52.719847591300315
-42.20916392974993
-15.417605395626689
-79.0465936675863
-20.72167718736098
-11.31670564653902
-48.68156572112954
-9.714376295129016
-31.477428200229106
-2.2640930518906526
-8.977974235287531
-44.118825318961264
-10.428366679916776
-28.915078958534224
-8.12079759003651
-6.2958590348077035
-14.028425786194214
-45.721631712058056
-11.859019431836453
-34.41867999791813
-42.475239366486505
-7.493556809836436
-34.18948607838561
-22.81986678400426
-34.596531945028
-18.560535995117757
-11.165387395836769
-17.23958054365423
-96.00497656784694
-6.505101840979698
-9.979349801011034
-9.857019483950618
-8.505119329013183
-22.863945223256756
-39.71811930684427
-25.653431497193683
-7.283771463205758
-46.38029904748197
-31.691981613042277
-23.599239628097305
-49.151260119419774
-49.05868799917366
-6.992722396469669
-26.253717840713996
-18.872192834830635
-69.62562085125764
-2.9401628532044253
-16.231770212653384
-32.01543580458559
-23.539043913718242
-35.103148767738915
-27.050476044171504
-10.800652777438966
-17.007015523131876
-9.814506675355538
-4.891226443916738
-15.713372030496888
-11.887207723214297
-7.149210350910938
-15.299815730433144
-44.78371862477789
-43.40185390001292
-63.544191718000555
-112.80852402649329
-6.246203357421722
-34.93952408625972
-3.611434262810537
-18.06769409939375
-23.35169579438794
-16.027274923838366
-10.836839590885555
-48.87669100779487
-3.8930716138440316
-24.05273549939718
-39.28210494773756
-4.049273587690499
-10.562691633494715
-2.275851982299549
-30.037000530388976
-62.700688228644225
-26.132121979746433
-29.490968151119883
-12.551429821592324
-89.32340201704044
-14.479472623224511
-15.509546142190956
-15.250945195546185
-12.981781216583165
-6.52407191724953
-17.03902433043719
-9.129925489817788
-5.82110192326225
-28.504220834570663
-34.535462547099165
-5.762374456369528
-83.46224591872893
-17.271610294224065
-25.11313768234371
-15.77061602112849
-5.255218954629184
-9.493425418763085
-14.596033180579996
-43.70348601535075
-29.106916015765997
-14.912272920095171
-15.441259180714082
-4.0274619222742905
-41.70299250889656
-19.716558426489943
-35.48483314089259
-26.259274714052715
-10.059686800004075
-7.282046296491541
-4.62860078587608
-8.0611446891869
-23.248888605817406
-27.44409161982552
-17.479087539381606
-61.221265354941266
-54.83028140422101
-58.51535738941033
-7.769015338049295
-9.242733613204285
-6.167503913410998
-33.40078561706237
-13.89168798768329
-9.788063164625934
-62.88773885226298
-10.654235492276204
-25.734977690662813
-0.6400185188468498
-24.02284024249871
-34.98250335294093
-13.011223650163888
-10.114379317796235
-28.495810988185625
-8.206470282319835
-8.255871962407145
-9.776834417555664
-22.262158859220857
-26.826812220190927
-16.462610482813748
-40.81304793861969
-23.47801380285974
-20.251104853293096
-34.1429294855252
-3.275212142478869
-11.10084322566475
-33.09785568553695
-9.96498851487848
-93.04672802245638
-33.988429823240644
-39.929077303516934
-13.21869879319622
-3.8283130605694535
-9.40335117313721
-4.417565610388407
-17.46725837225526
-34.970503916629944
-23.704445726591565
-5.498277788752819
-48.53963818446751
-17.25073863226467
-60.665752855420145
-14.862161195078853
-52.71743877773496
-37.15039658704349
-7.824410476908135
-10.951179410780796
-23.557248494418705
-7.968898013518245
-22.707357239645987
-48.55821696935572
-22.984944748776876
-10.499629029591839
-14.964450946112795
-51.871205823939775
-11.968152872609213
-22.867088175491315
-49.940063825475406
-8.873185414604789
-37.0966275739734
-28.267413654974014
-7.825947230559099
-14.890189487980429
-57.15986380472806
-27.22813606155955
-9.493468415436295
-51.25937231135591
-44.56608928202669
-5.608233551633793
-15.512712562932967
-9.823675813558316
-14.337066076781303
-6.851998390401742
-64.71823392104379
-23.637660562986383
-8.859435627018263
-5.8273427110166525
-21.558893048739073
-21.87856130851936
-39.10814095301063
-29.492450315212444
-18.69573382950397
-11.722836303665941
-10.750783915943424
-5.552215047326263
-12.706851361258783
-15.556112813087301
-19.31465795669377
-29.791215133248446
-8.56017739361597
-17.487771930385026
-9.356250344735752
-19.351686970304726
-81.43979894530577
-33.288957277375395
-11.170847724851106
-10.916981629866534
-37.54415203472612
-28.17546266638786
-23.452253167438666
-50.41064845613071
-26.56856068311983
-53.683821721675784
-120.99100805689854
