-27.919375030172443
-11.260786842020387
-3.4812286015433993
-22.609747212008337
-6.069361056448514
-15.091989892768492
-20.196193065291006
-13.869988720704615
-13.153646077152858
-16.01125438147592
-71.17605008575877
-3.4051369779373557
-10.410025505979416
-8.537855094777903
-17.56415166938886
-31.940619298824082
-58.77018783206623
-9.14561513974711
-10.43810606523482
-25.699367113411267
-10.711120016224259
-18.325044880125226
-3.5974051710034542
-21.501044539223507
-8.302783949383443
-65.08572379842637
-11.836432324038281
-21.532647152910947
-29.70670716305199
-16.89926174837895
-124.11104894773509
-10.177448478787419
-6.946390209927288
-18.68302782982616
-71.27035639296322
-22.618289102445175
-33.560856566464246
-4.340007119334394
-27.07424036821088
-28.669910556032786
-34.47783984887959
-28.047972804451046
-61.43580669005142
-25.90249058650554
-2.090747443647044
-11.970030843365619
-74.73338328582133
-14.319202783952056
-25.875101342372975
-21.358583716722357
-6.056448968838559
-16.593367866895537
-17.447717376294722
-14.474419110881131
-19.709917328081172
-13.07630509993049
-17.762859856997974
-61.53384977948403
-7.501359323497906
-2.138738251909678
-12.69045510292112
-9.947850187566141
-5.825300139290956
-33.74621240671137
-22.333682111847125
-4.809454009916771
-3.937367155441461
-15.19781791845974
-30.576027679975198
-19.00475458128757
-90.7546559669207
-4.66031435694334
-11.290221302534718
-24.700794431564432
-22.308096062945133
-21.68587374133862
-8.784405187684213
-64.07217250268569
-10.233949006953189
-144.75236956580548
-47.72169778239601
-14.132327143309228
-12.903753645573987
-21.004759471484807
-16.1047451592932
-35.03051158274616
-33.690932519664806
-67.38012525001773
-5.6935046963246485
-13.03239463813523
-7.713765944862168
-17.5716606986802
-10.196908229210655
-5.9822962084415074
-6.29368048861837
-25.18078673650846
-58.6868819894116
-32.33863995260353
-55.92958296781837
-6.892184968545914
-37.67528101175023
-7.1771524861501135
-48.607998031124104
-14.07105651773012
-7.95970734016004
-46.329633580511384
-11.07871127459616
-7.71159884995877
-7.549404079961555
-6.148529986587849
-4.175580663221325
-71.97773646162754
-19.559567009376835
-11.280504757453508
-6.697367190812751
-19.584835402445787
-4.787954032228824
-44.97901873694698
-47.77429248054129
-27.80979311994568
-10.511852336321938
-2.445821869159401
-16.701611229918363
-21.192895060125377
-43.913413456847444
-58.50082039772298
-35.3519758887521
-7.919057317898436
-27.787015020750133
-14.107282949416565
-12.381925189591142
-72.25246367175593
-56.74654792246675
-6.217800324919555
-44.200643813656654
-8.498205550683297
-13.6050872409615
-3.453010803577731
-9.638320098675708
-51.94452592456936
-17.710557616720486
-7.607709200698537
-19.68061994394513
-7.049766751908899
-5.068245181754527
-16.374889224824095
-32.88473808075023
-14.677386604101194
-23.96838033860026
-24.05650450935789
-12.817859305953528
-16.55331752903079
-13.379612607226607
-13.79519354852959
-12.561062580810566
-20.22830981811182
-14.815612364408148
-25.354521638015843
-34.50255782010057
-14.934514680424748
-2.431909216417006
-17.170214895347694
-15.382026566450023
-17.36681861104917
-13.002232431605295
-19.81653607383995
-20.87578725683325
-27.760887826419147
-10.5736908357004
-21.387840395214436
-9.496922931188424
-15.884086775338554
-8.952521163805326
-9.115585849973915
-9.703853639804638
-17.337275989571516
-8.392803336262785
-11.740573208745047
-12.536154026281844
-23.76248498313343
-22.013791770931554
-50.38107830959962
-17.699464885037884
-5.387299843321543
-29.10499584208139
-8.913449457475577
-5.281460834547073
-38.46033300836389
-19.524453271099848
-23.99288514403828
-44.38853153063327
-21.389852566657577
-37.902051209356024
-13.837823308697788
-135.6130265974266
-10.865099846369324
-10.922326466748055
-21.85385914351477
-53.91791521138683
-9.488160756546591
-4.693226160072944
-10.895930297291333
-15.750855402186856
-11.213462474531118
-23.9024649573307
-67.54409581737838
-7.966853629456576
-5.831383095613239
-17.68390548259662
-21.852303383257524
-18.36222813595755
-36.56756189724692
-41.06308106846628
-12.611326919911772
-29.763087911566277
-5.261402778446044
-67.90414267265636
-10.614880669236593
-24.014257470874984
-14.464239415519144
-7.4024398986784785
-9.649778723510241
-5.6987145042502325
-7.913457216349463
-10.871273917871687
-28.259807750061693
-39.23545448834696
-19.702543478350794
-5.732555998890406
-10.990704207850262
-53.79402232474535
-4.80725195605724
-6.757262110496729
-12.734051436079955
-56.32419345657657
-13.899137450328674
-37.761034044943344
-7.801623785464933
-10.862799626197408
-5.038035114063038
-6.835383083112421
-13.702850948982064
-6.160040157408307
-97.25145310094459
-21.35997088188018
-13.514465753446654
-7.294840874254445
-34.58540247565691
-4.151851902810245
-6.133136272584738
-22.80608860148394
-16.978716714888616
-14.968615154991964
-25.626022984371723
-98.92058295777497
-53.56551321120449
-27.172160963694374
-23.916732413686088
-19.969671294060337
-14.528658820776332
-8.095899484558979
-38.699402263239186
-16.817742041645218
-5.96311999641925
-18.28860722620836
-23.943010824640822
-19.966215660428258
-8.340408799153908
-11.581887615962426
-7.6554530061295205
-13.201280243131054
-7.696656042081446
-39.888998582867075
-44.714895458863616
-7.2832422233057015
-10.202111819552425
-36.124018502245804
-8.0711573173264
-6.919704615744061
-3.92354541493182
-9.533167918102636
-11.126713901402827
-55.64792828261367
-8.116650062458474
-8.293932143623707
-38.573835753532634
-16.918674833649924
-33.264901969721066
-17.774414728126192
-14.770757991567999
-7.957514528348055
-5.435774200480291
-12.174688524198768
-3.9328724953412544
-5.114710435029031
-49.101519532540834
-18.653392793805008
-14.94331342312379
-41.398808909190905
-32.06412571641326
-13.364254307040694
-7.8294386741529785
-4.752478188857236
-12.43918450668524
-9.31558514589065
-48.90580312856743
-5.179821666687894
-35.20965096743436
-27.94332974531529
-14.273570129617337
-35.237170347342854
-4.612640062743968
-16.75748939893262
-15.407479019579272
-31.80378351945624
-58.00051744620629
-20.86062813814169
-8.573208735102648
-25.662218564514664
-26.326132276733638
-15.273811430275487
-133.4673285250389
-17.61111173414831
-7.709004519626272
-20.543047103955065
-21.377411799357073
-11.144086532789842
-7.376073280122082
-8.566991872255592
-6.63259469122535
-38.35311864914245
-20.78586446652451
-23.456927094784852
-7.259249877550286
-15.276993157513862
-5.405921946745792
-23.448911111426124
-44.52717948226283
-43.43947544139318
-9.78719562842216
-15.053194821646713
-81.00908464120579
-95.5737230604845
-7.150041746424375
-72.15867248101684
-95.90253951425015
-16.102501982203442
-78.84317855872573
-21.269355812744905
-8.826498479607384
-16.465285196453646
-14.610383219206975
-23.235054143262406
-32.43839093615479
-12.567534010298548
-13.164151760430418
-7.7296362971835375
-17.271534900276794
-12.010830882306589
-10.372656538120642
-10.059458356909829
-16.31472419151482
-36.07867255658594
-5.915245789603628
-25.301734063766762
-20.234654440380705
-52.81985001246107
-11.58988697677379
-7.201004600300595
-6.359721161890243
-5.454615059829536
-24.895682817732013
-19.675828276479788
-14.734854813440743
-3.6547661928110804
-20.791667975895756
-2.0410080637322814
-12.896860265688153
-20.230204149011033
-15.774511923308062
-17.27743989951644
-29.522692672442723
-25.261930351409614
-12.41989050808145
-19.417403547633253
-6.394778596926715
-12.143576885513227
-7.214183585314322
-37.19262185422817
-4.74909745141308
-31.161944259749543
-20.630439695700506
-8.146876718416436
-74.45107020637043
-10.839995641602098
-4.510613484926436
-9.229647416142445
-45.494705788438075
-30.19429959827846
-8.476849579326094
-6.103764944485909
-16.559703086971137
-16.288896102707966
-11.717613877816751
-18.199020446385315
-21.171373399666525
-11.950782282230668
-26.898392317941465
-9.74764019889844
-13.433950379872789
-21.262040176755487
-9.736825957499935
-13.87487295790523
-17.66412054418233
-34.83079434903087
-17.068771809134088
-14.92688012636528
-8.311174677917906
-11.187183018675736
-5.307105673908908
-4.070136101980057
-24.702090662112155
-13.499260363513827
-12.462338680375012
-16.708141886948848
-10.602321478181196
-10.846251329081282
-4.591699226587609
-11.141291016824956
-9.428522594949255
-23.86854926655694
-7.659256718588341
-18.823820297739694
-20.060762349940674
-14.617765147040469
