-34.60631849026555
-8.269097882054506
-12.1723673155667
-42.569832605119615
-56.65860367258804
-32.32044149830314
-91.68809490466025
-79.50422759466683
-19.757887496034297
-9.126332680182655
-19.528753947396076
-31.435587418939008
-2.6831418436920385
-19.945643520462376
-69.08951922587079
-49.42766706870355
-1.4826634622333785
-38.23482694801221
-79.33565985283458
-8.243274614074402
-25.51307178645693
-14.407201746673914
-32.63039135814948
-23.17399368845122
-10.113545317792925
-49.25915063923424
-6.884646044855717
-16.04994957331887
-24.51240124632087
-15.689962103418118
-24.273947299483066
-23.9196370386147
-15.741383850087391
-18.72358659612095
-9.52094601258385
0.028060215800971414
-19.642532258288025
-7.565715602711382
-44.89254170363971
-35.6597294521025
-13.88913810023571
-11.64415964354751
-9.155742489075026
-14.534617334903734
-15.503344746396714
-35.928065727450225
-7.519353418856868
-24.158173586774616
-19.1992476558305
-20.490637219923318
