-28.390201425266007
-18.054863917520734
-66.99482293466949
-19.502238010942882
-12.696844752041763
-32.91890349596717
-32.507942472960956
-14.819195877836451
-10.786836104977324
-13.833860332375357
-19.852852425896607
-8.476378209294287
-59.21870928849599
-43.39691899643626
-31.74189307466307
-16.210609779508605
-10.849399330104388
-7.321453563946683
-22.09164723296904
-51.139424625510365
-33.119745479684134
-22.01226973121991
-20.919271123443153
-16.566108083464734
-14.180813121767216
-19.963007298718697
-9.981857227949593
-26.317597524736293
-62.75481262251645
-14.091865821005046
-25.047940637368686
-41.79585616699173
-63.76597284106847
-17.072734235188555
-19.305249090001677
-16.08417380681685
-12.350708190368843
-25.267199158858716
-8.550130982839889
-18.797192372849143
-61.482140501736005
-18.882201884774858
-43.147951981283946
-7.406819122193836
-50.2205402193955
-36.97209328392729
-19.177469383738437
-41.415717442128205
-9.942800248179703
-11.477152042212186
-13.227317393570436
-29.967378695995365
-43.863825674803536
-17.571480392472505
-5.694522056830519
-33.26183314932934
-39.02114526964224
-15.596542830019182
-21.779698483298198
-14.312723573750976
-53.61716097161076
-44.274148372713555
-23.557359972293952
-54.90789494000135
-18.725307893697664
-21.69708188684778
-33.96909700827403
-19.20505007614751
-12.361091070668737
-76.18453568343696
-21.75960277966472
-24.44008049721728
-20.94452189737609
-15.901454601888856
-26.54449766565003
-25.374529551859276
-7.406819122193836
-28.975669266232895
-11.916130344953993
-40.436054983909884
-11.070817887121713
-36.455260604622964
-23.28756833383579
-77.26809660204643
-16.83633269340131
-11.81408882490579
-15.803254671292079
-30.821567440044607
-81.35630904242151
-33.7158658038059
-43.33210660478884
-11.747921370384828
-36.73888544683796
-11.906587159025335
-5.253252636015314
-10.655014764848715
-11.076058347507214
-29.069131156289906
-18.18880784085607
-46.71571313268004
-15.414406231740832
-9.62768781352103
-94.41643425509243
-62.34029282729211
-24.36495087862299
-24.055319131148966
-29.80327689171759
-10.783750847500116
-32.975395342651794
-12.098712352931624
-27.784246840814895
-22.955717789199614
-7.0078190451952365
