-6.720611320452691
-3.5436198264089676
-13.196470222637627
-24.144345831103237
-12.15079612383566
-5.058699584852299
-4.665391975393456
-25.632308981204297
-12.630569006988503
-7.3166734424624424
-4.8998187564741515
-3.515195374666967
-3.774769287823976
-8.696457229692909
-40.82890583564261
-61.6805540248532
-8.72502843922211
-17.374746930191293
-3.1258224771773975
-8.203914315256233
-42.68007087075233
-15.515525216528612
-11.763397673472468
-10.024661980733836
-8.37223625670621
-47.914759954543584
-2.9391740205778327
-9.982780759304356
-9.30044468827606
-5.452116596718861
-11.462710162878098
