-9.34989030774399
-11.773125754203663
-3.0594907472017625
-25.3239095694593
-5.201421889631835
-8.178041746484224
-7.88795637470352
-57.10053871548925
-9.83438482221625
-1.3988728025144521
-15.349983403097077
-13.450466486664071
-87.33393847702126
-19.29005728836769
-11.116835675381829
-20.123608214540443
-4.73763980358649
-35.48063943739105
-8.152054702680811
-10.994351616422955
-28.23427191996861
-8.533175537778636
-12.259149941712236
-54.15636751812233
-34.798162517367196
-9.914768875463743
-8.71328522026592
-15.952072003790517
-10.419531655368901
-11.69407757845845
-7.604856753838107
-16.168510399681477
-39.06376728125433
-3.7753738325605504
-8.556905545021614
-7.8593344450888445
-2.25237874845023
-7.297236607341574
-23.858557619536096
-7.989968086329516
