-7.999502528874314
-3.2696973349706395
-25.683017520143455
-136.50474522729914
-15.26393523057869
-28.639261779173218
-7.835735323986811
-27.589242607955665
-19.05875807059674
-11.639706511738623
-93.88385331266801
-18.554237769524445
-2.7237911592537425
-6.133483928229117
-28.166067520673064
-17.657783847987307
-5.996043099294246
-17.535421870595325
-4.3739829651892785
-71.1222611856692
-30.53953843088609
-20.686504378591525
-13.065911681758068
-7.201446156452976
-40.09865285765516
-7.116970379400399
-8.906573244929374
-2.8989137718247195
-20.837680833286974
-44.21661643661999
-3.9120020828992517
-45.05517024420883
-39.75973335713502
-122.73395480004619
2.2773126802171944
-4.527005040823134
-5.99219970814157
-8.466121428528075
-18.350247417622676
-18.077635906136262
-2.8252863609711794
-41.79122153955744
