-9.807704943305508
-14.80762406474238
-11.016549561954571
-3.828652144115222
-25.349913471662557
-14.340901756416883
-10.785543838488344
-13.780677587263536
-5.631875245931721
-7.896896773003565
-22.326827752041627
-12.434081433392178
-9.787049320460397
-8.917113684996517
-4.3739829651892785
-29.718029263647168
-8.89324003038428
-7.3264058292093655
1.2288303160418483
-15.086702353225666
-5.509059545687908
-15.048824910149845
-49.28195915769919
-7.254567614232967
-11.441236182373261
-14.224865729255702
-1.4639713139758714
-6.389543719188496
-14.955455369995823
-26.643583251385763
-6.449262641976796
-33.21815572483745
-4.604911069494455
-13.42119821458515
-10.70856918476319
-9.855669974579254
-34.429497060371965
-10.025333162015514
-1.5788671615699277
-14.313819626580754
-4.126716203571924
-14.508672521315772
-14.749492949955238
-9.264631185433347
-21.458569506679225
-4.27191093454414
-9.94008042889068
-12.692168815569243
-12.079806585188576
-14.961846185398185
-9.148368487424841
-1.9132303622777673
-13.205024458260086
-7.285255762659601
-6.862913071528413
-2.1135202447695924
-7.025195520838877
-10.158966000176697
-28.391394908434936
-5.332081782089514
-3.243408708296036
-4.404149981982389
-6.906707490607794
-3.6015380661235628
-4.368583273915532
-14.857516103559806
-53.874081283733815
-6.1738122115507945
-14.164864941113828
-20.667885507219445
-11.08585497371236
-24.783828430379454
3.214165956211725
-10.917811294455065
-9.732695306508322
-25.391747214941507
-15.134486279166492
-6.594803363155799
-4.8415282309711145
-19.510962942662317
-7.439679771577252
-9.84611967031228
-2.7910972065370463
-2.5586289093498884
-5.935961510774369
-16.663934599189886
-22.91712694088809
-7.892805969618675
-3.6210140332961562
-8.897773199108618
-44.851013592725494
-4.65779123238879
-1.255477196549428
-12.30569302689285
-70.80523391938375
-86.68313874330484
-5.400296765775686
-4.309901653218008
-13.084410452636472
-6.539367030318191
-23.850175070638088
-10.42772031221325
-10.705435286634184
-8.935255143031835
-30.853452837942537
-10.259385671381695
-21.770661535511092
-7.081137834581026
-8.348571179935831
-9.209136739519884
-14.28086131866773
-8.234603168161783
-4.056351401631424
-4.796386978883458
-14.433244438497262
-12.079936981223296
-59.428259854414
-6.605173387359158
-5.189904296705608
-22.210995047728918
-61.056838380286116
-25.61135724301166
-7.997771837957904
-3.723282295791914
-10.175489838380203
-20.36623053100832
-6.071786138360608
-17.822563446601084
-9.806361307206046
-2.6608338818923274
-18.390922099479116
-53.23346732567184
-53.77581478615895
-6.874842178214134
-8.504901276178852
-13.89109169182995
-6.800085363248934
-5.57976436413874
-4.659636358023616
-4.446315910822025
-57.09480075495419
-7.90941935834975
-10.445919462519115
-16.89196155457862
-10.728627390848024
-27.70058758657865
-10.088983995399635
-12.725530703447477
-13.479824330686599
-11.309047260608857
-5.416301859230844
-7.114192179401433
-18.59953035124658
-8.106529558998703
-4.925833249103573
-12.378893150300135
-8.215889371965401
-14.665600172560511
-18.440017916241647
-73.8506097019765
-19.35344807192166
-4.7859539550619745
-25.80706147899829
-5.20229322308249
-13.662058904049635
-21.00792871659713
-23.678235526931413
-20.82313102490219
-20.891346015333912
-15.44431381463324
-1.419980839731232
-4.85987129935942
-8.710308830603418
-5.561062133954994
-11.936977732672045
-4.194207694376349
-4.321345111669886
-33.40298649040303
-53.86424591890276
-70.72187332483003
-56.25854231795056
-5.535220723943276
-4.138759450913236
-10.803618661027127
-8.581724054924118
-2.862831375468842
-17.225989691917977
-7.733459112245066
-11.683128235629022
-21.05677967563659
-9.119778452686049
-6.418946071463171
-23.115040955547
-15.971430922944258
-20.613757704169434
-8.717087966302167
-18.992585047641306
-11.918275365263927
-7.994233899114578
-8.918775940873653
-24.499904253910476
-6.547666560814667
-27.87824138698574
-5.450049315445723
-9.784581003368281
-16.45480385644442
-31.30515256859854
-35.208877628950205
-5.333526940931899
-3.245822290367622
-8.971945479265099
-6.831124901398477
-9.7870677822697
-14.932107745241856
-8.25907885766776
-10.319221542292901
-9.99522069687314
-11.085735616811522
-12.067335863273064
-7.2235458662474805
-10.663293015386026
-11.81514701995776
-5.373736241695277
-7.791483809390156
-46.78262031902879
-7.596618493676199
-10.054360407955333
-3.7627667501586095
-3.9671026828583025
-2.4359348760279844
-15.851132970430273
-38.20702173078633
-78.09498225451321
-4.387904397148087
-7.24964092276557
-18.82245402890179
-44.17609512091834
-6.134069194938726
-20.46498260212633
-24.156663039916612
-9.384877253936803
-2.7272344847168326
-5.901011405570702
-11.210336539194634
-41.27568941807666
-26.54814674204163
-5.916145621640066
-7.459592236278116
-6.898388286907034
-15.101249216309462
-12.7868728820352
-15.546811684765895
-27.987783297423764
-50.595516678264396
-8.746147398661595
-3.7974935234761076
-16.087969144300796
-17.027381231261113
-10.081622313344495
-22.948299821700385
-5.530260670292974
-9.775879117176592
-1.6368674092464066
-17.624633266447777
-5.244351867046697
-5.733714525853092
-51.673270692632386
-3.067482581460697
-22.508085059251204
-11.373944176998327
-4.552394626186231
-27.24845367997358
-32.48300694329158
-12.68773452508925
-59.15695753269586
-23.21821699702125
-17.18831979417634
-14.9272482066288
-11.739507732139021
-24.5141474876798
-37.835501056798556
-12.556814754524964
-3.758220848083204
-8.163815615965115
-55.20966939832154
-11.616966888087923
-44.83293835261254
-2.7198419214586016
-18.117709840375934
-91.805751925306
-38.48135067590214
-50.056265914776674
-5.842378307975065
-8.68550452484953
-5.733897048345432
-6.254031019129579
-1.9697399739572248
-14.955730959289996
-4.3623146579396215
-63.309254783798096
-25.05564425974874
-3.863708210583097
-23.06809902100587
-17.012154194328797
-7.207612223053336
-16.647081623641128
-24.229534759563123
-38.786302906662456
-36.01759042748934
-7.675043229396584
-2.9190706155656305
-18.40119234527394
-31.320827314216785
-21.896439752958212
-12.283718198899106
-9.076446429879125
-13.858232747844433
-21.540614050028392
-1.4928105141135748
-13.73079363809684
-4.972301441655186
-12.40543069102535
-7.72344310518094
-3.6973631839525645
-21.711502809491577
-14.911776019114253
-17.335935836076427
-7.19474368030578
-13.38322178526194
-1.8121306753484872
-15.30770885720912
-11.132620737188482
-6.6346853892327555
-29.50397151046076
-7.216673843929585
-46.24716093694751
-13.054713910127727
-32.56434561081905
-3.8827004957428355
-14.492900779333139
-2.815731717173136
-13.74666580864226
-12.323782141200427
-1.45818603327224
-4.366327312702131
-4.860113110533645
-3.582332719819169
-1.8720568504090518
-2.4417181402481862
-2.057257367480228
-16.1676284227061
-67.44497859996916
-11.243685961794988
-2.191814486628384
-15.289884331377314
-10.638743681150626
-10.584076222932005
-4.8477163956731
-15.572033280310103
-8.212290275229485
-67.53196558066296
-23.78113448728778
-26.512602210850687
-8.371608286146962
-4.256844060780582
-3.531916845642172
-91.92508123299228
-25.36005277139103
-6.784830927358742
-8.53997097992602
-12.030733433508065
-16.5619561603727
-4.893253523578364
-20.200960052265412
-8.812264428885749
-17.164955147141445
-8.788907729416692
-20.493939875406387
-3.166027427501567
-16.021187320196066
-19.03732392817853
-2.6468740137530853
-7.912189715941539
-9.525457606859215
-41.30716656778875
-57.57380205068092
-12.545236495626046
-1.297248347312695
-6.491770633370167
-15.735831478335472
-29.29594618361161
-6.654950651859817
-7.05867974142325
-12.368129402644184
-11.224947404317092
-43.394839707767986
-2.93130734233712
-10.076130514988332
-10.591231083660084
-6.283937226691026
-17.14154294899444
-12.372564930078482
-6.353158075226602
-10.015858752577868
-6.953174380135226
-18.85923838594384
-4.861670074932632
-11.81461648360789
-5.429770266810896
-9.453964596539825
-2.4900379215219153
-25.64656991409717
-5.759319875463425
-22.449874744555466
-5.864603568854741
-5.428369524197646
-33.351313382916864
-6.0701965672532445
-26.437250065933007
-3.9402483682040597
-46.38044941489262
-10.777806240318698
-7.842715645154042
-6.2707049015157885
-9.38328500000658
-15.146646878297156
-23.671812920950337
-8.887354125714293
-11.44122888718165
-9.294492207351238
-14.755929238094868
-4.903575222882314
-182.63018847070896
-3.5443285600725614
-71.1222611856692
-13.097040173877673
-6.217856235500373
-26.629324408780363
-3.617537800154388
-5.950689072647056
-10.81996073900357
-17.149976171971385
-13.229730358283835
-4.245801745967312
-22.710173037626337
-2.4066862250118453
-16.52922497618911
-42.14408413496684
-55.55316266060258
-17.814024144766577
-27.07781780406111
-14.720727622876629
-1.1677780351872182
-12.347737558674305
-6.027586917710159
-48.06023100861873
-16.73257988435325
-9.672823860398664
-6.560506884706152
-18.325219240110044
-47.20882256938976
-14.623942097133254
-3.251803510488383
-46.38029904748197
-3.904806940656436
-11.481594318111155
-6.161392603903109
-7.786022446224172
-6.981979116162745
-8.236937274402962
-4.217064333964283
-2.981925080291177
-7.992781212832069
-18.001442123952923
-3.4078669690181878
-13.784243309585742
-13.829794521104617
2.422295644730233
-10.642582064470501
-26.77128224619453
-16.38133493601344
-5.559883828899038
-7.28831727107496
-7.98532032169521
-14.997750694340898
-3.695460451939152
-17.975978789622
-8.368678297113918
-73.59787864769757
-7.892277189884442
0.9970722798997625
-11.263311757967971
-16.64276887827906
-22.374781013862727
-15.857167423859181
-18.52515882480942
-13.823130144261393
-15.84584853617451
-18.227763634847083
-3.0494845869351948
-16.219645689187843
-12.97571566169996
-13.520093118467397
-1.0178519456613173
-38.129060045621976
-9.130386674515918
-4.466724612665528
-7.75945927613318
-17.963177616486284
-4.7445274913842415
-15.713018347495304
-3.3491624680788954
-17.806856906422006
-12.494032092351498
-3.97367310002806
-18.335454553107475
-68.48745767347027
-41.45127925674094
-5.989949343049691
-6.031087717045546
-10.124497938201571
-15.131799719375266
-6.120788469460979
-8.736905820046616
-12.716266086485179
-10.420400621330247
-4.671294376608637
-14.97356626665013
-41.58905149005657
-26.458423640028006
-22.4934009571841
-11.904976312205699
-10.238868214904626
-5.421707978346413
-18.934108764049384
-4.911349060162098
-12.161214272160901
-30.435430618713934
-11.62857315341793
-16.558250648417147
-8.716375185226882
-5.005971928259681
-6.645608696757275
-7.683131987450565
-36.14597283015781
-7.999502528874314
-4.242764874909526
-7.063272748487452
-7.173527621026397
-3.152656590840625
-7.199185569022858
-6.244573553116611
-8.374471122747607
-6.245078199782819
-14.06314860043254
-1.7848841928113692
-5.120401890891595
0.8025290498289128
-33.76497436036494
-5.6433118348378875
-4.209151656660029
-19.407114741678136
-25.809699225537713
-56.67152400904462
-5.050771771636012
-70.4441410401025
-9.493400062538388
-27.295831356944195
-31.73879019640105
-6.206132736886596
-11.497263262479962
-11.322068226029389
-27.76820435495393
-5.505571584593591
-7.086960151743316
-16.415074779216507
-4.41358742254594
-18.818568631856174
-10.794496236110726
-39.47443212341028
-16.481559965093663
-28.89690192943363
-21.520530493957015
-4.612284920399391
-31.280251278105972
-4.166553990293601
-0.9794962453919573
-43.38918343711616
-4.882433358734356
-5.815396176630006
-18.23311675974285
-15.698458504555266
-13.032392453252381
-5.345117023845546
-66.13997739415963
-14.641605891968373
-11.972988682890957
-23.827047622520663
-20.020765681734904
-12.876127070870664
-6.433740848140521
-5.705251537850945
-2.2528558069112514
-7.961525775634327
-3.3494791111874096
-6.34409445443046
-4.112720005700328
-18.15444581158936
-9.089484658862716
-10.42283380670859
-5.578706072875011
-7.670303909266499
-5.173459782553846
-13.170408665836394
-10.608972307553577
-59.32453410551064
-21.16592245187681
-56.59004355566895
-2.911358633031523
-13.050267388457742
-4.49800085156402
-8.553703475861198
-8.224572733828635
-25.283332222560826
-8.365230775441166
-4.01677282900274
-4.677127127011432
-9.418844038746272
-47.78970550611986
-4.346361779454899
-4.327862636226208
-3.4112693703289554
-0.8216200350076577
-3.8250621473684463
-20.66836224447802
-4.937546762291264
-9.077009818255604
-43.04975366976387
-6.0528041507693535
-10.86841858160248
-67.81071596246962
-32.06114069920535
-9.845116027415102
-14.412943440455544
-20.598573245041123
-8.785173762557909
-9.132790906177108
-13.300140154107703
-17.60468529661515
-16.60701290144934
-6.354821631621969
-9.15976234469469
-7.358957571420574
-16.58524020924578
-17.973544872531527
-53.10147539242123
-22.305426995989095
-21.043364247993622
-3.987068937309518
-1.0504043687904987
-28.896289754025844
-6.038108138311394
-60.71454030313938
-7.0793880662800674
-5.202089757154076
-10.565848068502108
-7.245553614832684
-3.3103394925751517
-6.578850743779083
-37.04658646136763
-8.306880373161274
-19.31268616593088
-3.9094421708173557
-16.974973781882657
-3.2696973349706395
-3.961598786116217
-28.787752688693672
-14.783387839318477
-59.25913564557143
-20.48592970209269
-4.181933582830778
-25.63796211559412
-5.980829504422653
-40.081739082762695
-38.2120748825704
-2.6040813748079263
-9.020946958202224
-6.219231718636118
-31.46221646946006
-7.158691957747606
-23.81288098200028
-8.162465427209836
-9.62308109650132
-13.067122360690623
-9.580693891915127
-17.70857469954731
-5.280136029017864
-14.978841214430595
-1.5133400415102298
-12.891055232818408
-24.32727257454363
-24.716421115612984
-30.109629923258815
-6.098560959973571
-14.258611297075523
-5.8368276337299125
-8.016737701542231
-4.322667817215078
-15.732573733400377
-11.664160941420912
-17.51293130044341
-15.826342760881449
-28.61461826265474
-2.2078801720685437
-9.739746985673538
-6.711572951925304
-34.685755391524985
-6.060765704426138
-10.061149295844023
-23.510253406706322
-131.76007415995664
-5.811698612530007
-5.347664855119538
-68.83448240964574
-23.78654688679235
-11.0800570663733
-5.673351330428819
-16.459154107112532
-3.1265249250293086
-38.466589811948616
-5.192860049992252
-23.062870424973415
-2.6196735194978653
-8.23663162252827
-1.9088856835667896
-5.09113037862882
-5.862515619056788
-3.6256271184265683
-36.51485984609419
-31.935446775821013
-11.639173349833234
-5.264987042995711
-10.306478034870949
-30.912321558382505
-76.96236580065974
-6.671661989609255
-23.613252866934815
-13.52096511573004
-17.54707289667358
-3.271836477022163
-27.648423723805184
-19.92965882328614
-9.706780106369497
-17.27847161856234
-8.13180551901465
0.5505689692555775
-9.489639187317675
-17.885974640024724
-29.25986850971852
-28.704847400121288
-45.04813143419629
-20.143197753776
-11.106506581920666
-0.12230947137479597
-2.2703232948759244
-13.338091292228999
-28.269431169870472
-16.050280258805554
-28.875242898719
-12.704165896433292
0.8979672555112065
-7.839005742710549
-47.998707611006566
-17.097406095163105
-7.211626975322095
-9.410616058678063
-14.554167001660039
-5.306911913379343
-59.54654899060293
-7.55220287892879
-15.26254482959907
-3.940370277603958
-6.814674111274333
-155.83080373824367
-10.262866370947954
-23.76304086704708
-2.5346289164336495
-3.824317826687998
-18.936947652563052
-3.9967194758444884
-5.88116945725531
-12.240370886746732
-4.79353837839187
-17.44912643450154
-4.491593207147204
-6.272759913680049
-11.894993276685195
-15.227265053280496
-19.142071505424653
-4.810032938755951
-0.8539330651221287
-4.653625225446563
-5.788505148839031
-12.036492929072104
-14.312457367960173
-45.34958345899041
-20.6288286387266
-14.47943366329176
-3.819435463862912
-18.06118864895846
-13.846864230866986
-6.41659686602283
-7.116970379400399
-25.653604970423178
-13.264892304907223
-4.803266354760764
-0.03814534525980133
-11.230645631223885
-21.15432636611943
-9.228819033512758
-24.778179995816085
-5.846442114374617
-3.3452370686438235
-61.27412144415829
-28.229937368652394
-4.686596727366632
-4.661565525076538
-9.029131378596917
-2.4483401899692985
-3.3143946172482823
-31.300101366088143
-26.109382656614667
-9.013358944471452
-24.178412572326327
-18.726093908843847
-7.837999888398687
-25.006994355794365
-3.871586233473654
-19.418033324712756
-0.8825365498893055
-6.158647066666621
-14.190625992176836
-3.4639908907650003
-4.264717936537331
-1.6954168590957104
-4.593163501287507
-8.187635686524738
-3.3383238000143347
-3.4128854316513073
-17.09382879136455
-6.453133248723065
-51.57948327538942
-14.16640663556061
-28.041411846470645
-20.304702183519783
-7.409496983877719
-12.764630830445814
-13.176936654285386
-3.8168814892423995
-9.370961223481528
-25.08101125249443
-5.119201052773017
-16.357031218570487
-13.085190420836032
-6.4007805147940084
-14.382007525150039
-23.22633387157386
-1.2155139514079583
-5.754633341618318
-8.70158257338322
-7.244264492671779
-30.224982641731966
-85.73773378732075
-5.115683342389119
-3.1539347674579123
-21.55341267923904
-8.01652379527489
-10.071329548411155
-24.69202749686572
-10.020834806908269
-30.9246497953479
-9.164599580297866
-6.402267283108484
-14.160834224876929
-2.768473922926192
-16.5807320981382
-5.7261280328380195
-5.957168801111381
-14.677996036562485
-47.06998714689771
-20.18735320366253
-15.08399722631603
-46.782491481816834
-7.293587256876527
-10.475014926920887
-24.428053609857844
-4.117122711518834
-4.772966015076439
-5.634197927261602
-107.50330470254538
-4.907740188456441
-2.5709804064141237
2.2773126802171944
-23.327859793856728
-3.880419027003059
-4.808042132617797
-30.496071843434756
-19.140382257913704
-29.102565161003277
-11.156435470182062
-10.702720985643285
-5.1418046752424935
-30.553033864609088
-9.221893009904747
-53.631251744263345
-14.05918810374115
-21.586425819975336
-10.944833783793978
-18.485510225833803
-12.019493540525
-2.8989137718247195
-4.782769427535091
-11.8620109339323
-33.09746739058117
-33.17581586326423
-13.720180822482305
-7.636509864195017
-3.6711081931219933
-5.793801278759745
-17.53798124934827
-10.03729063232773
-18.32111867701373
-22.72906316489912
-6.948158714605233
-3.3053206948742804
-0.9328849156789402
-35.68862343626908
-2.8368016963584357
-10.03584084659565
-8.14931256782354
-36.65410374041513
-11.51724023643596
-3.0437243583406612
-4.027473253742522
-16.953966180854334
-6.693364886474131
-35.435110714229126
-23.572664810820807
-11.380246038620902
-12.31615110983418
-2.110635511250908
-7.318345067376693
-1.2236391954942412
-57.91030742276789
-27.45367288243289
-13.068889742317952
-3.230381304202417
-6.362474763426404
-16.26822892763323
-36.813446099039034
-6.113221057720335
-7.895431522265597
-9.767794689709786
-22.93886762032834
-1.6172930153792666
-17.670920732354265
-20.44038177360742
-14.976212500880846
-27.657973210742615
-5.5814716478855875
-21.592996414097684
-8.209021457840937
-38.761237237726064
-14.230009362838853
-17.518330844911286
-13.065911681758068
-6.627165308804859
-8.743881519455014
-6.708798241738498
-46.259952973190906
-11.733792304413724
-22.654536325275583
-29.798490722644303
-15.73793860653535
-24.09631571092934
-26.566873319812057
-4.43583731783082
-11.455873527834894
-7.133859502762391
-5.104966275098276
-12.932727156189054
-8.271206736495678
-2.5709804064141237
-7.507458249318735
-4.211764782468661
-0.17783010121480397
-12.917133779473579
-15.18493319920552
-12.125997776276575
-7.483142922009764
-29.382284834787956
-2.673311657080803
-54.883838869432346
-45.92967993340449
-36.10470144937006
-8.627741433065069
-27.590275994000294
-23.16386120398284
-15.806453238591864
-9.881313361982656
-6.386503881049451
-4.3947388063198645
-6.741850965328437
-8.508487791566594
-37.489956255124085
-16.49022487122128
-4.524433772875207
-34.480110355679166
-19.00546728222642
-1.847795374228514
-5.638814022205084
-10.854671031282333
-5.901838514775795
-6.935016684450377
-10.054675477662233
-25.336169982171768
-4.109742127936534
-54.9186942857981
-5.118521596348103
-4.7569670912504485
-13.072266028069508
-9.625709339948841
-14.449925370487714
-10.418505383574715
-26.75081812880866
-16.3021301242344
-4.395284658653143
-22.17344484668281
-8.119146469024187
-31.469813426831255
-17.890565960586397
-6.083057310780713
-2.075423114667276
-4.147737221164837
-7.659506141998565
-20.855331595260253
-27.42967607878216
-4.713268739774335
-4.503138443010277
-17.027773578408667
-10.289040021962819
-8.0214448826017
-28.07443189783977
-19.3863880222637
-17.377384625023197
-10.998438922354111
-24.159297583932652
-3.7869230579296236
-20.87585500239236
-43.929033100907226
-8.026775200864089
-3.4155862711042646
-15.356640403953085
-9.042346341201867
-13.971943190196326
-15.932102091594981
-13.361254049937898
-5.736362132015336
-31.106946207876746
-7.409589421212426
1.721505369033547
-13.943544989125614
-1.665539010877362
-12.30978080012675
-2.278162981831579
-13.224979832274405
-30.73422131264483
-2.473071199935472
-8.141766548074242
-1.2714332785275535
-6.56050154154031
-23.939175342044514
-22.59351695342496
-41.857647978649815
-27.11545327463198
-15.378425726050812
-6.896480639417616
-22.079965846522168
-16.097816618438575
-12.017936744380126
-5.674335479984585
-32.57827618677612
-22.00806742238897
-25.019209738933835
-5.496722807863846
-24.30162997420494
-4.470867036174354
-6.189821006035765
-9.281891692258435
-6.353528503526237
-21.915165217759068
-3.489941232912062
-5.8752062959491465
-2.782735816098883
-66.34914348925783
-44.47709582130795
-6.2483208799410885
-14.6161484583495
-7.953064364968522
-9.17103072724501
-28.126799823647573
-4.582879353301937
-22.230531844076374
-2.1286787783515697
-2.454808237314927
-54.15126703603641
-31.610128842215875
-5.560844880867365
-10.243952730503112
-15.250640329074395
-7.050783010623708
-15.740278809572628
-6.006246969935003
-18.408160190659935
-12.711591719056768
-30.110104865983857
-6.779848569029613
-4.733696238276377
-7.86274999429555
-7.211195278621844
-2.351937067201375
-9.155881258473327
-19.153627541979958
-13.737399035499974
-4.632740560677946
-25.93152442247049
-8.735892297430107
-6.362021584472074
-6.877748815935301
-8.637585816391464
-24.701155301831506
-5.869566923843523
-16.2638675829249
-4.369039547946937
-33.28387391164432
-5.943721643451872
-10.377410124965182
-11.014751621655742
-9.866060453115681
-5.356845156472218
-3.502276866669634
-18.184213543559032
-2.4522525660154093
-8.26871228943709
-10.164632255374794
-34.079107938389804
-10.855967217681396
-23.587374257759848
-10.789694520710373
-10.384679322554446
-5.129730030287128
-11.461988771892461
-10.190402336787471
-6.414133497870271
-15.213173381175263
-4.777553395038284
-11.464894904701099
-19.254721041174797
-23.239448501524876
-14.82449126098254
-12.349429702836824
-13.836201340010419
-23.605015533939582
-4.373642104235232
-20.634802634836483
-9.207610802490038
-17.210617848763434
-10.87097094233266
-10.901708422992277
-16.59478312461706
-6.263996597447728
-22.358299268933127
-21.659756585399432
-3.3311134837816025
-9.373952297258958
-5.725748861970047
-61.500102234911274
-5.954461323264883
-8.191375808558757
-10.209360334070189
-17.065409390425778
-9.131928874689237
-12.781756113414756
-7.8179507771689485
-31.83153804917326
-7.420704759677493
-20.837680833286974
-19.311984716103492
-83.32193060647388
-15.533096311352125
-33.33418214546134
-6.019517072599942
-23.626211311256878
-6.188587395056165
-6.596182225391461
3.7494818628935276
-9.3445973002899
-42.86151516559488
-12.291357490999017
-6.205354652870744
-2.8160339615169394
-22.917172847284608
-29.565255869203664
-3.706171855295939
-19.86476175303405
-7.030262854549985
-9.007379855215774
-11.647723653419437
-7.200835680467509
-22.686222064006287
-9.896600443969223
-6.590607726387974
-6.467474705607804
-20.895087278182025
-9.708937538024582
-22.902822062798418
-27.52592474188043
-17.79004208803458
-29.16230248757484
-13.37159491454251
-7.252789501512561
-12.957286105874013
-14.759462489428257
-11.738622022350155
-2.639150568697659
-10.421600124816244
-3.428932636384426
-36.8607780112582
-19.929500863831514
-2.030717509878596
-5.3732619433618405
-4.511876599434091
-7.517126268176726
-20.801000390061457
-4.22451440862296
-57.36088446054593
-21.425700688939255
-19.175354158926236
-8.659727260986
-12.078418070830702
-7.853963985997123
-44.291217868236174
-18.897988125095644
-18.554776322329378
-9.923346131504225
-12.95807644145669
-34.18855066453604
-6.484765561901821
-11.416927422585466
-6.614084688195972
-11.243215588138394
-19.410209109552145
-21.64835825807586
-9.761628866203404
-19.048643877334847
-5.6961597064445995
-8.041791026820727
-13.39588252119936
-32.32480144155877
-5.594958996751522
-0.5059540053789628
-25.18658780270317
-4.0089856575839855
-5.285214681092329
-1.0670942412352533
-11.444470174565499
-7.99689211392766
-16.936139454126458
-11.526878510901415
-10.720744555414937
-17.579827992312925
-1.7380282652607562
-14.624987231700988
-8.590795929047474
-16.59329268071493
-21.034487980577634
-11.040367534119806
-17.253769204943392
-29.43151620390308
-7.870072427648367
-4.432908883098259
-17.291019066636455
-29.19932540618263
-28.639261779173218
-21.499363732209936
-10.48226888458967
-11.42496674681112
-2.3419861105094384
-6.939933285216349
-15.916067149503828
-41.91531912570157
-4.872333531229224
-10.193058218014494
-11.652062978584278
-3.370451349718408
-8.342119365765916
-5.097736274808725
-21.12740945696257
-4.083225057099836
-2.659520491557476
-6.266292129772802
-9.388182741678255
-4.727789218010597
-48.1762905037643
-34.104814126521944
-39.24652266602604
-7.959603952482684
-25.696611201863064
-10.574091702927555
-12.366554694395223
-13.581694242747043
-12.024321492775034
-56.962470305907765
-32.42430501884489
-5.996043099294246
-3.4894311558651183
-8.438563286967016
-4.1529365860083285
-28.588793750751734
-8.311083141812622
-5.149898467116836
-13.472902162340738
-5.015527825541138
-7.9115975306287085
-26.926584960609006
-6.408860796646848
-4.669503871481858
-1.6893734439337253
-4.162375580827176
-0.6128490633492031
-20.757500422060424
-27.837619719011567
-5.701272620881856
-14.210496824781822
-2.9389049802316016
-17.442120767402116
-7.6902923812753095
-10.536211648776394
-8.195419404343136
-6.9794353306975
-15.374010608821301
-18.59192486808203
-8.485344827290243
-13.93357387780026
-9.858835685394261
-12.8759258077165
-9.390231571231293
-59.39480047121684
-24.67541483133731
-21.07953389345788
-18.753205024602952
-8.876684006257799
-6.410082012694964
-9.717873740989912
-5.204399239447798
-14.035347897257521
-2.7598200775245854
-55.68420515109159
-8.978916887220482
-32.82598818651483
-19.423852166407862
-6.858425811411691
-25.376719080462394
-7.581695056411609
-12.570072188386957
-27.296551808612396
-31.18523928879894
-28.728928761104978
-22.2700006315863
-6.990553887364989
-17.13396297706001
-11.054200546327516
-1.1568495544870638
-11.489658404285814
-23.31866450791862
-6.474051819513617
-12.367016396071568
-31.40242418174326
-8.229513072743806
-29.866573337498238
-7.667811488692046
-4.78235086992176
-9.349693830042986
-8.124074809018838
-6.929739203548981
-12.742392811236366
-2.703665849202677
-10.065728578418415
-8.414384937081268
-41.79122153955744
-3.651882374158828
-11.141187077249164
-7.929115779579219
-20.60332375706508
-6.499966678419802
-10.141473994439204
-15.470002184155556
-8.501876190844717
-10.21099498517204
-4.21036749742155
-18.795365171299668
-11.684933507678505
-3.3022921030966343
-6.8850365211816715
-7.768244661658961
-3.941726745004918
-1.6590856041898998
-9.01159917392417
-1.2714791996376147
-21.654971473340552
-12.90489810961208
-4.066587259103566
-4.010927112209725
-7.435796493348658
-8.062184237773799
-39.62118285919777
-31.3715965705129
-10.80016636905145
-1.9503778376984895
-40.83093733559434
-4.6191776879420425
-2.851283306959224
-15.384869048125667
-16.070707489392444
-57.216902483359235
-9.085564769001165
-5.52737382673957
-16.720672764301316
-9.714624520262
-10.127316949036834
-26.700375194357058
-57.35182680818315
-63.94563756062383
-4.26794133981297
-1.367378496915104
-11.672536598874286
-17.6245492670204
-11.686743714583246
-23.851260048108117
-16.459114333866562
-30.57024215427064
-5.39734913418862
-3.1815340232350517
-26.833254728534058
-21.84001086444875
-20.275797179334713
-5.648737080263202
-3.7828794164773667
-8.17678832361939
-19.962109931450613
-46.541746913298724
-12.183056730704925
-15.213965384851893
-18.240472192474652
-19.348847083622285
-6.634208066584316
-30.125073203834294
-10.742095946827494
-10.877726571493032
-1.4696506822946778
-21.959466847841696
-3.0185916396532217
-4.571883291504981
-24.269373249802694
-10.337166482807685
-12.164353752868116
-26.34150768124557
-12.74561909841816
-10.379369965853535
-0.6278649120687176
-13.954657817729816
-11.87351752570793
-8.064779533032167
-5.66090517558047
-14.775352493505125
-10.975368573750037
-32.51615882778247
-33.912558610360485
-11.232260811913696
-5.213607929723352
-1.7994350129569705
-27.04537002064785
-6.164804534988558
-7.35047722984434
-9.12283609629267
-16.53891297437766
-5.637551335282947
-6.880108082771555
-3.7797794235227227
-8.849616662269568
-11.736082391512113
-24.96792724561866
-10.04739292693947
-45.05517024420883
-14.001416391579234
2.2854338599172572
-5.654097757601919
-21.687312652188645
-17.917143061297185
-7.454541472643701
-11.513648112145127
-5.084026243104053
-21.868878173259436
-8.08018759784154
-7.684465637487545
-41.047569082435736
-50.185864102128356
-1.8316847903397897
-20.859960421738997
-29.240395953204395
-8.752584030634825
-18.801771247828793
-10.461541711301466
-3.8125351666024727
-6.522924575225147
-6.017395657294316
-36.96651995897311
-3.8216730780776755
-24.55987709433643
0.9035926285291022
-7.275874014821815
-2.0164182738923495
-42.36905046004113
-27.59223015825068
-11.661075605087222
-14.16468164548578
-4.581725859764298
-38.63402677748861
-17.176469486634556
-10.747092485773074
-5.941229692455814
-43.461860356315746
-16.407353624019976
-17.44141879323671
-0.27245926256259045
-4.046095357166772
-20.640451490266862
-16.322703418165048
-20.288495063925165
-1.5607069146899137
-16.695630431426977
-24.60759995634278
-31.90085546042504
-32.80586842217633
-9.925246952218739
-22.22131132649522
-33.67271238910953
-9.848697879439426
-9.051519923946236
-21.600791606272807
-29.03502542772366
-4.512241310900563
-14.999277314739683
-3.667366098055132
-28.087333121518874
-21.999247590803243
-8.480803599616566
-20.069880178918236
-3.8496289708246922
-8.090992404679527
-3.461683013829309
-0.08909485598919978
-7.019471853858052
-50.23983623182266
-2.2568614823231345
-27.97238872014464
-43.31084533120205
-8.450700469518159
-0.9606393975962185
-5.672280277110761
-15.78394953698526
-6.243360121389003
-24.144693105884354
-13.314808820809006
-9.940241022391355
-5.524389884005999
-38.712378594380525
-25.928280693029567
-6.594857703272823
-6.741052022942485
-5.7683060629656895
-12.218274567202505
-22.350348824856333
-4.363506747996223
-15.163169930533737
-39.75973335713502
-8.29714295182501
-17.13291812760556
-8.978883971893252
-16.700943576717943
-7.120720651604654
-13.50476039019231
-30.540182883470294
1.1325124641245232
-7.995437519888939
-5.493429914788631
-9.210681768261672
-22.370171481164483
-5.504895841417796
-13.87291718139154
-23.4952493076524
-16.29159366265813
-69.47810997376509
-14.454798349413586
-3.0577684985652533
-27.753610116249277
-4.836513296810619
-30.350465016083422
-5.090110232601613
-61.70132413203631
-39.554496468862666
-8.873449004538857
-8.682956316398347
-29.906457093823594
-6.009258052993874
-3.1108115538270025
-0.7567886370541586
-10.33841856649939
-5.29293752276117
-5.931921914849622
-1.9018640300015859
-8.163374168258276
-8.932946439682896
-19.115858054195133
-12.531520499009211
-13.881283929684136
-4.797294110416758
-13.632753292271877
-9.078822804034571
-9.861994319466822
-9.199350115078696
-20.08690554977481
-18.449888973760412
-27.25632725552618
-13.16760491235255
-38.13920224077367
-4.155981086299382
-18.829253711754582
-29.873899024766153
-30.252268387060035
-9.823631302021003
-10.017429058092459
-1.7912860185200608
-5.437672346607345
-11.328698127643193
-31.477428200229106
-7.5499703961475095
-41.34602182921544
-6.241297752823981
-10.49062146548098
-4.6261757259701755
-6.048122107788157
-16.592903169456623
-6.449108173036323
-31.770474458268904
-2.0441395821862813
-13.991653727342767
-13.062923402086424
-11.430965128805601
-5.101251837200275
-7.0905381507465375
-7.876734847920572
-1.79404039922609
-11.410258574153238
-6.877399707649248
-11.327149014787075
-40.323883356220634
-13.295817976649754
-5.726222856092973
-30.433420272427867
-10.19887919122924
-35.79338509072276
-8.122287271513324
-46.402387173064035
-20.119710863418454
-8.635012652733405
-12.047941555170738
-49.06470072407294
-2.6484620699816666
-7.246626372010695
-2.6149817548825296
-5.22186746019377
-52.55145310603347
-5.670704688148629
-22.536333155643366
-7.2548841994969555
-14.866656936988472
-7.45423294205372
-9.449643771270658
-13.349309034479473
-10.819202203141225
-10.578728685801421
-10.684267298895643
-58.9488799922335
-3.956313893206189
-6.611555913449917
-52.71743877773496
-16.420864596117177
-11.399465198645741
-62.73217748466206
-14.390219997137446
-11.3392669727671
-31.191769331803737
-20.475064268991765
-4.2785348361922795
-35.844840331776126
-12.29106389200406
-18.66145269874395
-4.044924550994721
-11.252200352771162
-17.803340092407403
-7.58738725819625
-9.888068807735321
-1.9639769927473758
-12.79882215640692
-10.780079497707913
-4.53690089103078
-5.892801336374297
-5.3468824501441246
-63.39281606126213
-12.594989753576511
-8.912400424712052
-25.500537705946417
-5.44518572263343
-11.186178196053229
-73.27828296730702
-7.458123405807826
-20.169719969101912
-3.614159022371324
-39.657984198369455
-15.295521052503315
-4.109318714779105
-17.520183745712174
-11.721049547293534
-3.389534756754432
-11.45861758123257
-4.750780481172036
-9.448657367189362
-12.296348166643375
-6.65251264563308
-7.742436200079913
-12.086738281627348
-6.6086782285405095
-5.889602267397211
-30.937905488196996
-17.637512933567468
-7.734697375674905
-6.594929912566356
-6.9661426778624005
-18.501389798540274
-7.508202434813328
-50.704821098729795
-14.162068729544954
-18.800861379711144
-12.16261685735348
-1.507546555615165
-7.049721422142487
-54.21325083167917
-10.425077726449823
-28.371768408232743
-14.119319109545225
-7.067374664840334
-22.150110156563912
-9.226409380553353
-5.861159842795401
-2.7237911592537425
-8.324482655832858
-8.982894682596804
-3.697464023429539
-11.511777161576664
-40.405058081662354
-10.304159738538173
-38.51863743459839
-10.232324687846505
-13.399171101553165
-18.97060326287476
-0.805286031264829
-15.97923017110013
-22.138332091605587
-14.525411033507174
-34.64510491817804
-18.39381546856731
-21.731379402331353
-20.328968551730615
-8.388029488201813
-6.408947054312369
-5.189063539070541
-8.813031345227344
-3.82161739718267
-15.418912682776861
-4.861744882572642
-13.199881661744445
-7.864908603838944
-0.5097604699860913
-16.84906501788983
-10.190217996550153
-5.205906373511837
-8.173276107282366
-8.493416531188336
-4.88144310960841
-12.97348547669929
-9.48620997479225
-45.90451957174307
-5.13821089850146
-6.167358085577022
-5.334969501885249
-5.556159844661451
-3.9276119063114012
-3.943450212483036
-23.574632044782838
-1.5603543429186837
-14.132672785059496
-9.494214578668663
-2.0721164343130773
-20.790131314272347
-14.366340685789826
-13.382051518162148
-8.54223230195087
-6.750884831584218
-7.835735323986811
-2.590842652881656
-3.7784227485051516
-9.447101805778855
-5.519580984451204
-15.197846077253942
-23.71279524220816
-2.92195903888813
-10.317361552494726
-3.8226840793636954
-6.164218581901323
-7.009114526501985
-22.918530668844717
-10.416099067793533
-13.063283937562113
-20.227608057575495
-50.95792438128334
-14.075447206436566
-8.626250511128395
-10.19737001216195
-5.243218315261206
-10.438739636399868
-5.241830127040147
-56.93642308476006
-2.980000455420861
-17.68475148288866
-8.801952395876947
-5.130536071336234
-13.59039133301357
-8.454984075352904
-3.378868150813706
-22.48310817225661
-10.590726776839778
-8.880529604479594
-10.931437400988958
-18.13852577736462
-13.36664237870915
-58.88075326479758
-12.064131162755803
-19.073729494990204
-6.664330861099252
-19.81183614552968
-11.670760273017025
-3.083556817368664
-24.127687710276703
-7.47792411843021
-8.771036308672656
-6.293113909432519
-12.218847642552106
-30.390928846815513
-4.236693679223725
-8.334677679626209
-6.51064186642543
-8.271131400309503
-15.99389185995539
-8.952404963651256
-14.984664854741325
-6.993063869325172
-2.007070769154093
-0.5814309941632728
-3.100587892992191
-3.7373233543364104
-47.323005895317664
-20.587927817894915
-10.670913173662198
-5.538873852900102
-3.639202417872555
-19.95028547485428
-10.820627794048939
-11.0409671246113
-5.8860451403738745
-3.532996992124725
-45.46694428021873
-10.481174091584373
-17.54778055013377
-5.517992788627062
-8.864918698227092
-43.49909828109032
-4.198010090410757
-13.44494185639016
-86.56941968000332
-29.943687816803074
-3.60305003398692
-6.508732151699511
-11.052660776436712
-39.059611671361
-10.971801789927307
-35.38724947833568
-19.97704846895056
-10.879784791309813
-14.115297054579493
-8.667055146570135
-5.37507993019056
-26.73588398832909
-4.183002827606104
-16.541252688346265
-43.30310746545737
-23.42053500693048
-90.36115114427156
-2.89109519086467
-38.9807752052837
-12.04370145684052
-24.784321235583615
-7.090016936637628
-6.81795813471642
-9.225652187973852
-1.5386219421721754
-4.613930668516431
-2.107826047771629
-20.65970561923374
-11.333918793055147
-5.582204765143003
-26.19263666340226
-8.020091761960522
-7.357601772721477
-2.7590928513105504
-3.7192923032263914
-13.027755558311654
-14.208482122973889
-14.699857234676191
-7.417116086067914
-10.429053031580677
-3.761144282145919
-45.085522515217185
-15.34351695349603
-4.8371965678135895
-2.2138840309484316
0.9673387075424166
-17.907046110547522
-12.999470180899674
-37.25228951886031
-7.553022627548376
-17.618667828579273
-7.895716906849026
-10.333195967659272
-65.73982584204217
-59.75104991304964
-8.441981628327019
-51.65771985057147
-31.081659372743527
-1.8100337409554652
-56.096175421151955
-2.9076955538385683
-14.701850453460949
-32.03621555843015
-13.426328390326006
-41.32050142168845
-4.355982800079219
-3.6760143327947232
-3.8682383916758143
-16.2270479767891
-22.30878683163763
-11.938594232243506
-11.457317766154702
-25.064119025363638
-8.347169337174803
-4.517626914151922
-19.991095473394047
-2.6139714174757462
-12.676821223720392
-16.401054406038494
-1.8288620009156347
-28.388677427905613
-16.093180094050336
-18.66876841798248
-3.995265598583512
-7.17559365333617
-6.52716979494287
-3.356197845014029
-24.827509619785577
-12.809621709990125
-11.928111358453169
-29.613842122966687
-7.688206849677369
-21.71466659173345
-5.810931684417772
-7.607948678574828
-19.198898300865068
-42.433127905567375
-9.56747850268253
-4.7587370906355
-29.77461153637348
-194.6073134755251
-7.332433949069296
-26.236159377886814
-2.6196735194978653
-18.235212250565365
-30.01566149820917
-16.35977326205077
-4.323960386340307
-5.544371138267279
-6.15736376881192
-29.61195759320582
-7.666104176122907
-20.93870861755387
-11.743574969207513
-46.71232384720343
-21.861345020671287
-19.049433664794197
-10.900886787332535
-8.61392222416718
-46.12365845477924
-15.381999173602889
-5.331533454326946
-31.45982101853135
-29.909396894132637
-8.989370402565022
-8.296140325974777
-3.0950321271453016
-57.73668201595743
-10.428271027486195
-23.586811866330724
-29.00842372080263
-8.07528723230518
-36.03685797334176
-12.392210318122828
-9.5397725049114
-23.317710575004416
-15.828119155392617
-5.686783023657631
-5.347268186291189
-10.2681014683932
-20.079697918536457
-4.986532846618516
-4.3075782547391865
-32.31734349445802
-13.505655530326852
-19.225216706097765
-27.85652732408173
-17.388886730848025
-70.15383804965401
-10.741362357739831
-3.174483741578927
-8.112920113184197
-16.794214597887468
-24.122445052129205
-11.74716278958786
-11.77272343381276
-22.29650443244864
-3.480902380436556
-30.4914373066602
-14.203089331099976
-6.224270489245506
-21.1051418859131
-5.756187255499886
-32.081334458344905
-7.313273165418633
-10.287758989253456
-6.094228531279267
-21.61483817273765
-1.96525619898127
-7.532764452498075
-7.009299426112608
-38.41049356684517
-22.708159164488574
-2.956698859493134
-15.693704251339733
-23.322993003486797
-10.10840312974902
-10.343697965763047
-17.646865989358968
-7.475313366980062
-7.838406848951219
-18.99725292826278
-4.197446337225569
-11.01520225040312
-8.00308094487847
-7.822642621139151
-27.708074447561035
-8.117207166543563
-35.77945947024042
-8.887755493188031
-1.608282290054963
-46.15323899500159
-8.43821739359715
-9.828379147930864
-39.77080586171756
-9.531423336281097
-1.6786292561041793
-28.76116602234552
-17.049304207386598
-8.51003279784493
-5.222099283284149
-9.350082378289674
-0.4271609311005734
-67.60692159293218
-7.451199089872367
-13.161729035889019
-27.82815133400264
-26.446090668805258
-7.124223283484317
-23.73318744687081
-5.007220776817825
-22.898819060514324
-11.99402848749753
-4.990900507573358
-8.17796510307503
-3.8131858574969906
-11.788471824703723
-9.24143964865894
-6.076113254817453
-40.09865285765516
-13.288647610846104
-5.4620210857297815
-7.7651035700604485
-23.862988864627155
-36.09841341664297
-16.95584794587318
-6.635920456311527
-43.787327054392655
-3.292631779410895
-25.93312634054702
-3.2741444717993433
-42.46477831720589
-3.84395353753971
-13.61238341516962
-4.815140467772609
-5.21422140541638
-5.96380893749499
-13.296829053870553
-6.874386811076719
-18.57757636361585
-5.952880423475352
-12.925376600769988
-10.977934337176727
-5.850216501205329
-10.485951936059546
-7.51613732433392
-9.721940423776939
-16.79207112594517
-52.241833213012974
-53.747769561058206
-36.69809770472187
-25.515519110445627
-8.82663532709446
-18.631754939855018
-5.38626966503783
-5.10611283553279
-15.666242138376026
-20.307248961501976
-15.73776009294767
-18.1608779953671
-5.196940656512253
-2.651841888683311
-8.290087786110934
-22.32387646528476
-2.37560390175099
-41.76427650219387
-17.694897727659345
-122.61864823015684
-74.43814962060478
-7.317708641156413
-3.2078278852514894
-8.434261230390167
-6.051539510512476
-7.410120584945846
-9.627153143957079
-22.423058251647433
-26.257037597772605
-25.599956934908924
-25.02971258953963
-2.7822013968955734
-16.218681278243313
-25.16486150246172
-8.905729891219913
-10.341657730870867
-14.542217043730227
-5.255207761079492
-0.9794962453919573
-9.395190964513551
-11.621179484207776
-24.629680195533847
-16.57008859416632
-14.772348238839577
-9.733095409816052
-2.723556304135674
-8.046119027333047
-6.197798483833943
-5.832667862166789
-29.524326311429103
-70.33621743690193
-2.91687373562506
-11.582916296625436
-14.254421135378282
-17.510775392241133
-2.741883405051638
-3.079439620633544
-3.2446081946881304
-16.076221659218348
-22.84082719292864
-16.110593746892764
-8.816015520335062
-27.710359140905666
-5.477762487823566
-14.165775653787653
-6.771880609550076
-10.387123115852981
-23.512713680705414
-30.92792210438769
-3.708821859249893
-7.459755329456399
-28.72309887448227
-22.047218027550937
-10.938349548024657
-10.349236718974879
-7.473696408940363
-5.955653517862639
-3.878700534712641
-9.944789710351396
-1.9387088534492094
-16.240142856039125
-3.1290702124996383
-10.444925103486634
-15.864553541609423
-3.5926292980837293
-28.166067520673064
-0.7777408561586071
-2.1432177920746764
-18.18251071029351
-3.5135267189871118
-5.5266718593544635
-7.789624687914263
-3.119209996416436
-14.48252885737122
-5.164741800994128
-4.203948178641334
-6.135336775436088
-3.787217346948116
-7.201446156452976
-6.379146372831075
-3.0891476132223836
-5.727023722445284
-19.82805497894223
-1.7317271702704788
-7.0151144567665
-28.10153923107
-6.6163240693714895
-1.4989924817978957
-3.957905283920829
-20.622065427959086
-4.495743864904594
-1.8792965544214326
-18.135672436458755
-27.44962401827234
-8.466121428528075
-20.36836806188018
-2.3053166630797794
-3.3105383082139572
-19.750177116260982
-10.794793940086386
-23.80291424034426
-55.03464590242717
-6.593526613590922
-21.67969791654658
-2.8832206253282338
-11.42658666797799
-9.862466538978937
-27.11991629558472
-8.339838060860867
-5.8619766177895265
-7.301657680417658
-7.168618239070191
-7.420789801507137
-21.1171823430083
-10.258527317670021
-5.27041809096602
-21.96081554433101
-4.978205108237338
-14.131466973826534
-15.164564574635987
-24.384869891787087
-4.751311467917357
-8.330814773197682
-3.9197842335831123
-9.238741302382747
-5.198606979859892
-22.512907102490065
-7.8840521637502485
-1.6200412204638583
-83.95715121519405
-3.166137558142578
-12.076218674306283
-16.88583143619226
-5.293130117831883
-26.15680242948785
-16.77394699296787
-38.14762715345955
-14.466797764529222
-3.145553552433656
-2.4714158180976686
-10.771145533552476
-12.341077745749889
-21.069524560676292
-8.229022414011842
-19.209130054915526
-41.49324527282097
-3.67239936547845
-10.768908385976644
-4.080352959469365
-6.9987539430265135
-10.77100097395421
-111.83840737664089
-18.30629420870709
-4.791981760467352
0.23878539415845737
-9.59495126504898
-15.22191380743967
-12.657194751654142
-7.900433679264981
-7.175936438144888
-12.684505702757239
-21.311607835432188
-22.36734894011806
-10.733654880783828
-3.575404910515277
-10.48166985675979
-5.3549705622928885
-18.47527534707758
-59.80937546941054
-7.931288077271391
-54.594072534937375
-7.77490885076571
-2.423623516452181
-19.293575633770935
-54.61809718245745
-97.20268857275002
-14.993544995722281
-38.78760579145777
-1.834154580058447
-6.053444669264855
-10.731313741865904
-13.0934472971858
-4.601747300226824
-8.75541956978767
-4.971365277457575
-21.207063286542148
-5.1448958656296115
-3.5567487719077264
-6.561106738726004
-9.260950330254458
-27.526466960551026
-2.5579191006603192
-19.64871975237024
-11.639706511738623
-25.649516784946
-12.190567548540212
-10.381014652603307
-12.639299739684246
-6.2609327044774545
-28.269547918788952
-6.298223819038367
-3.762392688361881
-7.1934592289760175
-6.896745008947384
-15.863427879761533
-8.560584621203565
-5.084535082949414
-4.355083796085382
-27.04976104143588
-5.622939728581402
-7.796352098572942
-17.12239336681449
-34.2910809092796
-3.350923969851526
-9.482129415483328
-6.84563208574813
-7.565525470695814
-12.183719105143597
-33.60857984522778
-16.732744069839082
-20.024516101557793
-23.148424456663488
-6.324098198246282
-2.933840435939182
-2.403141410999904
-7.7605542150516085
-4.683909520075147
-9.616537973972894
-6.023743104308427
-23.27973189508995
-14.40080099384116
-12.28988199082633
-1.1775148009424612
-7.116284244328633
-17.657783847987307
-35.17231572126686
-8.346033468167597
-10.218538426478304
-37.20369326687018
-13.447298955460509
-5.652925193788465
-3.7384929789707084
-13.865568486730565
-12.425511636493635
-3.019786819220137
-17.957633992989027
-23.168895536048108
-24.200479490827558
-29.82436398341294
-8.99888288525016
-18.67786558437878
-8.415152406451654
-56.885911071394
-5.296100651784366
-4.07388708609013
-8.23740363058271
-86.32413320936374
-8.777005918819064
-9.099524675871251
-26.926200281955172
-6.004007219058106
-6.425164195518883
-10.886340538592254
-12.827157643689553
-28.3710660808712
-8.212126757836309
-7.752733883279444
-14.086165239986347
-17.711501889916505
-12.928177720230332
-14.715415931700768
-41.19116328208293
-22.829436386222394
-75.57463862543277
-20.10783614040113
-7.029274316905239
-4.934571569010963
-55.194595754945496
-24.925130312925827
-18.723023752522217
-13.44826113519961
-12.429989674338806
-4.260704884678121
-8.678851402307526
-5.687525617391057
-14.451391346611876
-12.166483968562453
-1.5317432804554953
-15.460442770101738
-10.556722654570214
-16.379017407238948
-3.1255065920799656
-16.889280229076427
-2.4775872311138945
-19.67428683794688
-19.360268754622886
-21.052895669073724
-9.020032697043249
-9.425688173860287
-13.41681774770777
-9.89887724790677
-15.11814319522074
-32.586355923246536
-41.51392207690007
-17.344790247400844
-21.226081894467338
-11.68931728003186
-9.95338560691831
-11.385847595407308
-8.9819472033557
-50.370554818155284
-10.205535550297355
-22.749694307414856
-6.224063232720356
-4.9073807779343435
-11.070920550202029
-26.95454171818201
-8.846820721430108
-47.35920655660483
-15.655255047610897
-15.869360919381373
-19.69338181605023
-22.27947398268351
-27.12805221945002
-27.926161940345015
-4.262149822096803
-36.4188446367768
-12.132231062473524
-8.367068451008082
-7.092930059989049
-38.02955867370255
-13.54199716505397
-79.3301240687119
-3.860437149730726
-17.002016186871508
-3.8873557147542654
-29.088791154882095
-13.148856386874506
-12.002315640316397
-21.77186015219985
-10.625601851041274
-10.034141296732798
-157.15105850587443
-19.157895895857887
-1.8682244448288852
-3.8200494035126047
-27.416066496389536
-4.348720349495674
-6.605873448945047
-28.95833415808172
-15.376330567272046
-4.691330129182015
-29.035235577705357
-82.66559802537242
-5.037625417839209
-13.686022288336973
-9.990064325248111
-6.446714367463533
-4.995072336136231
-5.379660019015429
-22.455393485380203
-9.845621439192975
-18.296888284469347
-3.7098173065956948
-17.489766951993044
-4.8018862911151095
-17.46240563639088
-10.143272095159807
-22.291224879588757
-8.670758877610966
-5.944708794150569
-32.996112475033904
-8.314862270958074
-18.684981667497638
-3.0311931365623215
-8.831765932774562
-22.26537787460847
-29.667012040446085
-6.342607857601627
-5.418015167748771
-5.250568767730782
-4.710684019225754
-15.421405537277504
-7.296740932058057
-293.3911243808555
-23.162116559655175
-5.644491582107961
-5.092730505376556
-14.44741615133301
-10.61402069538088
-4.790606185720671
-5.953749374053887
-0.6838872058953114
-5.99219970814157
-8.732087686907482
-46.235411887954854
-4.650043112982397
-13.92576755851125
-21.659129776317993
-3.477538633242785
-1.1865150308645587
-0.3240648606081478
-45.919768891260965
-8.153773400925585
-19.983151422327705
-10.788369221904375
-30.53953843088609
-60.05703601894133
-6.286958313798096
2.9600514386150727
-10.703517831066955
-2.256832554549986
-11.874120851902841
-5.785849658848074
-2.5143177341117804
-36.855541898358204
-5.639880880224106
-40.8033025158185
-104.27445319529802
-19.042138972968747
-32.06756800688987
-5.204648098975219
-4.237627759246468
-14.366122325332311
-57.05349211708292
-4.01677282900274
-55.45889801318969
-14.752887071643329
-11.173611364900067
-7.350334452377493
-10.390926613343666
-8.013254997221875
0.9509400714489006
-6.036966559360789
-49.061388553503306
-13.928096644107068
-15.8001486730141
-60.22893766281194
-28.006317880573743
-12.366037927772819
-45.46523209906354
-11.604588198093188
-20.29999046336955
-48.66318699129791
-7.845573932282126
-5.726381969039928
-6.008294722402672
-3.9617135996896264
-3.39220558591377
-14.161452444086434
-23.784345375293015
-23.58326422313244
-9.619157832502141
-5.577343378979609
-6.691219785541155
-5.747805922372239
-7.72199470333947
-9.348014587493298
-3.0032662090835367
-14.993426686698767
-10.77406783240746
-17.370185452038243
-9.320657016981233
-7.193635315376356
-13.125492932977874
-3.4910548363139084
-20.50074039722895
-4.495052302932431
-8.490029136801201
-4.191606582321986
-25.50223393304067
-11.45073666223448
-28.082860942721332
-42.28407067205483
-15.812284751699254
-13.568742586462587
-21.298078616569963
-14.656668314996743
-12.205430530062369
-2.3614157557139017
-8.079940945560303
-10.639988886666513
-29.955938328038016
-42.199181387866446
-15.480692080467737
-4.59202461959998
-11.8987874083078
-2.7673329408033496
-13.603886870423763
-3.5526235550003524
-4.9135638949210225
-12.436111780104982
-11.259413635828498
-10.685295776896883
-1.761765561075969
-15.713479166289812
-10.061895090583777
-7.45802221363919
-3.5314003383297887
-24.67730353057157
-14.53270131845645
-8.858294179617367
-2.995870909091028
-13.622731813239096
-6.298631141238982
-7.039030005616635
-2.3705637176567644
-6.957790944465959
-15.467819677255749
-4.414933628478725
-31.169797628190278
-38.01473907503576
-8.51732320907926
-18.913164301567868
-5.012637253802738
-12.476404083722509
-18.160588084474504
-17.382265240292963
-41.772447948310436
-50.43764705092385
-40.3825589973924
-23.602807907900715
-27.472939249574605
-8.861990938364496
-4.516857542284011
-11.16490748995016
-11.200300368637695
-5.065076027277676
-14.378491143540723
-7.0014635068378865
-16.750453216419924
-14.852543217129698
-6.48785529250121
-13.34670536226882
-4.992053521736831
-15.510934049572045
-10.876258916820516
-10.674132318153898
-4.658628772911798
-9.269159491531738
-12.212831094485686
-4.5901539152561845
-72.65103405769202
-10.984485194527906
-25.071459240962866
-1.746787071658428
-7.811074195311998
-10.711520393582475
-39.73395525065319
-22.534290140294196
-3.34849089915054
-27.430766899729434
-58.334553283952076
-20.910973344053662
-12.59270773616914
-13.989603598193142
-30.96349243226843
-14.869510138079972
-25.95765101904209
-18.607145288586974
-13.685918486381773
-1.490873891392707
-5.1093094404534325
-25.995430716806197
-21.424115039270703
-8.648833855590443
-17.238708845475017
-54.73765729657676
-6.132120120996877
-75.76767773118145
-23.345437442522964
-16.788150797983327
-9.513780110294329
-6.020631294802805
-37.16557830121033
-9.99175882029637
-9.910234408834476
-35.67401920745438
-12.04150109303207
-13.425554520783548
-7.8196623176255615
-17.181225388127142
-6.979404578876269
-5.182436254810141
-11.792349414699828
-5.205026513547291
-29.544835693573024
-8.0981454882655
-8.077757340368047
-6.3330294149924695
-5.116317325966107
-13.99671686618396
-2.552358302989877
-13.26124580500792
-3.5537203365687176
-8.339820072302569
-13.646597554053686
-9.048976845829102
-3.6318623487352766
-3.61539565484266
-15.432754499639355
-10.33499369841117
-15.100102951231916
-4.269316996790188
-5.081297449076877
-11.65349477597236
-2.943939891215758
-21.411089752592844
-5.088692671738214
-3.5876078939735354
-2.6692011075859967
-3.7252159200513715
-8.90268601337574
-3.1132588310893734
-27.131417310299806
-10.141921607394627
-4.766732511028163
-4.2818908786749645
-56.33940089527892
-6.039173214177442
-15.897338819670793
-16.81072081607719
-9.65581547422387
-6.576248518347763
-15.956668533281183
-4.382839035551392
0.8096085871105273
-8.478497108144571
-41.97230497519673
-22.467254900664685
-6.047600398324403
-4.4188768611529206
-19.17100286615688
-10.939119255605966
-7.114436729233789
-4.7112653911881655
-16.541386789057892
-17.127931219640548
-10.359784278265055
-8.186056252538652
-12.79534732079903
-3.9120020828992517
-10.164084854846246
-20.31125157992954
-0.16458307516305554
-10.974079738608129
-30.87147248938143
-12.619644656098126
-2.466913428642534
-26.34808839471847
2.026444727031676
-13.6520258348572
-21.68938590375822
-18.554237769524445
-4.604731132114461
-1.9387088534492094
-5.351717718227303
-8.376681465795246
-5.29102213858317
-10.945204397117632
-23.77955189994815
-26.854237864795962
-6.08020479755594
-12.370847504438276
-3.6001970178311375
-12.334266828477231
-5.012889113509302
-9.251130250099292
-8.126784106933485
-53.606370999234684
-11.493236246307344
-36.007664428782356
-20.686504378591525
-19.840322140421577
-20.072068196042324
-54.78062130192264
-7.430526421472093
-13.587115352708574
-5.781751381451196
-2.1645844467970687
-16.612910035068804
-17.210976635398932
-5.720217297961211
-2.345210882113339
-19.241728807690123
-13.269327084338924
-17.559587806356543
-11.412578854377918
-9.620521028873325
-11.760139255601677
-16.18159309045164
-24.29290326355441
-13.532217313363773
-11.15877215796512
-4.80370857126709
-32.20348700495419
-9.92408334508861
-7.8937984421763145
-11.346894723617295
-31.548812334047962
-27.787671461290667
-5.423033688521683
-51.83471008194428
-19.992678291717585
-13.79206726016876
-12.957291336240276
-15.14818201401846
-1.9691749814158022
-29.511647082073885
-7.202395006194116
-32.82016782220285
-30.811490565560025
-20.240293293680537
-19.119982146069276
-17.0116025518028
-10.34048602333928
-6.604159314058534
-9.759762504614951
-7.225242460060685
-19.575512437652037
-4.597741199434913
-15.272378499644542
-23.497357734470327
-11.97431146436581
-3.6737335780851477
-5.292938403423924
-19.747575672458996
-8.871363299388696
-29.704982662669394
-12.008745399853405
-15.06324626599107
-13.997933356806639
-14.65699764960202
-0.7056502601253912
-28.964939288553342
-9.873701647910748
-4.73283119240286
-8.050511352100878
-37.2759939970433
-28.814724118109126
-10.98450925111683
-8.932241980359485
-3.8587023857390266
-18.379752409303663
-14.937121654164578
-12.042066330558143
-6.75984466445495
-10.738821165335963
-12.538575801203837
-2.1795731297830305
-36.56573872569464
-63.4523217940469
-5.508622084787706
-20.516616149804157
-23.471334099354177
-2.2516850007392026
-20.044451142900336
-8.581560739193455
-4.4750438809376805
-8.902417072306251
-5.648832294001789
-14.370221510640134
-5.356590998544704
-3.1091185986080903
-45.57571111435819
-12.492254816043857
-18.350247417622676
-69.24363376723596
-31.57410584986106
-7.430327039480468
-9.636551634294248
-18.846506989489477
-8.724538618337954
-3.2501053068491643
-24.590390275072963
-8.585015539671193
-11.262430296843485
-12.27759632402762
-56.07094254414612
-18.116708265550837
-13.505621146975528
-12.036610952459792
-36.01367844343071
-7.2050785986826
-17.021187251059843
-3.5399287088047062
-4.008798965099446
-0.9419930373436305
-2.8944157276957534
-14.417144076485268
-9.172651024988987
-8.42149742790856
-10.528247241840656
-24.313243429850864
-10.42339054078915
-30.533386067171747
-3.066216233803708
-20.352365047795715
-15.046926396916154
-20.913686979869
-18.877984264656735
-11.16192147352824
-5.461491857495841
-23.48461776446549
-8.978930540678068
-10.357932131965358
-29.696120758038898
-4.335466018388574
-9.982863746488503
-6.091341498578603
-12.634642251954768
-12.053553156220588
-8.096242060143291
-4.500177263119961
-11.099674017539533
-7.488382560341161
-14.540882707935877
-18.02238037992152
-4.3667779216416305
-7.559932482442245
-4.278271708930487
-9.15845593836535
-7.591417219857916
-28.072705285691846
-5.708948626600932
-3.4354963127781892
-10.215993890482764
-15.076425747594834
-0.3914807899941338
-12.661139022830499
-6.941905947943518
-7.62282163919817
-8.182886526810343
-12.133081514761876
-24.852363516006218
-6.764926409625597
-5.076088942269808
-5.149077402910488
-9.624334922617967
-9.321382607198334
-8.143903390529177
-5.849834430290643
-47.7565421819778
-39.4266723807647
-6.316223920379748
-17.494967776860886
-11.50108962328037
-22.88518726260737
-36.97471516747985
-10.904220196904703
-13.031765312423843
-12.289808395519113
-11.429385040592267
-19.316824629585156
-14.068841478156207
-16.162703534703194
-27.003320932094077
-3.686298691173766
-29.98542276040554
-8.906573244929374
-12.32206680224049
-13.753055887993577
-31.612986915356508
-8.69412630500514
-0.24692844902574265
-13.62872473129629
-27.373117954622813
-17.759742493352793
-34.59413171146981
-7.088219100886711
-11.079620422957799
-25.683017520143455
-32.86685268390304
-22.579674050411086
-13.535857134794295
-4.896492690599261
-0.1620228752355387
-5.971428977450039
-62.0577484434499
-2.705733513183928
-8.12877294851682
-14.37035068052216
-2.125082067078491
-14.301917851452899
-16.134786938936884
-28.389056462279267
-13.6798581657767
-4.9659268773726915
-15.723609084072615
-8.602646404821204
-26.0805908906165
-2.466426133023362
-2.8252863609711794
-2.9638563795433814
-6.245747019880767
-16.917067491838452
-18.11274254256155
-27.161737330923078
-33.07045692351481
-15.8682497183606
-27.379140031047868
-68.87234749529733
-3.336778216726582
-8.63200267046787
-15.915068552100823
-5.777625445378303
-2.989738655393553
-33.83655718828452
-15.568774924068768
-27.787015020750133
-28.32591061895885
-1.307798688284975
-28.846338400373977
-5.435376691151972
-10.595755023731936
-1.4563544981109773
-9.78607274707947
-57.09910979697268
-11.784963860789064
-13.432187724138961
-55.361759527937416
-18.484508087919167
-2.506205163819034
-9.82888570903196
-41.674136973602636
-15.513774843265447
-31.473108831026455
-1.6553166819982843
-9.431981032841861
-14.30202800288005
-12.660733095854997
-46.23122385134623
-12.314929317742722
-19.157206701861497
-6.999758520230991
-1.2553146855317188
-5.927352237510466
-136.50474522729914
-21.465653845183606
-23.217637418298818
-1.7271982158203103
-45.155819582198596
-8.716205363714476
-2.571190906503552
-25.35911114236848
-6.143087124857973
-54.86577511858009
-20.190928390204608
-7.303032755217042
-2.7275698300974374
-10.695678933658755
-4.574715777400493
-4.900344783950934
-20.4859899024874
-27.02995284489191
-12.653726794920686
-32.343690449353005
-12.387041052249431
-5.864168149393229
-3.5711696366614536
-8.79295623183033
-6.133483928229117
-17.234844920734854
-154.96188207547533
-11.816363079215703
-4.019424634639313
-28.765489150177856
-5.349845617688731
-11.760393904047081
-40.851191579468576
-11.634256292681062
-22.98660595462311
-4.768245170636353
-6.431909732868279
-9.404067022642943
-15.26393523057869
-6.991495463925282
-77.9382537643424
-18.904827623189526
-3.1286167947539294
-47.74481753194918
-7.042140252340125
-10.908952232709893
-11.16482290439717
-4.527005040823134
-8.964670551748368
-17.29171797945653
-20.252440567184316
-25.938814385775242
-10.451887414183759
-38.11041030711934
-5.502287748751247
-2.5908888046436167
-6.3953266298225735
-8.12696230750542
-30.185633514267945
-7.736043357363732
-16.632259905206173
-10.001720059585132
-23.318939540062043
-14.673292009556327
-5.85090814157891
-6.3467183156203495
-47.43379383463529
-2.8512999153322482
-25.653903846296142
-7.563965716418394
-7.019825034186897
-3.578683444326764
-5.27693091609945
-1.8866770363391243
-25.856737697996216
-3.3810602673882935
-11.303448554709524
-38.11879963510054
-5.791563017137712
-7.615050587473913
-5.279047073664022
-7.511486153729749
-6.386464010914742
-24.0998505845108
0.12006461560152715
-17.57220287007112
-26.55959202138434
-56.917630819006185
-18.23017864479855
-9.251618145079535
-1.1990483897034985
-14.720980363681926
-61.53794678671455
-17.149677309301563
-6.042418399354423
-8.261664647340153
-20.734226153456166
-12.189141469442674
-8.238205081816256
-4.149411784982192
-0.8264339692423469
-3.1456845941671334
-18.36619169672692
-1.6121532026275025
-34.37430607387207
-1.9301753336499614
-6.7321209386458385
-13.164865055548686
-6.254401659323296
-14.203039797064363
-3.4635023777272895
-3.4135992652430525
-27.428151761434695
-26.124953123635763
-5.796064237495706
-79.00756635065474
-4.823461899762361
-4.405728443136712
-10.823861981648005
-29.333937905418527
-26.587214403272768
-12.765530138066561
-10.323103434361359
-12.21641379069702
-8.6439234375505
-4.213587069191816
-12.130438173965478
-24.640799975355225
-4.533849717901759
-4.3425481960061285
-7.174762018453075
-8.485793946697486
-4.0554331893963
-17.314007174642956
-23.169491828836797
-6.608090838778456
-1.355185223676317
-25.282988867148635
-40.925918111575015
-17.744277044874718
-3.6359586948973295
-35.2704998046745
-4.78933726057086
-23.756680423123257
-6.847106242281919
-2.3817002127690534
-18.0584831455009
-9.519252362525096
-3.1576462759149324
-14.800446578522084
-7.243303741530685
-16.82844232947874
-6.135928760340011
-17.330572187287974
-69.13943809618289
-67.24193120542728
-44.22117416823652
-0.04387917884905247
-6.750672764540302
-17.098351732110906
-3.4172269399858792
-11.868436652974697
-11.53810094692114
-6.24967000995307
-6.41555314161616
-32.38918904978743
-12.207526887521004
-22.17597780590373
-5.43928983952561
-10.987370998583817
-59.339119940223505
-8.130358338285633
-1.6258925513212998
-5.497107635587915
-5.483456382296319
-8.918153270621989
-0.4473993926843701
-20.16738217122876
-12.570141048735406
-19.06494450156995
-9.018169488864578
-7.909693749158209
-7.249582098842261
-9.026241974856372
-5.508993574765382
-64.66898236142413
-5.077960593617958
-19.506986240733767
-14.712873010847494
-47.9347591207278
-9.335145497123698
-11.394881031255602
-116.20376808718052
-24.531708039686848
-16.231784465281468
-6.905836361883434
-6.036247901629982
-22.789348118699678
-5.167833270261754
-35.714964104984055
-6.86852685920155
-27.373340484209766
-5.071290665087155
-20.927444320526433
-6.163770944095841
-24.16061278603973
-5.795815171865475
-58.81755344369065
-9.99784141775567
-28.129156054448632
-14.931512475222041
-39.09727046747749
-3.387798011034979
-3.8568536570189633
-6.392501828030517
-50.97292471158276
-7.441746685927846
-23.162069714792935
-13.005533799782434
-7.276463217547528
-7.966660720410252
-24.589961407725376
-13.371488149812219
-6.844893474511824
-3.162036736218999
-12.078401260461437
-11.613511455701982
-8.095037607503741
-13.313585603509484
-26.813850311298346
-22.323265973746967
-93.88385331266801
-4.053074724103806
-16.49599793342477
-22.328356907258758
-17.421669436615137
-9.212619536842615
-21.8549613759634
-20.17160354533318
-7.302654036605671
-24.121847252541528
-33.36946244003143
-10.159688994129844
-12.473388391349214
-9.589361168518986
-15.427392979835695
-14.67208697333238
-20.32035118773661
-12.253158187758645
-6.6941390643435765
-3.8198820198904944
-4.712871398492031
-8.573330148151172
-4.8837395670448
-58.76049657530444
-24.743093521471696
-18.653541481968595
-5.860784800499855
-62.38413805042687
-5.0784177491412335
-17.065859314124726
-15.662715486307073
-3.251195334309681
-8.247331498063556
-16.064314768583646
-45.388049874751125
-38.09839160725942
-8.714302941276994
-3.7535169112055335
-37.26406207777288
-8.243250899193232
-3.8474711454054336
-28.752805285485632
-12.130193049530416
-9.95149075821944
-2.8059159726505456
-5.732630518420528
-18.912312602915588
-8.177830153359796
-19.765297477712863
-14.131474310751743
-6.20110708942475
-41.51025201484581
-4.905919364200252
-55.62810375744329
-12.83655312592871
-8.014456132077026
-7.817576441515225
-21.016153723929335
-30.68607621566506
-17.832663371677814
-5.083228585652723
-25.992484044087437
-28.443234847731315
-11.15441788775034
-15.831404161116646
-5.638079145142756
-4.705622871673549
-11.344570526016135
-12.252167371178993
-32.19606370639346
-80.98667453868683
-2.623313901568839
-6.024056531969128
-6.992758394139097
-11.944082043160655
-5.180273625555405
-18.457474194543902
-9.052889562902617
-14.485267951043049
-8.601100617952483
-20.453604850442535
-13.19183259255559
-21.813839495719396
-6.7753923007930545
-11.635591683342076
-7.348111805393971
-8.353693373281146
-19.05875807059674
-29.443860255193382
-13.209543024600668
-25.57840104355621
-19.653738130314082
-25.724310747110163
-34.4431584262559
-25.566149426034855
-3.359042663396574
-6.163369688426974
-15.96336558186899
-5.278515845768907
-3.8993397774064267
-9.04530612270025
-15.051339674045234
-31.049876039146756
-15.413784051353778
-2.8645516821332655
-8.175414633529002
-11.427397737143831
-7.500207907051256
-2.5905186311264323
-7.993792595099452
-33.27416225744857
-6.357885222796188
-4.811113432798402
-23.584688584436893
-7.875316915568893
-6.670080268800937
-12.585636692088302
-2.2566319815190656
-10.794317260287428
-8.045476076468983
-43.90571260109724
-10.497931522429774
-5.177181925690357
-9.158530125887118
-15.62065508832172
-6.0870562667257335
-4.849114793282132
-20.931580886855667
-18.17285426146599
-18.52118526152202
-11.59865533955704
-49.02797697417298
-4.956311281327342
-4.553236958998019
-22.280422878816534
-14.028974560005308
-17.963280411483534
-1.4127376446590174
-26.17176783341147
-0.630125890743018
-9.04578836806987
-3.7441850291035665
-6.601831529833963
-13.669296011986933
-10.47455346162032
-7.6735937494960735
-9.684349689427226
-22.062482842774735
-21.041280191655613
-1.6647371719152728
-12.482010830911884
-25.426816125721892
-7.231991476707303
-47.54622878665709
-6.558604704670809
-38.39377936600474
-64.1875813230154
-5.571943801866076
-7.577348324169281
-80.6116311135436
-5.503494804533441
-27.40154522583201
-63.23590492224331
-14.848616036033967
-5.98465462385811
-2.5253306938831614
-9.13124905358965
-2.7065276475018107
-4.840289249390001
-10.351952857032945
-13.340219159980368
-55.158546560842645
-30.4258487344442
-12.185946145315336
-25.04528835363317
-4.387969079767254
-2.2179737382727587
-8.281829765450656
-10.937364850374925
-13.207490790633402
-17.681952160546626
-4.409495237074984
-15.979110681119023
-23.617179390187072
-6.9254149094873725
-24.262193782151495
-1.2497718765063321
-7.108263050019884
-25.64410419621614
-7.916172789510079
-21.69520359969266
-7.30835232266151
-22.61843751747667
-12.650110713889486
-23.307832307006908
-5.778742908803569
-9.73521583049436
-10.167708793702793
-8.814861158486304
-37.12804891259416
-26.740815807845205
-8.14827193082095
-3.516418784940515
-2.955772169961403
-45.44099742247341
-105.29389899047852
-22.89670341853327
-27.589242607955665
-12.763082338540302
-15.827072276864172
-16.80195050818119
-38.871902721043135
-22.854292756222595
-4.15186001199034
-10.642549630006307
-44.8945681834395
-6.50251013706766
-6.765712257866447
-22.285023081033348
-34.81553578334449
-22.376681125022778
-3.249830375138375
-24.306378615884444
-3.0516073232920697
-0.8315715177449565
-27.407962229033703
-31.498603391134875
-7.633211590899355
-21.958231307974994
-10.857662312754798
-4.769452442568886
-12.085237584791361
-8.046275418042068
-6.11715066356724
-3.220587411998698
-10.400299198475597
-5.959503017132837
-20.294462238225663
-27.801578093689244
-3.619321298831668
-2.856644081381455
-16.68341333956729
-4.006847000606788
-2.1250537826838967
-40.21563639240273
-9.543361496048119
-10.803601037153367
-16.544779775331538
-5.014888222525355
-11.094987152620998
-13.109119719649513
-11.019739932389745
-35.489804859901604
-13.705496912698575
-3.2933036013664725
-6.4006834253202305
-6.2552836472765145
-14.665016515299229
-5.694824962190803
-27.247992745974692
-34.13106798180677
-8.989699037097163
-7.464042755141845
-4.0195384947280415
-11.588921268826446
-27.6663053872522
-44.21661643661999
-5.348376215228462
-22.63223335113297
-24.237790936431175
-25.145313353315153
-5.378554782162774
-11.533985149472926
-30.937528723167
-4.755079633343211
-6.439320054426336
-6.232044708827435
-3.7671099381218465
-0.9108228933663318
-8.480502403940834
-13.598570583202937
-2.946789105050618
-10.810839307162631
-8.533899117422651
-1.3647480951232216
-22.56747044714095
-5.40811955172191
-16.91714706695488
-3.5354553252165233
-15.72731932595047
-21.723302363557902
-5.716427022456547
-5.955123887644821
-9.166012939967656
-12.372348516124013
-39.650859956252404
0.2805664885311604
-4.33067615924407
-6.332269239460225
-17.35153721346312
-8.284985739733584
-16.308035426143913
-4.51324529360805
-5.091394987561037
-16.679022765305074
-15.82888560710953
-25.019626702002995
-28.681376730519354
-8.23264907875412
-3.009238348724126
-10.838629334765798
-8.556728883657648
-36.506625315318
-28.59127812320946
-10.946887634736477
-5.117668302341357
-4.861438968426681
-5.192791499048166
-14.495136853527837
-4.103525112613106
-16.947528033515116
-4.765467006302903
-73.17971644474962
-17.422095366592508
-7.922134623793343
-37.68604610745505
-9.806382180320096
-1.55752367981733
-2.5995081702310876
-5.37132170699851
-3.2710580695111293
-23.036284393693496
-31.62046071138136
-4.179156943635541
-3.3646800383957984
-5.990098969521274
-5.1419608128282475
-8.346066933199763
-6.561050059202851
-24.900200187133976
-5.13777510634481
-5.2196029727405815
-11.063015126463574
-7.829749391674463
-3.867517741062993
-5.240368146711107
-35.28144843427451
-1.3299878912221452
-4.204248945027949
-1.1540484109794686
-20.10351777854787
-57.168901025542134
-8.988284138321651
-16.569747334408437
-7.347240384163145
-8.547826889832766
-16.018413672941556
-16.25858066702195
-11.578645639301984
-6.947731260939776
-21.151171649325494
-7.6400411948716815
-6.033982676152727
-5.730585210357999
-4.453154620306904
-7.157713507762215
-13.37573173417357
-9.549249443273352
-12.955361072223429
-14.735945643712169
-20.47535738673818
-7.608109459549026
-3.335557540478689
-6.343052029176444
-9.34347576195062
-5.687626021669587
-5.150315392930893
-11.044835488551824
-6.499020263406861
-5.128664449573199
-17.05753740938515
-4.854826865538797
-12.999083089931117
-22.46424441456912
-21.117658536498098
-19.832959140832738
-9.219799156863173
-17.901398231816582
-3.3569604242522084
-13.092181281083393
-3.482612994189241
-14.795511728146776
-6.7821937225244495
-11.214431211692002
-12.129770884172594
-9.491552545413988
-3.572015267681811
-16.87484235213393
-4.332614959831388
-3.2528706562558294
-37.49598635334306
-4.55467255519916
-19.404118205549267
-10.871348381369083
-6.120562070812553
-4.9906766653747
-4.2856163374713505
-10.496603831663325
-2.6569572251760105
-75.28912929182493
-9.643302937974372
-10.043478399191015
-26.83571191478776
-12.924664553759367
-15.764842255789366
-18.077635906136262
-5.631502753620697
-4.047040316854505
-7.143108368729285
-12.226357325300288
-13.164149329663827
-34.29941511179473
-88.26346833741984
-3.598997927264494
-5.871702781398103
-16.007329322548234
-8.865247215629168
-52.61876235616796
-4.832827182302506
-81.95289309312226
-28.04400869802385
-1.9955015125366722
-16.530865836578073
-5.949256346415001
-8.248548803978613
-40.211432553856206
-11.94123606999004
-5.571133131850433
-27.172516538742354
-40.7429279229338
-17.977170077319258
-10.87408620721251
-5.425770005662895
-20.096236048431045
-5.155907607484133
-0.9242569679341841
-23.64527030332871
-13.092927126203552
-16.103449866755277
-7.995320996813384
-3.4045167479936245
-19.24337637084029
-8.518189439231378
-122.73395480004619
-30.877870126107002
-14.210188502764725
-17.278174221818198
-12.784451172648053
-4.28101699149746
-34.61094030608062
-6.070377939132136
-18.312951989999092
-5.635486815647245
-2.2754240008736537
-26.48093329682896
-20.140598985632575
-21.20589226260789
-18.071752258309584
-25.036354603743423
-4.562326482103812
-6.568578260146863
-29.092096017449837
-9.587527923254433
-4.03942230259411
-46.13758328685736
-4.426850723458107
-8.030241951542363
-17.73639283549836
-4.466246275954101
-3.6073851442753377
-4.220049958106412
-17.323624318738762
-2.073048313296576
-15.115167327116353
-12.137502484313702
-50.28024628895882
-11.825590477838256
-19.999744041122803
-6.331044422306465
-11.097159950049935
4.21230317873662
-5.413792555972825
-3.3255526861111644
-28.312663281649503
-42.92866871621682
-3.052183014846806
-5.439542541754523
-18.658546058506072
-63.45709320523744
-39.976825882861874
-22.152789837211404
-7.084716604186749
-7.488649298039384
-37.752762103805644
-8.960004266985687
-3.467693690629458
-0.433916357877666
-10.031864584333249
-8.263955903296436
-21.36911569943897
4.5219780264696885
-10.279024139710744
-10.198281940934203
-9.606202355415423
-9.701112607628474
-5.577788282063281
-6.1836221050689755
-3.960801950475338
-2.967333827009724
-10.502540207746
-8.423030423205956
-16.045757915320028
-1.7418413181405654
-3.7217157111272074
-3.7384929789707084
-32.22438469267011
-19.044265750747712
-9.127361886095159
-45.663498348418656
-7.979547371883246
-15.163594292182555
-26.151509571717167
-6.4163009301876155
-17.547179724986684
-8.576861090611649
-12.433010269634579
-5.968650769757787
-25.06681282865059
-7.560942344604307
-21.104667198642513
-6.083930316884934
-4.101699589774969
-1.2236391954942412
-8.386666316490953
-6.1313697850273545
-3.285327009542962
-14.239883568024476
-14.460524681507625
-8.379477045204784
-6.438473711105962
-8.64660840933376
-22.928152949580873
-17.047648273079357
-6.187724585676179
-6.807813340541016
-0.3383644413657957
-17.435442690931175
-19.953153177302394
-10.217624433457575
-8.127665262897441
-7.408894484047402
-5.904070388536842
-8.145344067135392
-18.787134109478206
-30.16892348702479
-6.381143189056193
-6.934873582115079
-13.147118658985022
-21.34666385464675
-18.60548948969952
-19.282583802796104
-4.849447449403034
-14.836218117810098
-6.966036864774844
-9.228132795545012
-9.586763386183305
-17.535421870595325
-15.576711908275941
-6.393430080566125
-1.1537153861671254
-43.92093847058953
-18.396622816216887
-5.371178807986382
