-51.64178362625891
-7.204213329806554
-7.252031876170006
-11.071801762442663
-3.82254389998704
-15.815327495262839
-23.629013983013962
-6.87765949261638
-6.666899703223776
-19.002462485140512
-20.50637498046406
-3.593945011455142
-3.8076452442460327
-21.505811437611293
-17.19426210235621
-18.00503861039313
-7.175428854932833
-9.400322732122227
-6.4535840211836355
-5.860226258818012
-5.800464075511358
-20.71624202547969
-25.685171918053143
-15.92674035229286
-20.625067121440676
-11.674642552910553
-12.909544954879244
-1.6219513619658223
-6.459621026772669
-4.982447861541897
-7.980020730129187
-3.3063059155289283
-11.139900535721411
-17.24819270396528
-9.327599253023187
-4.302163765399925
-47.45277526076236
-10.916167373957599
-23.968932633374294
-18.583394677247288
-8.43059117096502
-3.9402168522885987
-23.557434763058495
-16.42932642416991
-4.110688830885377
-35.0532965338833
-9.357457770056016
-17.326473981662414
-15.106761426579624
-17.3368535141682
-10.210688242291473
-4.072652766097648
-3.0761841029513124
-5.438486852897848
-5.055558923024031
-7.137530734578289
-3.260654794378782
-9.175033242119989
-18.721679316508077
-12.607836430486202
-3.184731561724714
-3.068488942748288
-31.185017031584987
-3.790480673388006
-16.277487140942377
-10.11798630812858
-13.606675661034025
-26.037409587697546
-8.23934127811471
-8.366230167926354
-10.253703181250412
-16.196164085372423
-7.949012279215725
