-18.823528056914096
-31.193818622534454
-60.54489157307393
-17.09849234215782
-33.22032204960791
-53.237035119247274
-26.012163137621254
-24.439386807406624
-14.198956230278698
-14.996074524735972
-13.119455225091986
-38.62225054834978
-44.69903327545541
-35.27071442869066
-59.08825176777737
-32.01956640594435
-7.0012165981278365
-28.3435698169376
-8.949630530287068
-32.14946244256795
-8.41015311612695
-24.15196222105983
-28.711942336568033
-89.51497954893942
-13.200865356088764
-37.60540698621298
-12.823173211371046
-34.10086778220796
-4.677759765105206
-16.226993976687044
-8.900168857693926
-43.80567514448759
-41.49471093515649
-11.321424547528336
-38.862049274616325
-18.264305430134502
-70.85562145937439
-17.245943381672205
-21.579516170752534
-58.26695887283777
-19.928658237783782
-31.455544882069823
-29.761573396894523
-14.930580768115128
-9.615116051478523
-28.219446005684052
-27.151370096275354
-27.398465139495634
-28.308471288338463
-25.852182607833225
-27.281861494921035
-24.006502660499507
-9.622113635725283
-52.67044230332337
-38.08891991922183
-14.886694084556746
-42.06671259262976
-130.72526226390812
-9.937039460000726
-30.382986982980114
-70.05526207232955
-29.179162086149713
-59.523976943150004
-36.519845462966785
-12.530144015898724
-63.12718023698213
-8.118365220026119
-9.773995595343466
-29.232330464476274
-7.526162215660492
-19.60425278701804
-33.56323324891705
-12.866047349387271
-74.97569019205356
-29.341226332691374
-36.01145388403885
-82.75028918366233
-46.86765063753407
-17.169731906911974
-17.580802559672197
-33.549241913529514
-11.776490218847277
-9.794039411835316
-7.124490942880602
-24.807413312932443
-24.938015951953478
-19.4683097329322
-48.396725051265804
-117.06679990303384
-46.79533985055583
-15.789418360832558
-35.87469075337768
-11.929064096874344
-78.38707568722621
-51.505615615787036
-50.077989416068014
-71.7954417304564
-16.777573824044783
-64.15587353670328
-44.8803753911918
-17.375797366730104
-10.687204708426979
-38.22892924141736
-3.169690140749478
-11.128879716656217
-21.047849578410112
-72.0345602903859
-29.20630037324405
-17.301412368730396
-76.77160508588024
-51.22008681805662
-17.06730205006666
-21.09043677243583
-14.973548721128866
-32.36729799637719
-9.295767323713477
-49.64108656485614
-40.11964033733302
-23.00472649182988
-44.92711946493729
-50.512432960872566
-8.912429389282051
-15.802696210484806
-78.47697805519779
-5.479549180412543
-36.878250496919215
-25.37599661770782
-61.29265411732422
-38.84181452537588
-25.7240676775997
-52.378931715146095
-38.63956526750451
-63.51354734383367
-12.49179142662828
-3.2269165665338138
-9.662114642968568
-24.892495697441507
-23.83473953136398
-36.161535639780226
-13.255952596661302
-67.28735175100893
-37.48562529231921
-22.876074782745423
-122.59420254945596
-8.334757471154008
-17.600742654142145
-36.12337141115829
-54.70901956384052
-108.49476342788958
-36.7548585226415
-51.50820797227895
-10.371889592014742
-122.73395480004619
-67.60692159293218
-44.43596629782042
-9.094491113175199
-32.27205248759316
-11.096118000372066
-12.52056212453794
-44.478653925599104
-29.41690451823012
-19.488880464963525
-24.21542166822531
-25.78681427880103
-27.154216546364225
-9.968003215118497
-89.02805642036867
-22.42053866458901
-10.508356134453507
-13.633694438454969
-73.3757009197938
-19.994493157916875
-40.52187340333501
-55.36562095837183
-14.560324009394852
-11.707182258300438
-37.46540038268118
-30.56426470479838
-11.836003583918801
-11.635669375494714
-7.781016421793404
-23.712333779211995
-10.179037942354153
-41.59120040251314
-17.445070244581178
-77.54330561303688
-97.52906676739414
-47.406837771201644
-60.667954639608574
-59.115903770730505
-64.97411777096721
-1.522010008610053
-28.452154278864093
-20.55749492399723
-23.741310321362338
-8.689990333964225
-65.91711853823826
-21.978945235168688
-50.8847813787477
-23.06511654049863
-96.82666942720991
-10.095113703247657
-23.389438920010882
-93.37836852915349
-18.5997487695021
-8.291212645420549
-7.858427872608182
-43.77907478286215
-37.58037911929448
-11.608466519820954
-28.74403902078404
-33.13917329600315
-19.552446165664442
-18.234261713514883
-11.62892294909129
-14.15514095817966
-31.673419776902243
-14.040178677207441
-55.21630294085911
-5.434177054123725
-80.98927222981973
-63.78514419963593
-20.35526009692139
-68.66394050365204
-32.3819606067653
-4.677127013215966
-21.93933511960017
-23.610046628705167
-51.511492404170916
-70.32540608884636
-17.820823113511327
-3.8640056604725306
-9.30230698492012
-9.213263222540713
-24.601106986724403
-35.043917261529174
-49.19134395357873
-59.47036046992766
-84.03989406075515
-84.94398982604083
-41.904443183915966
-143.21386523283655
-22.87815774907375
-82.68801266402977
-40.41333390626216
-43.104328818905806
-10.20740082235904
-19.40911180055614
-23.1883636175463
-23.64287716760384
-7.977334054677295
-48.48722000039328
-35.83744470005376
-45.26598178256583
-93.77081571240178
-23.380788275284438
-30.832917832326228
-22.54500637156724
-22.668648995256667
-35.35910221383035
-32.453270152404514
-10.918668327387003
-7.3658237610195325
-71.21646487147407
-18.527952009707764
-35.98289306523935
-9.60413274538738
-11.113979412488536
-30.012099135077285
-72.04305779543765
-28.18174472158368
-37.20524901387556
-66.54696888725464
-13.90021339742493
-5.619685795522221
-23.5999265101359
-15.781388996584871
-18.195909241432584
-52.43272667758221
-7.235214131271417
-39.58888280263912
-35.10518625478289
-23.91307682519813
-3.7971757877539063
-14.797493760821364
-59.352241390902144
