-3.1509715830094818
-21.88719343139467
-49.568207072531195
-28.544999710642674
-4.81600647493136
-15.780453850643148
-4.062455249263501
-105.55803154801741
-55.726600044448844
-35.03470329109492
-12.112336896880146
-55.6463856453234
-23.6807927884974
-15.268748653652544
-7.819507739430854
-21.344082852894196
-22.392770663912508
-18.881487360166865
-7.9970382026730595
-71.74022922555596
-19.77707629925012
-78.97845957675393
-14.56383515234249
-31.246831365167406
-27.216857322733283
-19.884257940670356
-8.407160841304185
-25.278418662721048
-7.892495556910803
-21.684183251511797
-66.01327686046714
-18.982144110563517
-6.711760107601664
-28.447182818089463
-11.883340873924096
-34.23851951743927
-23.1284708690305
-22.38246290235881
-49.11165822809713
-19.62807177384648
-165.74308536224854
-26.95638937753051
-11.804764004970417
-10.271143568066885
-30.916852875883276
-13.293055955156312
-4.850344477766906
-18.580179013499475
-13.945702286113715
-8.9183194202531
-20.857208733007276
-22.264632579443354
7.021365777237631
-18.240725132731495
-17.281629095195004
-24.376374048197146
-88.08356487760787
-46.669807981665116
-27.711673671267487
-7.0933979349888325
-14.530489203011895
-293.3911243808555
-24.747343622633903
-161.055060732462
-23.969332961919115
-6.424621958535389
-30.529139439542035
-21.72959968646903
-17.754493284534494
-8.858557996039718
-16.162093067627946
-9.120212299057815
-4.448984032798573
-21.71247527654541
-36.46992266329462
-61.02254295294468
