-10.085563479887446
-13.90017181209755
-25.450068360324412
-23.455380620517765
-5.783972131993679
-15.765101110832015
-35.544019429862544
-17.09415503461908
-43.78792070908979
-31.763985102575152
-34.591247848223944
-89.50455011735373
-10.719881099374902
-14.737370453782187
-42.0222238209771
-16.688233485172074
-14.701665217967374
-81.28828346656121
-5.170999839013441
-51.529743916560435
-5.477174062259015
-12.293996356539543
-20.859390722343193
-12.803654328993733
-14.40469431296168
-18.872192834830635
-26.783906458831375
-9.01649103720408
-17.340815847536128
-95.89712736381844
-14.12806801444217
-8.755454177788522
-21.34444677116271
-6.341706588586917
-18.958551688227328
-83.45941045164834
-31.526924225368692
-4.672446221523592
-14.978704380668015
-7.381281487296666
-33.40906000665246
-26.800593717402297
-45.93202657442355
-18.230738447746262
-11.895964567756835
-34.93952408625972
-6.235738484067911
-14.208738520481464
-29.379718527137438
-40.40386414421773
-12.316363262786759
-3.990732581738164
-80.84316776540335
-17.68034947990336
-39.62679475485918
-8.105809903717038
-36.064353603140646
-41.42252091176559
-22.485107266525812
-10.54717139635591
-30.849337288484772
-3.438577756221615
-12.13203532540171
-8.766484108866258
-13.312197956817952
-47.51120313401875
-32.254021094617535
-7.8767887157757315
-43.79671210991397
-14.128387009865298
-17.175781349140113
-7.284669051132774
-24.79412985737318
-50.88037123622723
-21.049950173127446
-5.546509387077084
-19.208220211128953
-31.45560116583869
-7.099017361384603
-34.234315266095635
-6.602152582682992
-10.18947576694967
-28.988602371008138
-33.5235424372695
-15.574097113628998
-53.868688766031426
-10.90351310094523
-59.24946075975552
-15.471137637051058
-9.143144107047522
-4.980990035329668
-5.404663964600187
-41.26238622042945
-18.800276025404628
-26.676293834973794
-19.825828146797114
0.603744222530938
-14.508413232691883
-6.787067552140611
-5.44232411584182
-53.23594126396344
-7.70965531995079
-12.994177947859885
-42.0462811724784
-22.064683916197968
-32.22766660965348
-9.216206156356067
-48.71146910390109
-17.491032511997506
-9.697689492781599
-11.938253986208617
-9.314282084294197
-21.89713284175339
-5.222348337086777
-13.653985421263535
-5.404663964600187
-73.97287266733191
-22.1193180836507
-10.403120885005707
-55.83402369409137
-31.27257746234191
-15.60891055885511
-37.71523078604015
-24.14333687178774
-4.057322753680306
-22.08225365716243
-40.89647887486083
-9.209176246481938
-46.00074203943107
-13.890744165496715
-27.474803309157533
-13.632753292271877
-35.05934233568207
-5.323721479707978
-22.515107959541567
-8.170021787246116
-3.419955652797369
-26.302913168211056
-14.259549531980163
-7.956803655801422
-43.7244915529388
-51.43256816659951
-8.990247067946944
-34.81674249834801
-18.513404982732148
-10.118299282293428
-38.024722029677086
-13.582038850260753
-18.379849848906588
-55.18053222887101
-9.42800215631451
-4.479609304517384
-14.74196945324056
-9.563129568298804
-44.68867818658717
-4.057322753680306
-16.08031335453545
-53.25851625937958
-58.61112662108416
-20.21148921316967
-6.407055053544848
-70.8529000702859
-6.623749233827844
-23.510088800093893
-6.399722323881561
-7.457108657370766
-27.228579163750368
-16.133839816373545
-8.710907245370384
-30.346005539617984
-35.70014618730127
-11.254232195237034
-48.79013974478352
-18.095244527781304
-14.51985978917778
-64.82985382642634
-61.975756142662426
-62.93657539119739
-122.08582490507808
-41.05401650511268
-35.14473992214538
-20.95459497744146
-26.426296500577067
-11.755088882208797
-8.233581784897897
-18.88068131112179
-15.374293005650506
-29.231241113989807
-26.43577039793943
-35.14275088990723
-27.012423354813812
-8.593934840230098
-10.707967294851882
