-76.56560329108845
-49.1440728020078
-17.05728204053458
-23.964167328535936
-29.301728425952515
-18.84117215033684
-30.76489815822881
-17.661490976510287
-11.709333273088077
-32.15529323026812
-25.232616556030536
-31.74189307466307
-50.89465032264151
-29.055773444438977
-28.958465591034507
-37.46961031031495
-34.64224031588417
-29.433820141085633
-26.95540247431638
-9.902000893412515
-24.580488535957336
-8.18621678367048
-12.000286203419757
-4.187770149964337
-78.68072764933386
-34.66193493551792
-14.079507504869873
-43.29842246434064
-25.84074121427705
-17.829881065885512
-38.850315963296026
-19.043229581151422
-290.99859069017845
-39.21290506133269
-20.718884724036005
-20.248143895826853
-23.77414211241167
-10.46364206588072
-65.06265374734632
-147.44742704879636
-28.95833415808172
-6.168655464300805
-24.597351236139495
-27.990313146157195
-69.68088879799322
-65.07858504847576
-14.200658888242737
-34.64714929143588
-20.980586644687254
-67.38808340251197
-26.19457741392084
-27.26479930333944
-13.25885720015843
-10.988376141876307
-55.58191981504285
-48.579186899087304
-15.294461963491756
-27.270668681123468
-74.63823366582783
-14.32885167812842
-8.279014845347923
-56.71884473337807
-16.339084228957137
-30.58836822896925
-33.76524009216183
-31.414917009620805
-22.89467803992028
-13.496366163841921
-35.41594906103275
-74.97569019205356
-30.628776197992355
-25.23081267238597
-47.2489530072869
-28.263301563716507
-27.499985957499156
-56.31769059315377
-15.294704613244601
-21.93918975091506
-18.066651404242407
-38.70124125823942
-7.779210063292575
-44.37208278059372
-20.144601580157943
-29.26407265261887
-80.60569958941083
-130.3359002284714
-34.14566604627672
-77.3674528283955
-7.832021104737616
-21.228411559988594
-26.71968465423966
-43.027516283013064
-84.32425735154375
-40.83369422947241
-27.96767583001202
-36.10232811917804
-56.88683788612734
-19.501356492117363
-70.60760212270775
-19.959892864876558
-2.6086174148529544
-24.42854675179047
-19.429066123841025
-26.933497988145188
-40.91096686137769
-207.94502904879542
-23.600345255027896
-18.14513796116868
-50.871078103583535
-44.29711812672056
-140.6029313352756
-16.319832915364785
-26.980518294068183
-58.677614212475625
-105.51344477972346
-36.978014809613924
-43.900427240593416
-27.97240939144423
-57.10749825450495
-13.711035617987902
-8.745502559032026
-11.347911428595701
-55.605582546439386
-22.00921153236078
-72.08569630155293
-18.730387516048843
-33.26714798719731
-34.766233223574744
-32.31863361327525
-19.369496742158034
-40.396081282805454
-40.64639572023442
-59.78552392873729
-38.01792923014774
-10.674410890700205
-13.230226894886803
-35.48083530982161
-34.95674503804622
-147.21522302654648
-19.880919672428167
-39.67082605393468
-24.553785124275386
-101.82476765309579
-15.795253900196428
-42.1054826774562
-25.350949293698406
-18.47627789568987
-76.48069409783697
-31.79031785606255
-36.11059494712448
-19.85603759591196
-17.386803218291202
-42.63233206793178
-54.20213725247571
-97.3068265810934
-21.8185167764315
-9.33880427664421
-6.646630801194548
-56.68430774930427
-36.59310444470324
-19.083950646491104
-17.598792251401132
-68.50435890856701
-45.04248530964765
-21.67275567466127
-6.876066677477561
-26.585183206563947
-17.350404898197926
-18.793183315027566
-19.167778840703996
-50.421861217635026
-33.21081998798941
-38.975192551161506
-26.325172278561094
-62.86699270517631
-42.14327387113473
-40.840894638357646
-58.13777657036537
-20.71809145682279
-20.879726044106466
-11.891294850644861
-15.667001556012405
-32.463195837874515
-10.115867380455391
-26.01641770992886
-43.565398258469884
-53.94558869879788
-11.64464111329743
-16.23854594137238
-52.011342345759346
-74.41001121551683
-87.33224093440722
-25.29315909194746
-39.03196554079963
-21.661255997812784
-9.835471579212284
-21.77173849737249
-6.109600260775836
-8.013986465792255
-42.91129382627986
-32.01304799345685
-18.76620790877262
-42.066901000639696
-42.665558409245705
-18.923448186057882
-23.895575736958026
-50.778911276850664
-26.04032839854837
-33.32391978145776
-26.190972810886752
-25.724675246887443
-20.14162976548084
-67.21343791689058
-34.87499118833962
-27.978545483198634
-49.802150288024826
-76.77031580261357
-19.197956742980175
-24.194048859552023
-138.062549021169
-151.59611196994726
-54.99480106591979
-75.47262768048151
-20.612682266926416
-31.026559248947876
-49.78673433262212
-21.62393307633051
-27.383118577989777
-113.37000215726641
-21.91780170759666
-41.12847533138969
-8.354786714236779
-40.50769625538928
-37.676643877476934
-41.4545971026442
-17.56395387627016
-19.527148751671497
-25.15659952239805
-35.46218246210228
-37.653048296219
-59.76429735169181
-43.76424336226767
-38.98086702711332
-31.296834269788132
-65.6251778192326
-15.82244172408646
-42.32946548490001
-42.615168593802856
-35.68110925680002
-48.36075489765254
-30.39766014143693
-15.818418451957365
-41.819673773843725
-28.506698553493603
-52.59413275111869
-4.843201534748154
-39.28972468031934
-16.258663350631387
-14.929747784015797
-44.01083179449671
-42.344913754713765
-36.59560787807389
-15.406736945348378
-9.32519397391685
-61.13757261272876
-8.398075638420936
-36.661724902156585
-33.29554685331382
-50.41232553124928
-10.735154192667736
-77.60085980017647
-20.04169573753682
-164.44033071819462
-23.255172093701848
-82.19829806086717
-44.237703407121046
-24.523684683331783
-44.91066006416255
-26.66749397941017
-26.816756262657552
-44.64784395440573
-48.29599037947768
-68.2993712645696
-48.25431001086545
-8.958296997401328
-63.25304644501307
-50.50824900962175
-13.652180882664045
-9.30970822619605
-49.02710297485572
-61.42533194008555
-56.13364326959858
-27.456483340966322
-58.406250371298
-28.408468709538475
-26.907512608515667
-8.187595736191332
-5.5582711927031205
-22.596511749040634
-11.806130177357542
-21.704685888053067
-25.728219848696735
-60.61215687192771
-71.58004187036708
-52.41199273728885
-45.520192985413146
-58.832205499434195
-35.39301983624655
-76.7080156983086
-62.447147418951495
-35.57799713894226
-18.18111148484686
-10.990737411652443
-33.45797710660084
-36.78308804376232
-17.829996436315003
-12.600724821281482
-45.9296965988047
-88.28666853547543
-24.790644596635723
-14.933748127922508
-35.50941413018102
-12.042560556120476
-47.98015104023969
-12.39680962829812
-50.011824343235176
-12.087457683862517
-30.35612766529242
-13.037341569374053
-235.51858182452386
-33.850694116381455
-16.063196424265346
-21.824329790939455
-24.632735757369023
-10.014977182565545
