-13.843333563032362
-25.725571186100797
-22.807767854651487
-17.693515217700185
-18.48724821170235
-33.67764260659408
-12.76991165440632
-53.60785122859919
-18.602049821887306
-22.7872404660779
-9.858817813189926
-34.16145910427316
-14.633726002326338
-11.80981199932213
-17.340641814442314
-10.209034806894083
-12.521285229694177
-12.437667977053595
-17.508575519150888
-18.24442334605437
-28.868835038467758
-20.20857397358435
-12.089891845203107
-61.51420597879144
-14.035610063973145
-17.032196918021885
-17.804579944334378
-19.198898300865068
-2.5402559486994467
-13.868079400029464
-22.80087439820859
-32.21004449454248
-11.74313558275652
-22.26210406325831
-11.80668594036499
-12.893369749750958
-10.52024082081111
-17.104255882092154
-23.334647630440834
-18.2483240870324
-11.651501965636948
-54.70718535810059
-28.303807351681424
-10.653407871531615
-14.015871397494866
-1.7246201544940938
-21.675644093212178
-19.73366342360574
-26.113602526267172
-5.459260783835923
-27.982118954549232
-8.803248446595495
-33.095171479413246
-6.545621915094515
1.623448165167472
-23.35906644260759
-8.132722735855705
-19.881355598904946
-9.403767280050925
-13.969481094562024
-20.120201904969637
-36.16610672381273
-27.036831815755583
-19.657414814386975
-18.167679950805017
-21.21563453556205
-7.9136757404202624
-13.56963507932634
-10.594807163948403
-54.89758319650203
-11.710270842625382
-4.457289930603751
-15.716302007707792
-32.46906331928477
-2.9815253695146526
-7.395932550349992
-6.263179153254342
-25.736881752727154
-29.914078298073207
-13.186058477838076
-11.771519889838174
-7.496229618393925
-13.974308311116348
-7.382906857539663
-21.412260033514215
-29.46532118524984
-14.250852558696046
-14.985541372006665
-42.709410627186564
-15.490339931301271
-11.228473508455224
-39.371284235879536
-17.881910836326057
-24.081129663052785
-17.896887746742426
-6.578424619778423
-95.8194866080282
-26.04492107606524
-11.943964526394684
-26.966723639131473
-17.72027756046141
-24.913255895011176
-7.5136545735158995
-14.050833256850138
-3.3731277099122825
-18.044577126485517
-42.380056197295254
-22.59943526001205
-5.651716727621741
-6.235715936774694
-23.214527300777963
-5.565743164500779
-13.721143115038984
-5.500785073833985
-19.80296105886558
-13.373511892873468
-12.667086649981291
-45.0218466706865
-28.955210134983382
-10.765971715445588
-19.65993109727038
-22.93248373535333
-5.8081529751599446
-28.36400433695693
-6.173948582195869
-22.987355674376136
-5.484336696021268
-8.735347620799114
-9.702661825957058
-22.379357314373514
-18.214427322561537
-24.753874460285715
-18.064801442056286
-37.75661525923839
-12.980138254545338
-21.74737355350372
-9.406645029911468
-5.025106755932018
-9.702439489687693
-7.308611410246584
-17.477446266659282
-15.602428499588434
-17.663030651194987
-16.44305747887762
-16.297612512359127
-9.287215061461946
-18.451425378423732
-32.433953720446425
-6.3760038980497304
-10.556211955379558
-32.75490864484476
-28.126799823647573
-10.454976148870804
-12.693153816592723
-31.56023473757994
-33.79694291652771
-16.813006875028393
-10.879821298342137
-8.92558957459894
-22.571449759786887
-22.25989334225001
-20.60325712560086
-51.314272899395455
-12.366481999649524
-27.195562953397765
-10.06742065146684
-53.578216127429044
-8.2939247323284
-13.960814179377662
-21.771148924432342
-10.11909681538564
-7.592576979437497
-76.538513508405
-26.202541300964178
-40.67397833756919
-23.60890329521778
-24.396189914421157
-19.29908772689805
-10.125401887205633
-8.342888346871582
-10.52760409610365
-20.50947982520577
-20.99435849369159
-16.57404717589613
-16.033867377049194
-30.729914096306228
-11.005115688789614
-14.3661074481584
-11.787251737271525
-13.394829020443773
-45.13714939471923
-36.6791532395402
-23.182748941979057
-7.159838987448547
-17.010894306660244
-32.91675407658166
-4.7430971935345605
-18.41484628193637
-31.689282343014476
-11.312471070997322
-12.32871988984726
-8.337190242619466
-19.962164721763077
-7.815020527723913
-32.13418222905766
-17.20844219166986
-19.1669704497661
-25.863227305265372
-24.684335732033304
-12.24486905656288
-22.65629267026935
-8.882438532492067
-20.537582200305916
-11.427793433826977
-9.6169077086319
-8.643118424734386
-15.324745786869732
-10.350386246314226
-13.31435858151141
-7.078392547710955
-10.9332219975685
-240.36979454757736
-11.695589335653167
-8.845807019178668
-11.420531834233262
-21.4770412889432
-25.02524389859925
-19.71075855380948
-17.41074426335046
-35.36473905150151
-11.534124421324744
-11.828633031932975
-9.313663189521808
-3.092502983762986
-23.59702021852184
-21.844007895000026
-10.409743476911705
-53.84683303631712
-15.122212072362865
-5.5638065417799085
-24.09065551779894
-14.840288210459745
-26.846894023806545
-4.525771108381726
-9.621672515170426
-5.664933404747583
-19.25070277580704
-10.97209752024113
-9.963244892701589
-12.465501062904883
-18.617335903407234
-9.925832460738036
-39.18008286727267
-17.0557902419237
-24.659171998018326
-17.128768301343907
-6.881878623470162
-4.356854457876087
-14.965665430292804
-8.809814813998349
-16.069560633042595
-58.56549814077773
-50.82891612593046
-14.801156677440714
-12.19465076226003
-31.282387591293443
-28.902656588751586
-3.5180027749717677
-33.20225365083998
-65.40307466223241
-10.846212979011725
-45.70287562032493
-9.413593935566757
-21.794002914997073
-22.699721724153086
-45.76037112530918
-15.293374600416888
-75.5971334436107
-14.79473899896051
-31.059312377883554
-8.956593767494649
-19.12269829261671
-32.06145422937967
-11.922210612170497
-54.70244456462617
-54.49731840615983
-16.412961994232294
-123.9673226850923
-12.831583323393662
-13.575115530638143
-17.998355005063924
-6.249911783463942
-22.091088874444747
-22.540632043587884
-20.311881457948868
-19.263128686609793
-15.720137329834587
-22.41946050480882
-87.4526045930282
-12.84904904776734
-5.762306094320925
-53.12314399767881
-13.30240022758255
-15.397295819493234
-42.49118315072476
-18.332909629138307
-31.51302087394929
-14.862446956080282
-22.18600952960207
-30.359110544633328
-8.804412213108156
-8.334152349800437
-73.97896370330443
-29.01689312529892
-15.03375343393956
-19.37321299644017
-35.11916941744332
-6.0649747316074025
-20.130201046860552
-25.573227015961596
-33.12593535538493
-16.7769863935759
-26.491503140882827
-10.828973570828811
-29.425151744389133
-50.14991032681099
-13.602979986240529
-6.412516152904878
-7.752522793843157
-19.669699755945302
-16.53668438189601
-10.928958317113898
-11.653478506257253
-6.852628013379657
-7.654212835737493
-13.40870251928124
-10.349852447282297
-57.0034403832999
-11.890852750753185
-11.521791365632364
-9.366125563166625
-27.34376518982901
-12.244664368194456
-11.707979895323373
-12.377848255690436
-27.065368343862293
-19.706752081954445
-41.583781154487305
-30.891691322563975
-6.102444769407647
-93.62424030747002
-12.3377959103427
-22.254814557661035
-47.1921420328445
-17.098351732110906
-25.121479944089845
-15.401384518637709
-54.56050305451342
-39.03472317785682
-7.529838066056439
-18.926167390736982
-79.56037194853143
-47.79488716830278
-101.69739621197338
-48.16352105353675
-12.93063084272353
-12.050441575535201
-34.92750696230351
-19.61491992411186
-23.39939521821446
-9.418017491208111
-59.49680758598214
-25.317002002818974
-20.322868288649875
-19.498776501600425
-20.045848354457085
-20.244964631772305
-54.537867616838206
-10.679656101305492
-65.64569117725722
-27.73592977071932
-37.28075160966154
-24.373244864362174
-12.131421150404032
-18.88842936737058
-11.316543796762012
-8.84759757052271
-10.39861235654639
-81.18519514210708
-5.979688828158148
-34.50818013778497
-8.116768265380488
-5.702885370144792
-7.797896234800974
-20.788449531669745
-10.742969417107041
-6.27062682605141
-19.118721475673915
-7.598101207394009
-34.30266113798429
-11.823867277566617
-11.61376638730642
-15.312112674121876
-11.388423966350901
-52.128304859146546
-9.539005952562757
-16.728649560873528
-13.379110781049173
-45.376471264582946
-9.759487125582787
-20.872952586416716
-31.088613786943373
-7.666492909125928
-20.723124735734366
-17.180249227110327
-32.19711111768973
-15.789844588933308
-10.078452590052985
-84.13430396895116
-10.831201965511845
-13.97701828839084
-2.742011337932796
-32.002544145477614
-7.989023003125604
-6.825920781444367
-21.74322858249091
-9.734558800810985
-11.81774185000829
-46.678226017030404
-47.54715392098683
-9.490499095711119
-26.06842944276911
-6.9708369572925895
-18.307068901519713
-6.153884438192071
-7.570366434147167
-10.1943070144587
-27.972819488662157
-5.78944582507772
-26.610036724467527
-12.50256482565907
-34.32420566995955
-15.788647520466965
-7.620767846098332
-6.302337046652473
-25.276250259596786
-11.769090388740356
-30.687513038351508
-22.992979329498283
-6.516308518617806
-5.17429591930261
-11.34922695089157
-8.58086894650323
-12.472095841592282
-20.041752097024897
-36.625672522011214
-16.198438363943087
-5.402920541609346
-10.09423280758644
-5.4361401186332055
-25.10815513609394
-10.474837475222463
-48.63022634079188
-11.20267726377993
-11.61065772939922
-38.66579267067414
-13.257263767222069
-14.011279799994961
-23.667207058606213
-20.929901583990286
-12.128318340122163
-7.105974155035217
-6.871538666457177
-4.428861302780492
-58.73499590021833
-12.14910857860115
-17.236198816761227
-13.195703514180451
-24.292575450104945
-37.478767373142986
-39.63779287846172
-9.473177756123729
-19.53724776288674
-52.96147382019139
-9.942793460815972
-101.68217254475961
-11.00546150952786
-9.600797379555337
-22.507640136510602
-35.86583255631781
-9.540835422419924
-18.696046892006947
-21.34318131935031
-12.433663493855333
-20.28607241788023
-14.403763714717964
-29.28324991988032
-13.143556855416598
-29.142180815212356
-28.17870574631935
-14.659895190522953
-16.059240326927764
-5.431420297736336
-6.806532278295909
-8.1393079611573
-5.521511448843976
-19.06370768404359
-9.148020937704262
-18.139279381494205
-22.6676690004541
-45.215437531776956
-6.548871320671226
-25.436591406701456
-18.446224488342995
-58.657503101908894
-26.2685174009229
-38.75967549218976
-18.215697052956035
-30.307550620767152
-7.691743768649104
-7.373674806027926
-32.963448313566175
-5.080371193219555
-8.567591829562895
-7.966334850136036
-17.176646128295452
-6.751239477957574
-34.96827143298893
-27.495008096238262
-17.024413491247827
-16.84765967934538
-6.2073165972090605
-32.56476918920949
-6.023754141318066
-31.127950542904053
-32.53613119931874
-40.179055402224634
-31.59601506886235
-5.193365142496783
-18.149099414760425
-8.698980060690493
-51.09514658972644
-3.012410492025114
-16.19271542667044
-14.074117289233012
-8.241565052967378
-17.819732757024017
-37.477596373978876
-14.214401584100079
-9.998201782572322
-9.85674697568787
-8.726781062852748
-23.580737463156083
-14.396987688126979
-30.766963284029103
-85.21538261049534
-23.30506802959189
-30.72834663036183
-3.595070849575108
-40.11366270069275
-8.762571243833063
-15.014819724737405
-24.10222799847116
-17.435218384263724
-14.229613573249537
-7.53750329312779
-47.65792590022476
-7.643139622134286
-22.635717838475557
-37.55583800326473
-15.727825532433203
-11.170877006372447
-9.567977356393035
-7.865956188517935
-8.318948888746004
-27.07782968760672
-3.2533889839335455
-21.976878831071613
-49.66004044324591
-26.04329169935953
-119.4532239678763
-25.660770678028204
-28.93214477815197
-28.024492668423566
-55.869472056756535
-15.627366576112351
-13.171103668801992
-11.590582338595231
-10.619398324060938
-8.419915649910614
-118.84545509061957
-6.977719150330419
-16.050123907733735
-14.42354684259019
-12.04918529736792
-5.6806349442624295
-23.640122738258444
-35.29799232463405
-22.75567641516987
-20.939473223509477
-9.050536584665576
-11.65266679175392
-14.834550437962308
-6.856335523155114
-70.52791054542251
-12.976066103234732
-6.400835406585043
-13.033223412897318
-21.93515469972738
-24.499620807698733
-13.838811070889616
-18.77169776220614
-18.583153408530375
-36.5078985323336
-17.957217820884715
-31.87264901963191
-10.331490987771474
-28.6558436535933
-5.763523814993543
-17.8464099818592
-10.4264620522935
-4.57295185553036
-13.02285015768325
-6.61462411956594
-6.121977357737763
-33.618289429968414
-14.410903761220752
-3.5180027749717677
-10.423247801387689
-24.275001593017386
-10.596320741964352
-16.51197065894013
-30.20816283450527
-5.460434966304812
-8.282741296989924
-20.45053193277539
-11.528018685043113
-24.98643063862074
-8.285555009467828
-38.12222283554815
-20.34576060772014
-16.206049707333005
-13.319734693201818
-14.313427170487822
-10.294943549290009
-17.439853544696017
-4.2345020232346355
-13.252034203696605
-53.54511936733972
-10.252677619760862
-8.139818590272968
-24.75947907161335
-10.5381564713161
-1.9959973776695845
-16.31700587033924
-3.4518885364745624
-12.857661559282839
-89.52288425139803
-23.441667647307778
-8.953414490732994
-43.37165240992473
-33.048358315272665
-18.14479753682463
-34.69808063881999
-5.225731537955921
-94.9050778515675
-12.20507434151782
-32.41203411649828
-8.842872401015718
-8.560436430133693
-28.306687635485225
-16.37422334137539
-7.23932059615675
-12.236678539735479
-11.989438353266095
-18.00575897497966
-19.101606704712246
-50.04393278478377
-30.064713283989942
-137.3310367199324
-22.62757804631216
-35.32610285444116
-17.795512104401983
-9.23838158673373
-51.51965117306123
-13.21897498660613
-29.19206630351669
-25.261117329944433
-5.945984157338127
-8.91166223873336
-13.595126389157773
-6.930591016310688
-17.275351761941458
-41.731584156279844
-11.621918290927983
-44.647192291276035
-24.659860633330442
-7.745498994333238
-41.27826521870708
-33.6275315029869
-5.593287088715264
-19.94150576670464
-26.234980866578336
-10.234371097328424
-20.011144072519354
-9.871112586457276
-29.410992249489677
-21.883056828868913
-18.70219628296199
-52.14084613643497
-7.47695644980189
-83.56229567336234
-18.10582601084879
-23.044382997695234
-8.334052482515537
-28.98342800697334
-50.71312460442427
-12.913245088254886
-9.090287128284041
-38.73113900771998
-6.982768976285499
-47.19162521187311
-24.093932659223558
-8.062351982816384
-10.516647309041213
-12.50263564806725
-21.134107748272285
-20.526224467362468
-21.47352876279926
-10.98994748524819
-6.3320338280716735
-20.2444449234111
-8.287213420756023
-18.862414437545823
-10.448621066588089
-26.913326323355967
-14.90368727503948
-31.21189428239328
-18.8535499862205
-9.461554782761853
-6.900768058729317
-40.161460217731175
-44.14111470792681
-6.014805651743425
-15.231770116042377
-31.583566546370854
-86.07198505582825
-79.78060991316906
-37.37872309407505
-30.511703791135847
-8.387184109886913
-5.804112411474365
-26.201181333396832
-18.216125505215015
-35.88162409440775
-13.886407852690619
-37.0582235067967
-10.167844486476595
-7.575465055433467
-65.68850416403059
-9.293126026166293
-7.69913663312505
-12.911913925742859
-21.370458842753326
-49.05870980650284
-82.24209116696176
-12.733008435122887
-29.945375595106256
-18.310897124389328
-5.395901503756616
-11.32520941218694
-8.468630068895438
-10.079031646608627
-16.589643186246583
-23.82789263369022
-22.63904501724954
-14.890403345583382
-19.86477253426153
-14.651424472000041
-71.68909345277075
-12.068758634669097
-24.394795943400133
-3.708150944312551
-7.72510754134711
-13.315611512235543
-13.734330339675475
-22.702717773683144
-14.423067260019865
-37.006032591899604
-26.743143356473247
-16.09130922387961
-10.2491414984641
-6.886512078786168
-20.146414464145042
-28.91954561844128
-22.77491503807362
-9.689435839236515
-10.691831002313595
-105.43622742897136
-11.568815023823845
-60.99790719864213
-10.945346763940048
-39.6828472688191
-19.95752035906036
-41.63365025786744
-36.824216707544394
-31.56770477166342
-3.2845349187946535
-10.074890241257302
-22.323906823498447
-5.484584443305475
-24.847346385110523
-35.96705976703682
-222.1669298101832
-34.50919575947046
-32.236780279469954
-9.156433931296615
-40.83767854741288
-30.756255112944938
-12.908368955828353
-11.577780789353955
-16.147752408161516
-36.10802768441798
-48.359377604742086
-36.755918424195144
-7.720263463897861
-32.06284778847889
-16.003282021105033
-10.89486042519464
-18.495735751663176
-21.2564587515776
-13.69045853391921
-13.826355272310579
-40.329813071215966
-23.86483079555073
-8.358404995786836
-10.544146840321329
-19.555827289701124
-12.182689954586461
-8.585473158288638
-6.0431176215640185
-10.219095309172317
-83.43473516733194
-8.9492007565302
-16.276225878694948
-23.259510651315377
-12.88573771455284
-17.518080231317416
-15.131569296067875
-14.474009223285394
-6.728026531502048
-24.82255096803512
-34.81299352014744
-4.092467431363943
-11.676374702753845
-14.940690631803891
-20.14819462486424
-42.614847728683806
-34.32457348832155
-18.476310290753315
-14.993283816050365
-20.493963126375792
-7.89209181239828
-35.78843976545599
-13.562134861330048
-39.27494566522861
-7.735639512616664
-4.996611673106863
-13.685847943717082
-10.279891825429582
-10.686951702282007
-8.084060702023175
-23.12598180267687
-140.28067905608594
-21.591681077323376
-17.374068865735826
-12.953334722480694
-12.0031900307441
-52.88358285997874
-7.885469945994705
-18.031023050970667
-90.81533431414466
-61.60847471658452
-9.6063392658233
-7.097230917736144
-4.027544179023467
-22.151023935017616
-22.536333155643366
-40.44063339083078
-5.8785067996069875
-35.08018005211633
-12.337581330980939
-16.014454212738976
-30.62278660976122
-13.064423408642917
-15.840160089972857
-21.201807101747907
-18.84379033678097
-14.188753101839746
-32.14235703677811
-11.163753161629181
-9.339324447088384
-22.66259563868406
-31.86002248891676
-9.236834439998425
-18.259587129671264
-26.842653111599528
-25.953445243464337
-39.02819851912485
-5.298116895062359
-12.73766636987472
-43.747865355149514
-24.51659036245422
-5.080511897398893
-10.321509177824629
-11.667766102295817
-9.581399750883756
-34.432283953889396
-19.036840177150076
-30.079488821215293
-73.98891548119637
-9.064490326742632
-5.468531359389647
-17.102727897497715
-19.232496212815587
-12.266520505532643
-41.04781146396171
-21.086133211785913
-18.23612623330021
-33.94215179229735
-6.746957819772675
-7.754351012059961
-39.091602115349524
-11.14724017660138
-53.003894283353745
-13.423999013951192
-11.983693552480519
-17.388836927651575
-158.48944278774297
-26.37591668104229
-5.0674881554055915
-10.96380916354371
-17.675010782542568
-20.96703601515162
-20.29294969186508
-12.720351635581894
-20.00592084263087
-20.823455952421007
-10.120193234236302
-31.677564763358838
-18.97484986160365
-18.157249269764677
-80.70434672761097
-15.676116593124696
-24.496777899999522
-59.09377432710416
-11.829852679062142
-23.056566182133967
-13.995868640042268
-67.93768765111551
-50.03499342111986
-19.617575763778486
-15.795170666892465
-8.477868743229022
-26.769592880121543
-16.521994637272822
-98.03780168734048
-6.086140465543667
-28.101300358658094
-4.3372177087255
-12.073615590881749
-13.608945679053502
-35.90348278575114
-94.95729779172528
-7.179320683411038
-11.251855743330077
-10.953138684479846
-9.024473598306841
-31.406936828195825
-57.56801901913096
-23.009792038393876
-21.183238956507736
-2.677517947187647
-21.485007678377197
-18.197255588506103
-30.28009954825864
-24.821967365266072
-10.415216748717059
-11.412938269920247
-23.497771973814544
-12.824218811122936
-4.460098432615676
-72.27546774436192
-52.57352482943042
-48.82986507144249
-20.317109932193276
-15.210750234155762
-9.266456112501748
-30.057731821886907
-22.7199862310767
-13.779324654959199
-26.78469434024515
-20.671173863476323
-52.53489263146011
-11.250669687377412
-6.687553469414232
-13.894939684149293
-8.143747018972434
-23.333062175588168
-15.791092431879663
-7.383004383554204
-11.914864595994418
-27.10891122509635
-11.170856841103774
-42.754119875752615
-8.748380360089811
-36.50330758181757
-52.19852643011705
-9.842799394747528
-16.926181029055414
-27.544072611235947
-13.694111963833402
-21.266643917443663
-34.589746600984434
-9.99381725251758
-10.268716662917546
-19.011993906284662
-9.008407586174618
-30.55053439319956
-5.052246968665468
-18.975483657919803
-45.90451957174307
-7.553657782102708
-8.298551317647195
-22.615090579147655
-39.39481314362037
-20.596059361552413
-20.737861071740237
-46.799604160833944
-29.449564274031452
-16.024237441122388
-28.465599156477644
-14.7572647602947
-7.993937394098047
-29.77152055258429
-5.489867527164725
-37.2004562035561
-12.968521905980957
-19.381918962158448
-54.07400580964337
-6.451442799450004
-4.952712271853386
-20.0421486131443
-41.026543002939405
-5.886314308878727
-29.772903039468908
-35.960637444571454
-29.117207834296423
-7.671726610774688
-18.735929017781437
1.2813479639651593
-21.45882506599521
-25.31997272241111
-20.851205513876906
-42.8185348216803
-11.540076207995895
-13.84863679794171
-14.09094077213907
-35.625458112823736
-9.282224740749257
-43.00921721580006
-20.14811441634944
-36.90313369661168
-25.66206551494847
-46.44757423348385
-17.063026171642136
-70.41452859825952
-47.150516989316394
-14.210746167593252
-25.65970087278159
-28.403583760296293
-3.2553256066544156
-18.194374299258087
-8.439466347348347
-17.410531334906057
-8.383506722607336
-9.152822866444408
-12.891532279655632
-67.69218407854227
-32.646148111120795
-9.55446705167278
-29.904498717279594
-5.24885029650062
-16.54109360533497
-19.782987983504608
-26.03369590827856
-6.341357548868216
-8.496603757810812
-69.27997158728833
-17.347264613787345
-13.32051357198906
-8.546568668735793
-36.63836950452266
-8.936721772623647
-8.117163138176075
-15.328749562789735
-10.570787938301303
-27.60594509705457
-10.471559380938597
-21.61101598880575
-31.822363382270535
-9.041097823124673
-6.117990199564311
-52.66994845758195
-17.787892149234736
-10.40568942875016
-96.59664420623135
-37.803547619032635
-2.504424550032882
-12.506027453445153
-7.963091600423646
-16.399101703482124
-19.31917295482901
-18.827237564287763
-6.999702833131828
-8.25327821026637
-6.874413457434299
-21.93690295568071
-9.858927443750495
-45.993193724119664
-49.184289684622804
-41.37432552974065
-7.176449454691475
-8.251681188420747
-5.066947951078361
-44.866945667738676
-9.832515922772362
-13.110563787622947
-24.00174091773915
-16.89447866198217
-22.508314529135006
-15.937063918695499
-21.52592203230377
-16.214240014116452
-21.98145361123163
-39.70974417995415
-13.062085366730301
-9.66835922768101
-9.13049660529011
-12.367678396428431
-30.14376467329836
-19.549591501862285
-65.07008942362066
-10.905157433108362
-20.347234754836247
-14.986592885279762
-13.61700982461675
-16.020405542130973
-20.020762360419898
-32.12476363029348
-14.304768795751494
-21.80136026482164
-12.699332956650949
-3.6734477264774417
-4.861236184107879
-15.803606060328297
-6.459266277330994
-25.550233194306617
-8.304032128091139
-12.723480990462534
-12.298776549122293
-51.03427336567597
-36.87198015188774
-17.739123555261287
-19.25701417941686
-12.034200014683165
-49.16410423206369
-12.435697110959287
-16.96889556827803
-9.745890249936199
-11.122648428356182
-11.144550567843444
-28.884314455302913
-9.537588831004708
-61.514541025435356
-55.49187233164196
-61.03361402211559
-22.873496265697785
-3.8066546747271217
-36.3113668040199
-11.006372293751186
-15.475913758948616
-15.655623013192228
-9.868213809861935
-9.864493880063959
-26.956812700777242
-6.657497801327929
-15.602922863630765
-24.04086079833385
-22.237788378924783
-6.421807441024311
-21.544852162678175
-8.013861599179668
-11.517722129438303
-10.858658060780982
-15.85603888659217
-27.13826960148846
-24.447768274773217
-11.078049170510443
-11.319595117038402
-22.144314913869636
-6.821548634028266
-103.38742637274278
-7.924866987173485
-21.027371746068603
-13.613251978471883
-29.132867111998603
-10.287056745787611
-22.730338569735476
-12.930170471909845
-22.626884234807516
-7.1102608059001815
-14.899034140029915
-14.813111905577024
-19.876121124098677
-10.370834903200137
-6.814569346888052
-7.312884218751623
-36.47495480971006
-5.513252918920567
-7.568461211150121
-4.653802061881898
