-3.416356563889264
-6.219791352586853
-4.281768155639394
-16.022778764385055
-17.641282435132613
-10.896803913410428
-7.980009392714003
-4.103659513792257
-13.605145492526
-19.034439760976912
-29.970761050836185
-12.904557752521239
-13.263735078822567
-23.849745474373755
-11.408508235583225
-24.37499451043349
-29.46766776156115
-5.98907695640793
-11.44488000206095
-18.961409906962608
-3.8677714903196243
-20.50947639405846
-24.633042525092808
-35.08655635041165
-3.1451787835652056
-13.362317435194473
-33.09316691931391
-12.406686198777404
-19.545808746577336
-25.663173955975722
-27.522518270516542
-27.67391215965753
-18.384805985215877
-75.45576723162489
-13.593502355564086
-4.506295893020117
-18.27706819087279
-5.57622564461931
-14.23795744709702
-25.918185911165676
-23.034069813126504
-11.121855485346913
-10.675795990482055
-12.781117790822456
-5.526874678968254
-17.356804493931318
-22.760210525108967
-10.847598234763579
-7.009227135145141
-4.997697661124204
-20.650304847257438
-2.8805934262226764
-17.08054681484862
-6.065424179406768
-29.376735685995573
-8.973361572478764
-3.6910698298880393
-16.058366792998957
-14.910334785153621
-3.545739200597203
-15.600769235142003
-8.804615934780319
-24.68668043284999
-66.27821427036305
-6.805749694448388
-4.833117613873874
-4.498312820654912
-15.434909905903464
-8.161103362534805
-32.60261667473343
-12.729598504858519
-14.804087910431322
-8.881748593850276
-13.618415948210446
-39.710238531568066
-15.26124351838029
-10.759214764648883
-4.476491374027749
-6.890858999447207
-9.270862459742547
-37.45468557296196
-3.9647550387289967
-36.12920581063491
-3.2867488851507547
-7.494866466846396
-28.28066064044914
-11.872428953952115
-5.428415708502205
-11.1344515299583
-1.622057352941947
-9.202261603660675
-13.94724785073735
-25.618166346753842
-21.035376184536556
-15.836679413279251
-6.607998141929144
-16.64377519954006
-12.830409192755571
-10.883494773888202
-11.683526090422472
-14.131053413165207
-16.921697807526712
-19.022658935345575
-60.47302770551147
-3.329865026223835
-9.735084399532887
-1.8833660188143357
-7.408458270890414
-8.451189348996747
