-35.240986044588674
-60.81086889232922
-42.099997515323764
-23.52592871887182
-31.175991117357704
-6.523275481443235
-24.302739425192065
-43.948778413541554
-10.566254357074113
-47.591446476895406
-17.22162929811712
-5.672567517687316
-8.894799334904603
-14.983877652289905
-16.63115923198644
-27.465880604228566
-12.158171919087229
-37.657185869686174
-39.61907916677315
-4.231450215523844
-9.549594777820452
-11.163827606002323
-18.635778120196406
-18.606399379625305
-22.996730348716227
-23.34008928537072
-13.034336630345924
-49.16334537570449
-30.20816283450527
-29.81715827246077
-49.08706339652461
-77.36427031131649
-9.07671344155237
-16.069075035289995
-5.388997557094163
-8.18970635527425
-7.88041397809497
-19.059528208487322
-19.33355912705464
-6.6493930971650865
-15.95453227641223
-13.179820634892565
-23.828964327006524
-19.00293101731517
-34.65963074807635
-13.633533136473712
-18.421635839937515
-6.098884919652852
-14.868230016592367
-15.046770691977786
-23.849025225399945
-7.699608113114852
-58.54495484911786
-26.04445453555513
-10.026328463176847
-17.343220620561848
-6.687423980363102
-35.24676700646391
-9.895678655006597
-7.5420992647144125
-9.88387966300552
-11.776966059969999
-5.716905406863623
-3.842534178794732
-18.831571987542144
-35.58555384561451
-41.701814202140454
-9.915859251958164
-30.500108937706376
-7.932252744033085
-4.054388499084407
-8.575811856649175
-60.1363119149209
-12.32252119958203
-14.061278948294582
-17.654806406147433
-14.065699030134873
-18.125827038027975
-7.106748822754632
-8.50163333080655
-9.581552716896946
-33.87157630406963
-13.406010879199439
-42.900009170750636
-17.128924366094196
-23.394676402659158
-10.922956241915003
-15.593083299555419
-12.299883871782123
-25.130004780411483
-5.986825185668807
-21.776162322488013
-11.803137212756171
-12.05710026038827
-86.96400787037892
-12.22072309738142
-16.580285610082523
-16.022927063343918
-21.24299523032377
-17.351387935501226
-11.602070720411444
-18.035935592346405
-6.446137634729293
-6.497213276438013
-17.098351732110906
-15.823674611576172
-72.83162907474521
-32.88842563964535
-9.09284807471222
-7.452937748242064
-5.045789940719265
-21.67969791654658
-32.11865432495855
-28.789133108196864
-13.03205563803394
-7.528623020414915
-21.8251560837551
-6.316809143253527
-9.611714742326694
-35.29657385684544
-26.441573425755895
-30.357459502065993
-67.31359601839338
-35.66029522321661
-94.9050778515675
-26.902900240499996
-26.094491857803867
-34.203000352098194
-18.024848308808526
-7.5113212976697845
-28.91075252754512
-15.249902927641719
-29.073071534326377
-21.066233527084126
-5.211300433819469
-12.796313814449771
-41.601536662514775
-11.539410705308912
-33.16099972037318
-11.429591071215738
-44.19499670366605
-26.61597552601715
-9.84461543733797
-32.37107934962636
-23.993006209697118
-11.978458292322255
-29.083812999705255
-20.653158408122234
-9.518432512893135
-44.72965665426053
-8.2135420596896
-44.38853931765999
-15.92432372601476
-11.465936372744999
-13.084460474506189
-26.170753353696508
-15.437894663501925
-5.945500329350611
-10.608051830666527
-26.113602526267172
-9.524380865110283
-26.813083600121487
-18.57962381167719
-9.104714065016747
-68.23149711313104
-7.260094736865086
-128.2472152935643
-7.657953576236981
-35.377906062403625
-38.33944455942146
-4.490187907363711
-33.095171479413246
-4.201919731506313
-18.22849905560646
-5.945500329350611
-27.353399854812704
-25.93180150150563
-10.718365382936163
-20.110949445220086
-61.24154034644892
-15.026698649842682
-6.361484059837902
-38.18693382510635
-7.853535041599615
-28.936778294658332
-12.930070495453702
-39.965034396238536
-17.757047319644588
-23.027481636551926
-7.0813075765637805
-26.725871194913527
-10.932990155076627
-31.207658880819423
-132.20003798372707
-25.89416149034874
-20.958378994570623
-27.481819736020924
-40.806902117285986
-78.4421780854134
-38.61233045262435
-9.607198277978808
-20.551882703925855
-29.51818698116578
-43.5823236467283
-6.781494978292444
-23.346043638158537
-27.429649209976276
-16.750297787344753
-39.804188925225866
-22.516443908180598
-25.048225682991095
-38.2738610473327
-13.480089448875905
-24.65986600457081
-6.000720079432276
-11.621918290927983
-19.31107213166041
-9.224929257062016
-16.057933705979682
-19.14489124965204
-49.26679180052918
-28.62077993547148
-45.78891469932086
-40.15496419507013
-9.031865940180934
-17.662625990716112
-17.58801313001855
-13.164043268207038
-22.959543715866033
-12.183436992701937
-50.066726037326454
-27.530138123809973
-7.97591171462778
-14.666680425890567
-12.464373044671056
-5.574504514255042
-13.048487833492153
-25.926790877344267
-8.939666064644845
-5.083526693986701
-13.242846193326974
-10.584253801708321
-3.7366009894136294
-27.37672667143133
-15.457621524860496
-9.148144897095948
-8.095247127224207
-15.028012919694246
-19.805309275338757
-7.2227598903635855
-10.587412569885565
-5.441047377320387
-10.98723888043894
-20.254045973274845
-22.086702351156603
-41.990897076354535
-14.136137280843386
-11.534135962214902
-83.56229567336234
-37.57744724928818
-10.723439180581767
-22.323088328292137
-11.60661513144857
-19.63726457783767
-31.088613786943373
-28.244268255834942
-11.316471750547024
-16.47966913551662
-13.26579472082464
-12.148010837158509
-7.276142286882274
-55.23537301140741
-15.166494053764536
-32.68073187326306
-17.9918663963768
-28.8860833432988
-10.210314075358788
-35.612091368409146
-9.123857701953584
-5.853871215932695
-23.658660966224005
-36.950601637241604
-7.2436143392106205
-9.0523947810077
-25.061064704485876
-11.83561384154226
-27.602358493903235
-17.035771369226875
-32.09276978023718
-15.525350029720217
-26.64482524536304
-19.89352924442358
-77.583478248348
-11.944749389653053
-12.963619423278269
-16.963580635989487
-32.696830259439864
-21.346055311175256
-27.35806007692575
-26.915512663099797
-12.35961374238217
-44.62977203617791
-14.098616826857757
-6.7732511722507045
-16.097122476063657
-18.108773924888613
-15.28292192347551
-26.742064355445144
-16.841977544292178
-7.576195256588218
-12.129439402428794
-5.523594564693551
-7.103507656782961
-20.686188111916465
-22.389722537853704
-13.101825422723183
-13.895185105581596
-15.890786859025269
-24.476224288959383
-6.395077118746523
-48.66318699129791
-15.836531858886408
-10.710141479446127
-25.07335692582939
-12.432819656117367
-12.014352869975193
-21.445051264428713
-29.786774733687313
-18.03558859657768
-6.316852931573487
-15.828522686362206
-15.361545170488558
-11.270720181960607
-6.632305681835882
-30.27045573511628
-6.79821012030956
-4.362292592093729
-9.563453602572443
-9.570107718401864
-14.404387165153729
-43.16828565375755
-8.740673976091216
-32.58099760133021
-15.9194595062563
-17.348296942055754
-81.95289309312226
-31.987065776476758
-5.74177407116398
-11.652532497351324
-20.106738947995876
-4.010743982143609
-80.9750088555424
-43.63143809967324
-15.25350567899069
-28.94611513284255
-5.68000827018151
-19.32787386433225
-22.94679141074592
-14.53129198233871
-9.305799396662717
-51.91558139926261
-71.15123499193028
-78.48706377959782
-17.495931322839898
-23.695743446554804
-48.758556453921855
-11.163660744544336
-20.583535306953962
-14.977613217120336
-21.478833942752715
-20.753673743991882
-46.28675214435795
-21.127094682360834
-24.933787617003905
-45.73339319273997
-24.74650921235218
-7.5740654004540975
-15.966612407095012
-208.53684967815548
-17.210976635398932
-36.687264137030496
-27.52074376336102
-15.160330414265502
-11.252380012947759
-40.94941157910056
-11.030437396448775
-16.04452259999377
-5.370582888999935
-16.837982225956825
-11.898745930208095
-13.84591191652339
-44.9142180691141
-11.473633403556244
-16.124974000058263
-15.290478264280672
-64.09825869798941
-15.923325285765278
-122.15453000397798
-34.10269045384619
-21.937993704262986
-12.567914641259968
-32.36335067733023
-47.150516989316394
-36.77296764255554
-9.374019555937771
-5.936502781702007
-17.741137765860355
-49.51446202829787
-30.859384219458676
-5.420035189989859
-22.220488687540808
-41.79366374015727
-49.86744886980671
-20.728436405952866
-23.449738264210712
-11.336002564768437
-21.123432757279954
-12.037761789302108
-20.596666968783644
-21.300763627058885
-37.27607157860424
-16.61149316476564
-55.27653854582262
-18.185477203786295
-8.094800322441094
-13.673310588126633
-9.040922579333419
-11.874302931052998
-24.42494021618089
-30.004754341661425
-40.524261092891365
-6.117924004117905
-27.062938958024162
-10.994063973398248
-33.09008876093192
-16.97209214118286
-64.9413079180281
-25.054538446234915
-17.627136617312004
-6.523817544385942
-8.991958057316484
-22.601401179307086
-23.625869594206446
-9.44599950792347
-7.019071229819374
-2.642905455254515
-15.02819726615239
-19.361983953968647
-15.467622887618257
-12.9434250271974
-3.290287143731189
-18.68367846505093
-4.6493872850599685
-9.971205347682073
-9.253171163387773
-23.02857770396062
-49.779587944777724
-97.87825349860069
-9.770661817007118
-10.684583153474085
-23.797257003368983
-10.969264035958671
-9.585403617819578
-22.032443881686195
-11.437659963245077
-11.675624040511059
-15.839575920199678
-15.850174309587562
-25.673850610262278
-7.4156850769554294
-15.570949638110264
-20.696060909790695
-11.404901721329908
-54.297643544064975
-10.62926741730821
-21.5242391377433
-34.93911868354123
-18.134559262345714
-28.90798027801066
-41.41902844207816
-16.57404717589613
-17.133671718854096
-42.8203982920747
-14.466124696696063
-53.10147539242123
-11.758561417357582
-12.495264681025029
-43.928712988464575
-37.85432318204808
-7.6630707489346115
-40.746603301089564
-8.127040226455863
-43.672389292356605
-9.40857654929298
-8.757481238791415
-6.909993500906168
-13.884778345435876
-9.07634807039153
-15.61827721677111
-11.93782761191037
-18.380799837491328
-17.04586798492873
-12.14962167961479
-9.792601458755907
-106.0941450768854
-72.90261514631347
-22.36151521793954
-17.60995750372429
-13.277224280799121
-19.35521535722193
-54.85194371633638
-6.512677829176382
-15.688601121870596
-47.53710414159095
-46.27536633446176
-24.388203502385327
-23.293257544947377
-25.663252038931006
-10.30549324036221
-17.744279060386905
-9.25120215051908
-6.184261557708711
-8.497949157947446
-23.411341764937216
-17.899555602441477
-5.123523872925209
-27.534040688159344
-35.785198646456884
-14.088641797163904
-70.05929516822376
-35.1826809069145
-29.97841683103694
-18.96356933460132
-13.954523068559189
-31.59357718779477
-17.762542619085455
-23.000441695487137
-49.864181551741275
-58.40761197697502
-19.147019478170346
-9.034886778153293
-75.25688423896011
-50.408469629284184
-9.394580259053827
-50.65519784543977
-36.227700094833814
-45.30749028475486
-30.62046793884568
-32.96877164534184
-4.072641067434627
-14.484502694828628
-32.38835581033491
-124.72005735293818
-29.498705427539516
-49.03938364506633
-24.99470577332472
-19.965134173014757
-19.936715357106337
-19.255725122093427
-12.682544086059215
-30.76035378977372
-8.102935456327078
-9.517107793816923
-17.517052576188995
-9.650417525633685
-8.84954668939747
-24.018343113462645
-6.277092319503118
-28.0185530051472
-10.7033893989863
-8.93068126345566
-6.5793139832504215
-43.45062779827082
-7.521112183394805
-27.767120529790443
-42.72233788627711
-20.873403736737423
-15.964663340917001
-29.768427199896024
-28.81948364155539
-18.495735751663176
-13.267655957296684
-12.976277983703012
-5.675348881760137
-11.266621478878093
-49.19727014057644
-9.925351200748988
-10.698966816932414
-15.832240882137024
-8.575857964551348
-56.503059168034554
-27.149420301145874
-41.473671655145296
-10.279691642634528
-14.488192035385898
-59.48742840307102
-8.836081211827498
-11.93561420275671
-23.938780995157792
-17.14455041625138
-41.2634592764867
-27.107036358560624
-18.53602078235135
-21.58454405556861
-15.190663443993097
-10.220627584936373
-16.742181965539718
-25.831399435304313
-61.736372937804234
-11.056358823061068
-20.815606197021978
-9.607404219283861
-9.136928101014322
-68.02890755173708
-20.13788878252906
-54.472705662328934
-5.939315108067497
-9.670380041876301
-5.210899072602231
-26.16032380580647
-13.634356423205597
-22.906741380120543
-26.4878415761464
-16.510528298554195
-11.05390623388227
-21.823485408976186
-9.928114120878892
-22.94992475201003
-10.174638062083432
-15.211148705405966
-5.642511018730993
-9.21655457406567
-20.30981161571843
-11.581320957673011
-21.32065762033251
-32.07053405371023
-30.8812530225514
-20.05783331473768
-7.78783589625499
-34.81299352014744
-7.744435472609008
-37.70242586322991
-14.004204342142899
-28.56204725980914
-19.166544011619216
-29.954320952416822
-45.43836841193546
-17.13832020685049
-8.085155946288094
-34.80811101196431
-41.89812110316238
-54.91792165007685
-3.9345929161677597
-21.114382287183293
-9.940129109082523
-12.59441373491584
-11.22606530281144
-25.901352797106192
-32.737876137287124
-17.112128542436754
-15.97638599107719
-23.16504369212456
-11.236524663456288
-34.89368674642142
-11.118198701690575
-23.967171812183693
-37.52295314861302
-45.17898198117247
-23.31271942993872
-32.17337620931562
-26.499692077983266
-8.187384377614332
-31.953453647202767
-13.361986682015091
-9.55110492245557
-76.21035326761513
-5.803772840656146
-45.56597412174663
-6.696427230534611
-16.832817956204316
-6.4688938764855
-28.451596622931834
-31.746740061518285
-26.574201707255046
-49.87212012077268
-28.53670575728667
-28.77080754611032
-17.963631183218737
-14.892221784664619
-15.792348030981227
-24.82526613913932
-20.396596467656114
-22.02897781746126
-20.7202896871806
-32.75802156675542
-17.540831663652543
-13.869175275140234
-10.092086627614895
-24.501611827205586
-15.405398544282052
-17.678508499699284
-57.287884477948374
-8.241297574706913
-18.233710935640968
-47.27272701315048
-11.153148602559392
-67.34948645561542
-73.97128778646193
-18.185983682829175
-12.452716613709363
-11.132880989201038
-14.50561760240575
-13.788364129048738
-10.222791885910283
-16.837472046882432
-34.37925362702267
-21.972384701744303
-118.73301423723937
-9.08918582750831
-14.72133980737457
-9.927675997070134
-11.130398693736007
-15.79961405864137
-32.61222937428062
-5.121540783315111
-35.295577835696996
-79.15222880855903
-31.221653052037436
-68.0207898811673
-12.323677703987956
-8.103356314906375
-13.666378187370134
-10.316919689713618
-43.149914915123446
-4.201919731506313
-9.781150480655903
-5.859856079371824
-15.19483475875959
-13.001281887923284
-13.996449565126118
-24.68196670364842
-4.005356801686158
-40.17989893502378
-64.79753231762814
-8.189645881650595
-86.5107286060341
-8.074588179635839
-6.987071820088441
-10.076122891108914
-5.885240262913639
-24.490802810488805
-14.749925295830657
-66.04396039752064
-16.925212260385905
-37.39196780045069
-30.341985721798498
-33.42420413246258
-41.93757292030473
-9.361547108909344
-27.353430348470017
-21.597762984549657
-9.410637907292065
-26.05461656005558
-5.600704701577555
-12.255815376802326
-82.55411027201131
-13.085477691937973
-15.427150446514256
-51.410777053359055
-44.064244603089335
-32.10257740050282
-16.12377610822051
-33.40729276782165
-43.396428840071366
-9.333056615320974
-35.844840331776126
-20.87605232452437
-16.771732395980383
-31.730357056826985
-8.37373308345993
-15.397295819493234
-23.076390866970527
-6.666075525674838
-16.09770996900291
-43.86911946594447
-15.768450909163787
-35.23638410301571
-21.82373856971111
-18.952638818181732
-12.642943511451678
-75.76767773118145
-17.959023248388014
-19.48912156311997
-11.67028994838581
-16.64815910523499
-65.19222516102595
