-9.611621837495397
-24.15837794771899
-43.30068635823213
-14.56736617011587
-6.712706029679655
-12.514734898042713
-12.341819755151606
-8.99789764518108
-8.242075140586493
-14.024987078172872
-25.59173163682101
-5.656653510345879
-8.604991698327238
-7.788453322892205
-8.26411219381777
-23.750295521732163
-29.564265923922875
-65.5833133526571
-8.914554633623768
-21.30724128164121
-4.541635534282404
-20.09240356906812
-21.14113323521406
-6.931652715890323
-23.77539157182528
-8.941373444540265
-11.158107637461846
-69.26405202444782
-7.939567268575709
-6.661283365835381
-23.485222252519467
-3.7807636845039916
-5.950621590203924
-7.4455666511646035
-9.372125724841295
-14.506658578185093
-25.05660926304388
-27.06708923560351
-10.213133146070163
-24.99771535453661
-4.739776285319523
-14.340465505284495
-5.390848053220692
-18.126841199742614
-23.105058929940572
-26.19174136462021
-12.24794456206703
-22.076286891679853
-6.324023749683636
-30.741356050923216
-13.23879733149006
-5.699561542417231
-41.0046456498137
-4.31540733431826
-36.73332763735163
-21.84766155074803
-9.808163841455158
-5.579088449224937
-5.845012091026103
-12.503306534766734
-13.13462166392694
-9.48175086298262
-42.19510685601281
-49.291544670398395
-22.83150148444931
-24.930286965575146
-23.055044605874823
-11.730176616178108
-6.216927135977694
-9.61594501744833
-14.580143536296342
-21.3970564604699
-94.4809341330781
-5.697279625244708
-52.73959578793656
-9.054225559769689
-8.81862978438582
-35.975773325981216
-12.287341437628276
-8.901576850420291
-19.797011411653013
-5.07259634852674
-17.937256967894598
-11.697010067436654
-11.277868977378251
-41.78517584664337
-44.685995486447325
-7.678075340873096
-30.853452837942537
-4.719837655710674
-55.42744071737699
-9.229305616878335
-25.88214048620621
-10.853766905680924
-14.69618617541641
-14.910027602956529
-20.178353151574047
-18.160781994721315
-21.63790548457079
-25.76348314967026
-35.315864061490146
-10.41351951000605
-11.167082528681686
-11.723500101481351
-11.10285131053164
-84.15475965671237
-7.07203271334054
-12.279300095748313
-17.663030651194987
-5.607661101448136
-75.05216327359803
-28.997131779580283
-32.358751233521495
-12.246756440011744
-3.172903077705361
-19.942389242409373
-23.454915790570737
-11.960543108844863
-14.306419084751646
-15.556804981324394
-21.287046754042994
-8.20584750516221
-7.950257327062926
-14.853883264933387
-29.87089456405659
-22.115747850620554
-47.99725212592236
-31.57220879296162
-21.140235743701673
-8.451312370192817
-6.363459221848105
-22.34659078479514
-42.116169025033244
-12.845236401837907
-12.334583546806247
-29.4075607881795
-16.041519611967352
-6.379762880068128
-49.198425018138686
-20.112357828328893
-6.630630357370281
-8.075988603036201
-6.539911184179249
-8.759009491327367
-20.927484800079394
-13.01649690946057
-14.925476390945203
-38.57469931920795
-26.25650126451603
-9.034762804135712
-11.648982107147749
-19.350759455377705
-45.43695448626292
-11.905413597274
-4.956118570618795
-3.912190248098272
-10.912991108685027
-11.629205725413128
-52.90689232149861
-27.62457048336486
-13.44657537255954
-14.00597992106808
-12.899315010929636
-17.69983135220585
-9.414752846680674
-48.69522248145859
-15.168384192181199
-55.40420755808566
-29.334918935760257
-15.866215369063449
-15.241556996158184
-16.889590774753138
-20.07682452488413
-18.73128443009058
-9.141053520443517
-85.7621465066047
-19.771587329776466
-14.782358345776204
-21.99758965306021
-7.148954251371026
-6.185511353865448
-35.55814876005027
-18.772886354653902
-13.411091096627503
-15.108761298365051
-52.494423213805526
-13.000815625815507
-13.522264852166664
-9.524181562371854
-24.590782974782037
-36.06433341477892
-41.6339050524736
-22.65892986681417
-45.520192985413146
-12.038970384330893
-29.65251558428922
-40.20667392109998
-55.49276635484882
-28.428385893535406
-9.062779177146282
-8.313779298478519
-24.43524960008163
-8.307240783493361
-37.73647880027427
-8.464376670274568
-29.088919864513354
-9.281899877708046
-13.041116532346583
-9.00690880612397
-4.3910839055738125
-7.18949057914432
-27.715839118446777
-5.035403480122772
-9.363016183322914
-15.562983903966986
-81.46136819070112
-18.310007909576132
-10.353365001108187
-4.512651827874971
-12.667713788374718
-19.1025720273935
-7.765381979168544
-6.7753978544292774
-4.787918539268544
-10.369311046373276
-43.871997530693484
-15.950762898918503
-15.587397798876824
-19.756735798697513
-23.637427760830153
-12.429892936841064
-13.796634270118997
-17.649210955529288
-7.713822652044632
-27.763470587440974
-23.139710642176528
-41.48666091187965
-33.05267587528133
-14.455950124483412
-7.015669887121191
-13.313581804643125
-24.204303091764693
-5.886453046354023
-12.56716726439923
-11.775863826033794
-12.467072515777652
-7.241660705163927
-13.728424502099733
-25.43431887388754
-5.125488288632638
-9.684765950687082
-17.590915341585813
-10.185692646805764
-13.372355924821049
-9.149652996052687
-8.638337864303132
-5.05402558354702
-26.522523241865574
-9.004003746029484
-28.554729352323807
-20.483376995977633
-7.847167333307645
-28.837441408919283
-10.991926669844661
-13.716750962055638
-8.720341493305565
-11.238269195528906
-18.277266030734896
-7.50339706520466
-12.340482882426896
-55.33493799791875
-49.52645984822021
-35.33328245409023
-13.627636198408005
-43.72422884140333
-13.365305701201276
-22.827448223246986
-69.59899905230114
-32.83413038745467
-16.152263288855792
-20.646593430709817
-117.28033424415808
-10.391721141453342
-6.911177102921867
-39.37083738921372
-20.71074844507265
-9.02456404542742
-8.834878469513331
-34.886637821860916
-6.812605943202124
-31.194910081113967
-9.23238533906184
-25.82645616243116
-12.635904022073616
-8.52069564691756
-5.183503948075527
-12.043145041892723
-10.778787711506864
-20.738082221505703
-21.537772450090557
-7.478631183834611
-19.75250200397006
-20.313773729945293
-27.852190346352565
-29.135671270085844
-6.158970893305817
-32.543648141305646
-8.199305725771183
-5.857840065006174
-14.312333075015562
-7.786931540586576
-28.904988387425366
-24.402767499903668
-15.948659497631331
-42.01349024280394
-14.79225794446033
-6.881066013978573
-11.88085436874973
-12.779050863454653
-46.41473931594176
-30.865567910648476
-12.99508728268669
-9.449230131252765
-27.13402532042382
-15.993276911491032
-5.1556505344742405
-24.219343698967155
-33.263712613326405
-31.245248322704136
-28.800983874460755
-29.975116552763158
-26.437250065933007
-11.942104167434678
-37.991524945064285
-19.09548853735572
-8.545485192751396
-6.447191607152584
-14.988959577884843
-16.32319911867598
-19.709060137677994
-10.634167233647068
-107.21681157942133
-30.78069597432008
-7.977894933675363
-14.424492859602543
-44.207543586727525
-5.116345965014977
-54.962596392932305
-3.6301799528001375
-31.026559248947876
-53.73341615701755
-72.0697089950094
-78.91317310012356
-14.892584613840786
-14.721415444410903
-26.42195791703299
-6.991925309622118
-11.992060018201027
-18.451991883450177
-15.985435918348323
-30.703229802900672
-36.85891221183302
-16.505009636835126
-10.047852805296447
-21.34794926300186
-16.20211638372272
-4.647675582515969
-14.591904988613274
-9.638252312112886
-6.741218223409909
-4.6338598151603545
-6.968500314370695
-19.004840091286738
-16.671040197252342
-28.15685620598512
-23.399601785859126
-14.893508410808078
-30.85058919465025
-15.610356907254312
-19.031025555178537
-48.55809464410216
-27.54635256734897
-12.655133723653455
-14.875678552329386
-25.626994678480337
-9.482517512981543
-29.999239504181375
-9.277628860570008
-6.23305195317491
-14.820644168853644
-13.263397653010944
-6.480631702169541
-17.463511714981845
-31.630863965262613
-42.661474936419594
-9.808373961171123
-8.931907653566972
-8.378864581775124
-9.101706094776828
-19.4714674323404
-5.910851086506806
-71.95330256510492
-10.374897393738642
-7.115404164502389
-8.467523213897316
-9.776650156107653
-15.395350655387675
-20.684399672572326
-12.68007286366757
-37.31248176365019
-14.332862074185444
-42.37679646530235
-10.421686256541674
-4.590372582980433
-5.1989569642988895
-43.138275033478536
-18.14927250125498
-14.903538326969327
-31.720604753085112
-8.798435235285126
-38.00563718693053
-14.291356120354079
-7.240831709198488
-14.730510684738062
-70.52791054542251
-11.341981337321467
-12.929734899044625
-25.41624475152797
-6.683457036367425
-4.4791081431963455
-25.43883445126079
-14.499440778268069
-33.464595265684736
-5.828698256853217
-12.832379670784244
-8.026395936911536
-35.69631471684017
-27.0924693533053
-51.40942557342654
-26.760424570318808
-18.27759260874151
-64.96796886041072
-10.521762418299604
-23.109511544320476
-9.740456017586954
-8.013146440537824
-17.34142946997684
-22.575134763992452
-8.51828378078474
-10.161544393472024
-23.99082201735073
-7.872588137713922
-31.01043061456974
-35.47617766012737
-12.049384534510876
-10.751433740030967
-24.72002576993631
-7.154824721812361
-7.906845208425772
-22.80802467451049
-24.621446583462006
-53.08057378912491
-6.285925305664975
-29.26628350059731
-11.673457692734825
-8.01336444536437
-27.550449163512447
-37.11430282890924
-13.659175117711525
-35.609722189410796
-16.745357870892594
-4.736645544777707
-6.5040170613635775
-39.68945683989417
-9.06887522928666
-28.916021245337575
-31.229461114817305
-63.91949901229726
-21.027711263100855
-75.61865557288297
-34.866894033821275
-72.90481413003616
-11.220359531460222
-15.403321204711503
-17.007612673289827
-53.56722668697888
-26.343190359114118
-3.3417285181837126
-31.582764320957796
-5.48130181945841
-9.727641149707853
-87.60399586897147
-46.145650976094124
-7.285813503978279
-13.877344886381072
-16.440244464988453
-3.473927326280104
-46.17187037988289
-15.772206502257946
-23.953549063776524
-16.214799168008742
-32.812762939024154
-7.51226682728093
-13.575403965149823
-18.619943364607586
-18.6448699549974
-18.319934145742728
-16.68003050147193
-23.15323506033902
-30.202029705753233
-23.01240348199853
-17.813626771318948
-20.635061447619613
-39.3049715368686
-14.044805625578581
-12.213741891772269
-22.931325461937462
-17.234511988811285
-8.89124583653933
-13.092394716779705
-7.930686015838095
-7.291337112742056
-107.1679046239832
-37.785675464937164
-71.5158264627539
-16.074861998470116
-33.72222514872723
-11.078223488131977
-21.310635699657954
-25.47615475079058
-13.609535606542911
-10.644091123869435
-5.272084690774215
-57.28659852388796
-8.013608361593484
-11.346700256044633
-48.50164917609496
-7.490572336427263
-26.475362153780726
-23.07369939927077
-11.447352085679116
-26.115169442997054
-70.51620870941936
-12.025109127233018
-20.30102035136774
-17.93044272158346
-3.6173182209043393
-30.00150499813339
-22.65429784375857
-18.775754613582176
-7.569150758163934
-75.48806048273293
-13.855516159098656
-23.324330654901715
-7.999512630636208
-14.888434344701192
-6.645653686304398
-9.63276971809531
-36.762592506463555
-41.74617197865082
-13.51721234877273
-10.145621789734085
-19.513262840135397
-13.949540336324876
-6.444987700153628
-34.081310596232754
-22.117873505756208
-12.991611736211848
-19.48309223325881
-20.1241713295378
-20.12620513812597
-40.54384527351028
-22.85850138954049
-43.45154987896502
-4.689069729103589
-38.29440111328203
-50.42761796306957
-21.408475621130638
-13.514875750052774
-6.8414065979917105
-10.319773926409525
-13.340119438300047
-46.56664880671939
-38.76583119532244
-4.702427037585361
-11.086821524628837
-13.60080120013462
-12.688303419605683
-7.177014832846913
-18.969283471529216
-16.612854815408124
-12.937382194584966
-8.87119884970304
-12.061824124212388
-4.762331079912411
-12.198146569258903
-40.98052370693386
-20.38698904792402
-12.442382915084067
-13.625215007308892
-12.802208808129627
-9.505525950028511
-6.370029341214221
-12.77096590912779
-19.305340753119978
-11.423374129306858
-31.130435085089466
-5.709847152433163
-5.056509248248274
-14.029781166360902
-12.099555432557413
-8.152402827410539
-10.134302774248948
-36.660639720379415
-4.067978518863821
-11.37540793805901
-3.2127094171686634
-5.231616894596298
-5.434206846550731
-40.01122401135492
-12.445254068563386
-36.81586120230711
-23.02360546809142
-11.88139295984424
-14.49985282131841
-13.008288943953406
-37.52120622855889
-8.928789899538836
-19.139338987984143
-19.812738399527575
-5.61942640095628
-37.70557598572471
-20.143197753776
-12.16384078807132
-12.095560617701354
-76.02710203656584
-11.454188958411113
-37.99196039128384
-10.198598438564508
-8.90333297087937
-7.758855725805305
-26.40421554573096
-6.915129855899481
-10.164211534299119
-18.845247303403255
-7.883967177097267
-66.30940940213605
-15.26254482959907
-3.1795472436263736
-6.888124195524948
-5.150472025491364
-25.2215597474025
-33.95573347219103
-57.645119732323224
-22.894762327735968
-22.109745216070866
-62.3367221428002
-16.089121395555136
-91.43158382613481
-21.61935226386689
-5.177778951022374
-19.522424850114742
-26.50017893757535
-20.04723221344148
-10.667394398786701
-17.12288847780814
-17.857319394633286
-10.814418115112165
-15.729598676215954
-11.092926114844682
-29.78695376183872
-6.460144964985415
-22.314993874042166
-15.381628422327685
-55.841664308508165
-9.665084439965929
-21.960313205895538
-16.520305487550804
-2.658915792252475
-38.67612367925033
-24.779726724718284
-36.92347741970763
-10.223638481402077
-6.913648381426938
-8.777183552533526
-14.197263761029632
-8.797273992021035
-15.165785922873217
-58.48260202444564
-23.240171490802254
-30.35751201435735
-13.974199438697989
-8.475865596075685
-8.025068774037301
-46.37704702311255
-14.472958816413554
-6.315899002860153
-20.335151755570358
-10.856587358110978
-8.453720119001153
-13.667444121899921
-34.92956325005977
-89.67546473856348
-16.97595045567587
-24.808205961854252
-6.117629616875896
-26.7881281479239
-5.613429591614468
-22.707975333283994
-21.505483494430962
-10.951464724817116
-60.800635198671124
-30.639340176302138
-7.963380726349625
-10.510525458683025
-8.689315280537791
-31.427375293116583
-20.180486016650853
-9.945991008336096
-23.234937497717116
-11.861287055634628
-144.13565694136224
-10.728913898604267
-14.975543237805244
-19.615836809873258
-15.02756002809011
-12.930872691332748
-3.8328881629855287
-4.892572167278142
-13.823040241486373
-5.265610327809094
-17.273395974584403
-6.555070633921341
-10.592000120985391
-37.218353208495024
-25.22085325887389
-6.259274963134461
-4.75883061431252
-16.52169145863959
-9.270129354263391
-8.47621429197681
-43.224761193895674
-9.525061259874477
-40.92088140832396
-10.224615012420369
-13.007464882284468
-6.044151911375307
-6.1807448697093905
-18.67555924818616
-7.746678447422094
-2.826741022395732
-16.161204292249693
-5.691496343994063
-128.33915234657098
-15.453983301042161
-8.509571298975757
-27.68298640246018
-15.43023036273399
-10.702720985643285
-68.5710287125814
-26.5338839810841
-21.992306627868256
3.0979195214612085
-13.557895457723685
-15.826575178553654
-51.88468918683809
-6.618245592225824
-17.812799755926314
-10.400106467859207
-17.12112008977235
-28.17573237699453
-62.67990126971592
-17.3917926820699
-9.83422110436931
-5.507762797539167
-7.629455530557943
-7.644984759631677
-32.64714216181956
-15.746976625032833
-26.511372476294667
-16.696726116686225
-17.654103786314565
-19.440641404771522
-24.076644259575822
-13.242393327307125
-31.495519761354483
-25.729263616261253
-7.386996584522886
-17.99590997428049
-8.370503336247332
-11.120677153490238
-14.147591609220516
-17.310600783970987
-50.53497789738656
-20.001109652157094
-17.947395654870594
-4.837391336757822
-9.094734857421358
-44.86815235379216
-15.945676991917027
-25.169738366898876
-16.62535296873003
-7.840014067396726
-6.007007347516159
-32.7032557870006
-14.376425760518298
-8.955304379577811
-21.316448736807377
-19.523804561589948
-12.047522328073821
-18.285166031851304
-16.070363483048855
-17.38799424901693
-18.884070993205828
-21.592922466083312
-28.956220273798465
-21.117233133595054
-46.47901212694563
-25.705358294867974
-84.73808012149061
-8.311710772613177
-7.052916364327045
-8.486886302813799
-9.142954069459774
-5.065400367837724
-12.589367563835898
-17.94773026793266
-61.01999106970511
-4.120095040265861
-11.151075952701746
-11.87795402846122
-16.381360649897637
-16.29294090701223
-24.541119752782148
-10.63391775999543
-16.939621540551794
-7.111196504058895
-10.10292540776211
-8.560710813598611
-36.774518437652546
-4.8520532005432635
-10.941860877051703
-7.014511980403565
-31.70409489986805
-17.589343883646084
-17.61938643168452
-23.76534792459885
-2.5943292250831025
-3.558212606738666
-13.048219808532282
-6.847383744520389
-8.241750195813125
-116.18136022582632
-8.594455064649248
-6.855239986452804
-64.73768103468149
-24.721506261744377
-5.502395635748527
-34.929170429008195
-13.049200783835614
-62.76468223542009
-21.31430809055167
-9.101287051184345
-10.838863694494965
-51.75218881808792
-6.940368975266807
-24.785049655053072
-7.756009123839913
-30.275505734820378
-5.690586086470598
-60.275172736251534
-56.05276478412262
-4.9269018905246424
-64.24315156458547
-11.572443878847533
-12.594790507862454
-66.75641756949167
-34.26311767566054
-9.132257165077327
-46.295214533998845
-39.842357295754
-16.641139555841697
-10.132637259642406
-14.860752753952559
-20.06858227570487
-7.255670229404902
-15.028683920775856
-5.626850829026772
-26.75961376740629
-7.414382092544256
-10.004126938321393
-52.996669043773935
-18.510915903921198
-5.162959894594715
-51.72164387717209
-22.298866855500425
-11.81476249680653
-15.792415750885974
-18.08342842838379
-39.33649601383616
-21.347208598662366
-9.216905033879293
-6.568866825329569
-18.735605593488305
-3.5645164255528172
-45.26320836257654
-9.583190199909982
-22.462728273250498
-11.868968359484176
-13.477653242689785
-10.968985146690896
-11.341450169108342
-20.548873235594904
-5.998658796280594
-26.638521043628092
-13.429700054596001
-78.86565194304184
-6.203336933654935
-3.7788525244179394
-33.73313093084499
-40.92947523880368
-16.879093244378648
-11.73866720921346
-12.405298607982008
-13.694542830799525
-7.590741250158357
-23.479607106277868
-28.36400433695693
-42.25035002237459
-3.4900501258379455
-7.403558865848706
-26.91671413580558
-27.042010648781577
-16.594731254044923
-6.513237344143706
-15.005099299191514
-20.471422225255765
-9.988354610397536
-44.58976678039771
-14.037804533127275
-9.46255008216218
-52.018052504893795
-22.224304095455732
-18.931839869943307
-8.572748277752867
-13.093712010499573
-61.69098530073097
-7.55895866157731
-12.599039790637061
-9.793063528077013
-25.25939039333627
-8.20325686593321
-9.03877340409996
-12.46662813378086
-11.424014675166363
-4.106217720760651
-11.05956865313161
-30.361482834354444
-7.703091504255871
-7.355288819676376
-31.619550398649356
-47.030879701216584
-12.171817112083561
-14.422786932150863
-5.835824139047266
-35.39674647807742
-30.606140813355033
-6.844258054794664
-19.15086781800635
-26.02708906363119
-14.472177488127235
-14.494842264469534
-15.024413864679113
-24.604831780986416
-8.749982301414779
-18.917955617789815
-10.384616905133987
-30.486384355975783
-15.780890394916632
-27.526928528175144
-16.48268785323464
-50.99589959007306
-76.77031580261357
-18.889091626957107
-15.725901153074133
-16.639687276889664
-32.645775321012394
-7.242476840184785
-46.56376469141304
-34.05531197417073
-5.618286315648883
-7.021147871454174
-9.879546738733781
-9.155285460607157
-45.15837791867949
-30.038610931198612
-4.123770892347654
-18.169060494830536
-30.132579813536257
-48.62507947173625
-7.4056289652064375
-6.964080313756771
-20.653848952855114
-19.75859071271272
-27.078369012197943
-6.712672880590655
-11.21419214437442
-43.74120415698773
-24.43335623623824
-39.141044576489996
-10.91889473865926
-45.6535938224628
-7.732046194997763
-40.19295596000102
-103.88167355330496
-15.96942257521872
-22.679683983618506
-12.61937753881745
-34.16667716254717
-5.030413795048465
-7.606244631349208
-22.93157043727917
-14.147466901687656
-21.993437061277533
-71.74097194998603
-17.593944795682557
-27.603040566114387
-24.77805876144533
-16.21446820446386
-11.287210545977683
-30.527894361537506
-6.074005403890876
-39.946142075875784
-6.12829439425654
-10.35897228728828
-23.372823439393294
-11.8299572098705
-9.1951693653506
-6.936066962922733
-32.496169084700036
-35.00008003846777
-12.514799748578383
-75.9698286347463
-12.728805109876546
-10.35863758422477
-25.209141415614738
-11.942285221828929
-11.597576308772426
-2.383341653394346
-21.09139064810196
-6.75449649824002
-17.003253153603634
-16.431758739627725
-20.338921864918362
-6.316193412177542
-15.543146638835223
-9.595201942821124
-7.450022258737702
-9.943839176207414
-20.744037406595996
-17.88251094625697
-60.63800786857937
-45.76253505445329
-10.178140278043971
-31.75870302890359
-37.92060194591812
-7.739738339583574
-34.36022050591328
-13.270100628645293
-27.2499330009233
-9.112480037561257
-5.962942471938639
-7.920367852931766
-22.584744074435868
-11.168436012297738
-41.96648497645416
-6.87919506449802
-17.709303215188523
-25.988213101147558
-15.051497410893681
-55.49526871795413
-16.849932165024423
-21.180091359883345
-30.69720699103321
-21.116257041264213
-24.464589122749906
-11.083776411908227
-28.51058523070498
-14.791583249175677
-28.370974214409554
-9.868602927278337
-25.295610235267404
-13.160249047107376
-10.470434354725125
-12.573877607452472
-12.810399208431544
-15.992265059894248
-25.09144279328786
-6.393663709571003
-8.483139722531607
-10.473877887269698
-60.20359490493259
-62.91172877491066
-24.138984410506662
-38.163607395678504
-10.277042414683365
-9.136164966520559
-20.970974324431495
-10.912071620848259
-10.78663759239491
-21.833268610734642
-33.74045776680292
-5.612847847640484
-50.83715316568483
-12.372920025653332
-15.661464747118169
-26.590635045223383
-20.766161655972546
-30.453576797440732
-9.790494709148497
-22.31535216013384
-20.785693007082276
-11.878415718790723
-5.462470054348425
-28.254533817932952
-23.661382453974806
-7.657163022134229
-25.8099877801865
-10.444391380207277
-23.27359871380803
-20.00530655409677
-7.343583279062844
-19.273846590559323
-21.955692577181942
-20.788449531669745
-13.92389106295454
-14.63072731442324
-9.171303927866202
-32.97616978080094
-58.34638481600649
-8.905523724255696
-26.40452277410807
-37.296206214496635
-29.631785638151946
-22.208361449227038
-25.250790705187836
-10.137333210299975
-13.583742843515314
-24.132094883985204
-74.24762057131468
-8.726470047188045
-18.549612833319923
-44.4499211376262
-4.118781207273341
-17.426745279331637
-45.14057979685841
-18.845626529452986
-14.656063894463031
-6.319490324820853
-12.309331409770891
-10.414277878005382
-39.682763161916505
-13.232990283605755
-28.103652098434896
-6.854992608053468
-45.79067635821214
-11.09328153076056
-13.099006196813942
-29.011500860016756
-3.7774371413284737
-7.351010840140755
-19.822290810833078
-23.129627604593633
-12.207411713545477
-8.994603442835697
-41.55947290784832
-15.278604186332203
-26.077507558469403
-11.434187466659816
-12.313575909554922
-12.98356070013508
-16.41623303213801
-50.77575842077709
-44.94058050783243
-41.77123245673284
-11.838881348356908
-35.98828194798812
-14.884190750707491
-19.177080989767575
-4.480200674701904
-17.531272416456762
-14.611866550741436
-72.77094372795402
-11.502555910728685
-139.69291947236232
-8.714831641265123
-21.330979119075675
-11.51638553229837
-13.677940184553721
-13.938115832146552
-59.39480047121684
-7.818426741395553
-27.64104222544484
-105.0243533400316
-6.045165423169817
-14.832219713474265
-21.38369824492786
-20.176882550257577
-5.341657150007264
-7.46008498483401
-4.125641094356766
-3.8915432778952948
-52.029391962382086
-7.741906692742891
-13.718244180899706
-8.893348364626574
-17.519337169302148
-56.452480473095164
-5.116345965014977
-18.786080088660658
-11.00031096392645
-11.543897762019062
-36.401185167047885
-6.683271436098295
-21.833883034056477
-2.99903835409858
-30.189609541784133
-12.420459636492545
-15.335416236685635
-12.137608026497224
-20.654325819460176
-8.231514158945352
-19.563024319356476
-10.99617735011086
-44.95291481173569
-20.486422849998608
-32.04571286897722
-22.746511011663543
-61.13226410304786
-12.091928593327694
-11.242200372249572
-24.46932609551697
-18.210206798574397
-17.40652963965657
-6.299702162050337
-29.376956574431855
-25.513154613842907
-30.947703378398696
-10.091091413085369
-16.582027837058526
-12.073365995455495
-13.579749810774477
-9.243160893919484
-51.35361784497217
-12.329788657424839
-10.861302682554818
-11.590320676969442
-14.317840389601667
-9.566339817667632
-39.393172570250826
-9.903530604824278
-25.077357572327532
-7.925829639760594
-26.19058465686716
-16.222808647227943
-3.3025386756813093
-11.544856262111093
-6.884085407736432
-14.45322928601846
-78.73244425406605
-9.305199932714658
-25.485735652744452
-12.67781313440051
-31.41795894817733
-23.140456113992002
-15.062936709826186
-30.733875829566298
-8.263937336765851
-11.921938318273456
-5.178588974125956
-15.20393221841524
-11.926101698592456
-25.847285515644717
-19.809914955249006
-7.266581102977758
-15.892324944664173
-39.65162606668921
-15.899210484221458
-9.014899339746943
-8.929466892480995
-5.633702941837171
-19.00852446705153
-14.321937322167818
-6.267005157932417
-7.855633886216041
-11.115586360740544
-35.304702006227515
-24.5959744878732
-12.619318863713682
-9.899018567135341
-7.401663346963458
-16.053633890109626
-9.822712642108282
-14.84674117769484
-17.55150004856781
-9.96639511681615
-30.477659721576188
-22.70010824490206
-26.278486446432925
-5.450397702216589
-33.912558610360485
-8.06102837252605
-29.91395564007993
-87.81374299317791
-18.298904726671644
-9.102501534375042
-18.58636311939224
-4.20471337723986
-4.6081272442113805
-13.686024534647737
-31.820208885550013
-12.947419567910918
-17.832128625483726
-12.562172563440539
-18.051874952036012
-5.429245714031273
-11.581832221426549
-9.806260672489055
-8.675287417972484
-21.044466198925665
-10.432722160733086
-5.526169018197188
-12.012365355463029
-22.203552297854753
-3.635395603082201
-23.39834860296563
-22.70627952532179
-7.905032144054415
-10.48858623971464
-43.06506359742129
-37.59410225210496
-11.960967628280414
-10.300285687967124
-9.595309330897022
-39.398986684328264
-10.065042511447205
-16.07503547755418
-4.75795001740621
-15.169072149041053
-21.278387837302773
-26.223995992550652
-41.9125106169941
-24.933042748440297
-16.84434814123402
-35.12088997256123
-17.134408089418557
-30.88758478221241
-11.506795200653173
-70.98041023930128
-2.430095930408593
-16.463047841896653
-18.79889886657077
-135.42813087545034
-19.23981927508461
-15.662844813300586
-4.61421259408309
-24.887427739864187
-30.36944263928566
-4.123770892347654
-6.683923801413619
-74.52079577590379
-10.119416995664663
-8.9336334910443
-16.107255786691418
-24.24839706503699
-26.73694291298342
-16.538667499108527
-4.621734811985261
-30.704137397751055
-42.80376511088655
-17.616110954350514
-7.081427627729819
-20.965309844168974
-93.76798503365657
-8.933948745201109
-8.847134276147125
-14.077905454584103
-20.214862722960834
-31.71680932119566
-22.501573734216155
-7.530047601682873
-9.541517713215951
-17.45639792080342
-27.480093149794534
-19.62423024462599
-47.964308053610274
-24.147376291040384
-45.63072417594855
-10.943151156191893
-22.640980688019344
-78.70615780923943
-19.613484971782135
-9.161160860958013
-9.775591447504903
-7.221988802627027
-9.156866321746124
-20.112856410899564
-18.814187363200006
-11.349871186377767
-7.185380891916832
-38.96912177774313
-6.5321420948119755
-2.6318513196419415
-11.928869117468581
-36.067600426853936
-135.72488192198725
-8.314135467968095
-13.144429941109255
-12.273401705751496
-10.188965978783777
-14.944911595223163
-10.822505194882929
-17.898979923722468
-24.640678690431244
-7.529499100986319
-25.29642473996416
-39.70031896323572
-56.61697945793349
-8.107254981139585
-18.978937609252387
-13.873501422072913
-7.183165349967148
-11.541577043767738
-17.43489308476179
-4.815923399661597
-11.241700920529338
-10.855719021267323
-9.322752961643555
-49.50233045793193
-5.02333499336251
-18.532326871512403
-15.434074568980249
-21.296206579141995
-30.339517409431192
-16.279052039928434
-48.317412156741895
-6.302480640995814
-34.0405868288042
-15.07700565441754
-25.27491753157124
-60.66133217482084
-31.04915089309963
-14.096313672716882
-9.20099163205048
-12.748180805775206
-11.290640466392825
-6.118611933936963
-7.740406386057488
-38.23954837683874
-16.947443486461516
-74.26355902727215
-41.09723025130143
-5.936182985936715
-4.770112358019191
-115.60964536388137
-13.337184194179244
-13.26182470652449
-8.442512929725895
-24.61119116714016
-6.245169748695054
-14.536699946738002
-13.364797005748454
-31.161944259749543
-8.551936267690637
-54.33430651242737
-9.988353829889874
-30.62278660976122
-14.466528452203853
-17.63453898616096
-27.72100830806344
-6.5157094580663415
-16.483107311081604
-8.46198121497388
-57.53459485029831
-14.935488798696774
-19.260838543857023
-5.552760456944958
-15.457209934119453
-14.489691180281532
-24.132568355923308
-25.698823436949215
-7.6728966746328
-17.299841986660432
-21.929445382156114
-30.248271337085427
-9.362642755259452
-16.854349704067022
-5.428430044509567
-5.416463465782017
-10.976285537725964
-4.7709679071648186
-4.339932279965841
-36.68295514156494
-7.791381854425218
-96.76244416605765
-37.62509534544094
-42.3858629150471
-6.301802206150444
-80.70434672761097
-7.735107927981414
-20.647981259531047
-55.50392039248214
-3.6162201956353655
-36.868884029192195
-5.145409754974158
-40.67721707778714
-5.862722571671524
-46.194076940333325
-9.887300230873908
-5.138326828550856
-9.21215639553282
-32.15351866029548
-11.848446172149652
-7.8873788810083205
-3.2866113350352966
-8.910483197859769
-33.45373372558
-80.89220380840325
-26.79656429642861
-9.13608562304652
-17.50139907355631
-20.74330706709751
-21.803214833277135
-40.68006438444297
-86.59488213820893
-12.878735204884627
-21.39219785351363
-9.518106165385351
-54.98976021860169
-16.99053006356422
-15.435625929549449
-4.708227764247167
-53.8782535513349
-23.740412557676663
-67.23711096079164
-4.733228434686607
-21.36985459324328
-28.945370522224227
-8.75771144213763
-13.829045225730134
-25.262455969239763
-5.776790401705016
-4.3651809031410025
-9.775095182203337
-14.328895533072567
-17.074240416119217
-13.223425584789057
-10.408367634617399
-38.049138855551526
-3.5111226496914267
-5.890011572144116
-25.206441578064496
-70.73325348809296
-7.2234842160938575
-19.643254405225257
-26.63269001190114
-6.9037077033561465
-16.2886290444276
-6.900912621913751
-16.319545063400753
-5.440075254280574
-19.261111940145828
-8.93476790206745
-3.3417285181837126
-24.306027552346983
-14.316279828522639
-5.985526005849141
-12.045909685826418
-18.99126211918772
-4.2200955528439295
-46.91667848445158
-18.385453088814085
-21.21949104985384
-18.77297412952575
-6.503919159483893
-50.35050550173451
-12.205819271215503
-7.219688560296053
-26.505623779518093
-11.39565668730636
-17.332110578701517
-28.612143733136975
-5.613442843686424
-6.743750061811026
-6.4440599756571615
-19.246571495613175
-22.166972908728823
-13.34299263515468
-16.042630974934454
-19.037232557568103
-18.28559394878976
-17.250512333739362
-6.318085066643992
-4.994176914944937
-6.133678468172999
-5.370100173489584
-16.895554719598106
-18.235054785659205
-75.05641860401059
-52.37297398373013
-10.327628344262305
-14.268268285835148
-19.309440343887534
-19.071384592418607
-22.588893492922566
-22.226378085884793
-18.592604735998783
-13.677732230663496
-14.788154014021423
-28.244651399570625
-10.573510750319997
-17.9949421318843
-9.968659933193734
-15.940823518380927
-18.90017149948543
-13.937833483167145
-12.61254046607139
-14.767141492061711
-29.150702351847716
-12.798927420994715
-9.59038149281597
-15.635954515583382
-21.469710355173774
-8.833107300633245
-36.214629397661795
-4.680546396904653
-53.808728201146295
-56.33804747858231
-11.06066491056681
-3.96500160004285
-9.678033295351028
-10.692695827523131
-17.17033929721825
-11.368567629883785
-12.095054174764655
-8.675397549541449
-27.023518232322754
-23.47953474593776
-38.517054748359286
-11.807664439179922
-46.43125483032272
-20.02731155265923
-19.961010503400793
-10.495115894478767
-9.997922075743444
-6.390274588208214
-3.5099216522825043
-19.029347545948497
-3.8903614201015793
-56.95583286917922
-9.657925473905797
-63.02634001066966
-16.9797725975474
-39.61567760612879
-53.37520013654265
-24.32839995678552
-22.59333979331212
-17.2482466305397
-6.78045735178084
-16.191358678784567
-19.469837944502085
-23.477070444504573
-68.85432252561525
-28.181681701462004
-10.640948714722356
-28.54331565954355
-48.19580661687176
-30.414352214112522
-22.33717767168002
-24.95428414659882
-11.918120025131671
-7.090016936637628
-4.476142204683207
-36.16034861757979
-43.6358401480823
-20.374753259358986
-41.798109607006474
-14.652079352393253
-6.734373736839324
-39.767788072374216
-4.106046201119822
-8.604388768030965
-25.339906570335796
-12.3769033679135
-31.56523376273334
-30.5244629300764
-23.70291362766149
-13.074718141301512
-12.162292014997673
-15.696039255165338
-10.76512789121476
-11.949639505758704
-19.0067040167291
-22.605055655528766
-22.101367673623557
-20.145559848736657
-6.950397140561062
-7.313845347951587
-17.49048692927765
-19.123868091427944
-20.539597020996194
-5.473316383189405
-13.884923723270289
-11.38789142846125
-11.867836917459
-33.418243893542254
-11.065334406960487
-6.769472796621571
-14.942648708106022
-13.110807416480428
-4.382725114253527
-6.505170559696386
-15.8124191049717
-5.313932863267209
-14.13393490952429
-11.328509096730551
-13.890343087396317
-8.479084949078128
-50.08373039424762
-15.954073329986253
-27.94222381199836
-31.49108808973515
-75.39001557617244
-10.428650413829063
-14.386294579312429
-8.534170799926294
-15.463299596979438
-31.830536005618086
-15.431465528312419
-5.678657521820459
-27.23786165293244
-75.00506686024464
-37.69974476312268
-6.158509221809881
-37.38514525878495
-33.735468038170566
-10.292800618347751
-8.91846937301406
-15.777988652800223
-19.392079468788914
-11.539228208918486
-10.904547558272519
-22.0600531996744
-14.423537091438892
-25.197485319775843
-10.897362973437819
-32.4500858325924
-8.241565982421456
-8.354412209852764
-39.03353442311981
-47.34573500040121
-29.367810989084887
-61.20952675439606
-8.642347029577452
-11.403943810059761
-13.782659335772586
-13.53253670183368
-8.673087150101972
-20.162242074190445
-20.95284950112256
-18.480152014699005
-10.083045073418585
-10.759474566709722
-29.3041920100939
-29.43006699177995
-77.44008893388548
-55.83641016744483
-19.506724881325034
-15.923507235429291
-84.58674325340628
-46.76675586532397
-16.983442158550208
-31.777715446476215
-19.064275053262676
-20.801850447829768
-5.997434928158635
-10.514252213667236
-11.830228951700455
-16.094793252559725
-11.330384934524238
-14.220788468052593
-72.14121132736115
-21.35918382580489
-8.174852400266518
-21.473878204790932
-24.751398283155392
-32.60969182049845
-19.75697400499039
-30.649539651923895
-32.335809419137156
-12.240975912601035
-5.616337140352502
-28.328213646454927
-33.14633410932005
-25.647472385991566
-11.957044195030974
-38.97700990957361
-31.583371874455437
-21.394512048740815
-21.045112025946512
-20.019054265835532
-18.632566932203957
-22.233963022023215
-9.151049083147146
-39.73857361417574
-14.455332991892265
-5.060138756033421
-8.037757031856708
-50.61379776775184
-12.458270824293558
-8.033952721347237
-11.959695646367038
-25.54771358956915
-25.545934337199448
-26.617626580991075
-8.269681615017866
-12.296093741191449
-11.006832498060762
-74.5837883057091
-5.759080623837047
-24.419219349423198
-34.127886014205224
-11.968923891680356
-16.036755191646133
-14.100732518349858
-8.211012484546126
-17.590312651032555
-12.304317704716794
-11.858752445066417
-22.168163240051847
-14.37361057386474
-64.01103860989183
-17.043825597617257
-13.764935283793477
-18.255482929317807
-29.467784378160268
-8.867799078313588
-13.008350278210093
-11.810672306751231
-54.726684309336655
-18.045469429601305
-22.21850739784384
-14.394641145628999
-24.755093454588668
-9.044422314020755
-10.020929734034402
-4.013522211832705
-16.987333125649407
-22.46804315597397
-13.826460120226418
-42.0670948260921
-29.017418368544504
-12.003249902259618
-29.761823609235872
-20.97798870660467
-22.468813877044475
-12.863832908362854
-8.671760148245571
-11.57866482213261
-9.001206349715236
-16.94482397629973
-27.63636223204373
-57.19226519668601
-13.353478101217306
-40.70482487974792
-39.68421116616916
-31.523977724226683
-15.918201517924697
-20.67779374820188
-12.402521350974157
-9.905828167077932
-23.550637496806818
-5.59272535185394
-11.80626299742513
-60.04090508968865
-28.133286528119346
-23.422268514321278
-5.130117207153069
-49.40210470754816
-25.48921631787016
-18.027474858423705
-10.674241524496944
-43.920082091432576
-11.455284964967255
-7.5083717546814155
-18.82592930011133
-7.668699289618723
-28.220900517992806
-6.11140160229492
-12.758532921844662
-14.462045684237316
-23.822650621310242
-21.3657835055262
-18.373368318076725
-31.162948444573328
-6.974533795392576
-26.294962389017726
-9.29406539452497
-10.226579843966064
-11.547712343776285
-17.212565126339676
-8.632720378378385
-7.918630971332991
-13.982475192435523
-91.3358547725343
-26.95723361151474
-16.750619298229974
-23.696180660314656
-15.783698907381776
-18.59049580399844
-55.1683034677672
-16.129167641863788
-73.08726100026105
-4.8897018857909345
-12.758254830325475
-18.592356040272872
-24.097180408645315
-19.21360521765947
-27.66499019364722
-7.596619384369364
-13.560987983732648
-16.507440720756733
-4.223335480664109
-14.979018230427718
-52.31529243889881
-21.526962087643838
-20.345920881192168
-9.443691381934833
-4.724536934692917
-16.10555314836878
-39.22679829187543
-45.08550521710128
-51.44857814722304
-7.08487537132169
-6.289610088408183
-12.249134271472059
-6.744519207507341
-13.001726762943049
-38.74765992474021
-57.99939270312845
-7.88587496011388
-7.670826761368873
-11.561900937761429
-15.527635619556369
-7.244820769286926
-16.412307650893865
-6.890392403538695
-8.643820626416549
-20.69872346995314
-19.802734031553033
-25.587202187840663
-12.28208508605097
-9.48993795377712
-5.484521324860666
-12.095830095864782
-20.019787719505015
-20.24742319672908
-14.512810211352884
-37.91324738286767
-7.660322372363996
-11.00110227146579
-9.843201611446162
-29.673165235476628
-18.04517545617847
-15.117972828095864
-9.84944160924984
-11.706843521391201
-35.25183578791732
-8.997109952716313
-16.124837136604697
-43.11940276124575
-10.730718876391009
-5.864819431943215
-8.85697100833956
-45.12222045770461
-37.167974455523044
-25.13031624371208
-12.135503728220787
-8.157568739530797
-18.996994727974347
-10.163996542286721
-8.930488788355847
-44.683523726669186
-7.397829743901479
-18.018565048866495
-12.841672385799226
-38.31972313146885
-5.756738664574865
-27.03729066966991
-6.5701558540326275
-14.69049799839826
-20.22415095809645
-38.16125144399583
-7.009042098235227
-163.46283222392998
-6.064647082178666
-13.80178756481132
-8.035110542635028
-4.924191551272146
-30.0926747496928
-27.919614224198764
-14.587922931140616
-20.716056375707808
-18.740164366570262
-18.023262743019774
-47.32385396941399
-9.656342188759846
-6.824692546703242
-11.195525370469216
-35.99348113637042
-14.815424988481208
-11.345260413456332
-34.94283222803769
-22.425107300549257
-7.947448137996218
-26.855200840778885
-16.774583869268962
-11.174457001169692
-9.45773255308927
-24.614150147649408
-8.187197823247114
-72.53700797543078
-53.28741283423773
-20.060437006474025
-15.066177788034908
-36.061646827010186
-10.577448343996103
-23.67752430627759
-24.222716845737057
-38.0877993619802
-47.35288170769514
-14.671590028008938
-9.412579491094304
-30.91189403881738
-36.601122209525386
-37.512413914718344
-11.575281219981168
-72.95986332039602
-7.967758736405968
-23.961426550841196
-51.585850702155625
-2.569341517691225
-5.520502133298863
-9.548310659049957
-6.705991787385495
-23.390221841897738
-5.4853602458558575
-17.0933025295526
-32.95828075554282
-9.089293304259034
-7.376373283913584
-20.70412354553105
-71.36441951719516
-41.2481881570829
-19.37290215382194
-40.32957323027844
-7.154085437668327
-11.99159333735041
-4.845004944632833
-26.22846750755647
-23.598358925291773
-17.583333696282594
-9.882637195157091
-9.083872685906647
-21.480972947828757
-16.873050542102632
-35.59396403721203
-10.635669724133539
-15.710501669366781
-3.8390433834156426
-9.4623132944753
-11.663742819262254
-20.803078346803172
-47.327283262835394
-10.364142951672607
-52.011342345759346
-34.208039786387225
-17.399393050271485
-17.16814507106194
-93.00777838868343
-32.11395574186385
-17.34873757660967
-12.620124865970196
-12.535456710600599
-24.55274382439132
-48.65203721613042
-17.40526308241375
-7.475042020221571
-24.511434037885344
-114.65994462121651
-10.084484771930086
-52.508912288517465
-5.6165585870728
-6.07726234136436
-15.002093082220238
-12.775146923849459
-19.88647110351788
-37.948229605491335
-27.579451249873088
-28.76762445011404
-21.360540937547263
-36.83934215698369
-12.877354716904252
-21.283926763101746
-8.299320184625184
-24.859930713161692
-42.28379636674451
-48.94056822389799
-8.161094689863013
-18.39525155934021
-6.0018381438185395
-37.63834560326607
-9.658188372793097
-34.232234604434666
-30.946628569275678
-17.813687757365486
-13.7858766176269
-35.29140755061922
-11.844799591758878
-5.697279625244708
-8.334431109204678
-9.563578914354947
-11.116110256174437
-7.01825133198443
-7.046628641898811
-8.077576148083416
-12.85733496748304
-21.551779665244215
-8.295557946802795
-17.826745405685894
-27.385492091198405
-12.670913887557555
-26.359982204017257
-39.25917592244523
-48.29599037947768
-34.45084760955116
-10.149522661863402
-21.09114322567387
-12.765259825471624
-10.15588284215905
-56.96989632936871
-23.437395192185548
-22.92047193444168
-6.066712098381769
-38.69333894814406
-32.88749965965005
-7.8270018859864035
-22.06163943169508
-24.874398833809973
-17.328364463957985
-16.444786977227473
-6.43597897328523
-11.127787344553635
-15.64440599123622
-11.278488744110074
-22.859464997127755
-20.126515631670568
-11.606392135793897
-39.84980911588293
-12.071337498894556
-7.227646429639902
-3.2416926797964134
-18.13909376818369
-57.463134682272724
-32.597083717875115
-25.432569176602353
-18.21606205318928
-30.717253381767467
-22.27947398268351
-14.97365848894931
-21.36396464395307
-26.354313976697153
-15.904936214232354
-39.168073410018245
-12.599334833947573
-29.017046223514008
-34.785351327714984
-13.268699025105999
-8.454743095073818
-62.25861285169234
-15.834116600961634
-13.480632422124417
-21.76849483360039
-7.908029349881669
-8.570000260464358
-13.44836123980459
-11.990777947778634
-35.16035259974359
-97.38800639734896
-72.00235655494508
-13.086378933216505
-24.559235546078643
-19.521894158813794
-22.593797919655557
-54.886679984128115
-16.028439498830313
-5.033415341638277
-9.131503847064355
-5.424309772688068
-18.797699725115926
-8.131020535605094
-17.51136476153847
-29.023895067277977
-42.049055360929074
-36.6683394426592
-10.056669600060443
-20.65820338719508
-10.077762643755433
-7.451157848139314
-24.24969584689157
-5.350676498448791
-6.039490991413312
-30.436371153737376
-12.345100373934512
-10.100806137928728
-23.747098202710696
-293.3911243808555
-7.290367750030406
-26.00777549949343
-18.431414580990616
-25.217615855798723
-16.446849977033477
-15.546905595418194
-3.696494656436266
-16.666739222008836
-18.279717696457286
-29.318490898839208
-13.016471518095138
-2.806979657711915
-5.752761071733762
-37.79374226690572
-17.8241787093572
-8.779623307345993
-10.463366313185833
-24.964581760400044
-62.711151938943026
-21.887944086883884
-57.44435186478212
-9.2028841320246
-27.142678114345696
-16.304693810922057
-10.14137721461153
-66.7708398293252
-6.595381756182968
-8.859748784698814
-15.533593002361496
-44.66845012027429
-6.3113276589006
-4.740737411773203
-9.997540771525031
-14.873439647627439
-22.637955201554924
-6.364357206332786
-16.756705703993802
-9.021306738905547
-52.17761535575016
-17.763078971356038
-7.786322346536576
-28.006317880573743
-20.43317604538988
-4.838608765980824
-6.551211554675382
-15.215763109617333
-10.304612133588957
-11.924837191592673
-55.74599420721508
-1.0379472272305268
-18.49782872924544
-9.378848614854304
-16.946916409227406
-15.724787520551676
-6.093705140460189
-5.217780805205134
-9.901340731472766
-8.928980916009463
-15.64748649952734
-21.509207240983585
-17.5396224379262
-19.2416556519161
-40.51971153451612
-13.245355944422725
-85.62687976624241
-19.95391282104264
-21.868627183846403
-14.059903405159625
-66.8717430983112
-4.88131225484405
-9.337996804784433
-24.410463741137516
-7.821275366369829
-74.76861857938381
-19.368959566228924
-32.77040772631103
-10.67272193072648
-34.43523342751668
-15.623154545003185
-18.654788210472876
-26.332227743670785
-7.873207432900948
-30.155173538040636
-106.74718777249785
-8.113848970017312
-11.664764341689144
-9.231338890329017
-6.172347252890185
-11.40920175530198
-32.92382144576107
-21.80679624419443
-25.61940231376822
-48.348428634252464
-37.92561550192836
-35.661348593811496
-15.48348149728384
-25.996722813595934
-22.735285686395976
-32.3209959051584
-30.041177771350224
-74.70972591212261
-5.834731666532006
-10.010563432506526
-32.21202312083226
-43.712215255878256
-13.797815986859046
-25.410884434139394
-3.7318679319082815
-6.265204151623638
-19.349561743121804
-11.218577659229782
-14.750634222968529
-26.532735130012266
-25.261668779790632
-5.91305995892811
-12.494253408209444
-10.169940105027724
-5.304362199946934
-26.411904934840713
-32.670689281554964
-61.96587455456032
-27.523232676834663
-48.654766081766084
-19.716535723570804
-34.3051643052796
-7.171223769825292
-51.36251209047934
-13.7373814493962
-7.0800114370790626
-44.977526065645144
-19.87990581216078
-10.09294537921603
-8.132486355633988
-12.839817110300952
-14.473184189581364
-10.06051107202184
-19.280137225097636
-8.427652867361765
-17.856560397490025
-4.2863617309172835
-17.0334438289131
-40.81096665248524
-15.396634318599116
-9.569391277340944
-8.791272645523613
-19.159970245114984
-13.302353128195923
-19.98527358828291
-6.837640370564584
-8.765063660579962
-10.448263264526904
-21.184366031970548
-8.817895751643471
-48.818936962978476
-20.94792423925741
-14.750402104024442
-25.95765101904209
-39.86195222747461
-9.21573376868235
-10.044805148378371
-16.463515155173994
-20.072930166064467
-9.898794890140321
-27.903913239123018
-14.086690451951968
-6.265085314843349
-21.424115039270703
-22.24818144768481
-5.997517714000572
-113.87224184573418
-20.268885253996988
-17.262207019259243
-13.957336752549075
-18.157953634641036
-14.053003243214869
-13.326919038636484
-40.04290937501739
-12.835128199092916
-3.3972739357621786
-10.85808483021472
-11.547434912566834
-42.27771696933236
-29.754925052283944
-17.565597401011278
-47.29688700979702
-27.02245262708732
-41.64165634378034
-10.986700183589065
-63.51760574366196
-13.257634174259366
-59.22247700425124
-5.598485348800642
-4.325526281581003
-12.908211028519899
-56.50422037938458
-11.671482909450852
-8.173599837329295
-15.95047402320564
-7.12136413821817
-8.741458729750295
-10.600902580243792
-48.24373149802119
-9.652338497512407
-6.38624794404397
-15.7525509228489
-23.949160792163855
-53.07029874634091
-13.54832093715751
-59.67710139163926
-32.76162510502148
-16.55498167824961
-10.87996834436902
-14.269322015583683
-17.702211184216445
-9.097424914665947
-60.4530377787625
-67.11765431226574
-10.389599964688928
-15.363744248642718
-15.359470242977594
-55.04708391912355
-17.856040851348524
-11.461822126207037
-79.3280052006438
-10.77099911629908
-14.142132642027914
-8.499083833101826
-27.558623415100307
-4.741092011235065
-16.81072081607719
-20.044803142447424
-36.717641547975184
-17.056614102125625
-20.828619924925984
-35.569808987225684
-28.37587154739368
-8.803686492213583
-15.934375159044867
-24.878867126737696
-14.10826480436453
-8.578074472420907
-22.167980971450056
-7.672220477931957
-16.168334319925485
-19.231717874692404
-25.755849082032263
-28.742384724669275
-21.634213059497796
-5.784010410678084
-4.409789127574693
-17.00593277543121
-13.173037188654751
-30.02783434281276
-16.796255196583857
-10.594241054653429
-12.782187046992517
-19.430706486901872
-7.058548993330498
-16.59181985946008
-61.82680841986353
-24.037171436012088
-4.816020784045901
-6.488411559950941
-51.64317038809778
-18.766531177499797
-9.88033288414509
-50.634711854329964
-25.86636441140557
-20.648745304795398
-11.996557487431495
-44.19881871902318
-3.994315939087383
-5.729525545835711
-9.481538082778698
-8.525678243594902
-42.10704822945382
-27.777771192504765
-55.00547526908883
-20.32467189050779
-19.934707079753384
-20.961906258131712
-40.753797034673134
-15.340607910298827
-14.565884233658013
-16.88676202107325
-33.73892945617742
-9.135718024884675
-36.73355552466154
-48.42756421013189
-6.177143721926128
-31.694982007656638
-4.315933289787324
-13.75703677915317
-8.459798349579161
-11.715603396950328
-7.723054576351738
-28.88942634831545
-16.09947776102306
-19.650429985880937
-10.353195709138731
-5.075119399837145
-24.696815941690225
-74.94954807872371
-13.400605683507887
-17.78642063337526
-22.580385259341316
-37.968308118568046
-27.81168371289684
-12.873566782187599
-7.274431455077147
-19.774360311696213
-7.208874126416835
-20.122461214302575
-43.29259373182587
-13.587941370172214
-8.324989429659245
-8.690671571381198
-5.642997920072099
-6.755588237018362
-21.256980515462708
-8.21037191997974
-8.3712108584598
-10.897229834140916
-30.378830479045003
-33.89497327237201
-5.492676603749109
-9.052472270910107
-6.879684263245008
-15.154662698268284
-11.516959963722305
-33.93637054389571
-11.782832004259502
-66.43478264802803
-23.12755630245057
-5.9159852760808604
-9.17966321133766
-5.6135286383405685
-5.4256143519288305
-27.372283217175536
-99.15862682527275
-20.383079167653907
-14.336430618214063
-24.18033466474709
-9.652218711946963
-11.776589259441746
-5.511782866961738
-4.95919303134558
-8.848553846379623
-31.226556650175056
-80.47957708582518
-7.985187865910302
-17.955300333126335
-14.072264798463893
-43.167192118531965
-20.976205532264284
-20.850562486845984
-9.660997889550417
-12.427388608311539
-46.79688099812441
-30.068697540793423
-17.26493029620564
-28.202430845055247
-15.036565581451544
-22.009681365948577
-13.711526887539073
-20.42707630378255
-23.498289175781807
-29.31584623566973
-4.135499058191283
-60.71505248077265
-34.69669715816809
-32.23365975103916
-44.331709304190724
-6.8966026218564895
-6.311315759662479
-13.492422995665342
-20.764510908849516
-20.716746191269337
-18.865892332113948
-23.03060010197107
-35.01457266234154
-10.986840588500321
-8.582543982554995
-20.85284966486489
-20.78511007146074
-59.31189855807748
-5.52604444886708
-6.508876374632523
-3.395417582261226
-18.72546240813169
-6.042882055293269
-6.2003089032252765
-20.361727291816642
-9.010726801011344
-2.6756110322453384
-16.84917653458221
-34.56052135671379
-1.6401106301794648
-33.4228445478169
-5.885434418086804
-64.24220044531886
-9.038843309346369
-15.484353508251038
-58.528426445772915
-33.98573720462414
-12.76624443862694
-88.57048765468458
-36.39211113858715
-42.762875553399645
-17.438035218146695
-5.673232357312562
-21.00342749883562
-40.01965767033878
-25.417947701699198
-34.60283650586562
-14.38563109940802
-15.539710204257949
-38.69826151782269
-40.12916719475815
-30.847954793105817
-32.39170164800748
-7.342717856019431
-13.066610571298996
-1.3287662062891445
-5.537276370123164
-20.09568578251394
-70.4527869294199
-11.771609968072775
-12.412752868448099
-32.748263559986604
-13.624568634805161
-9.611341620580038
-101.70928424222743
-12.670607967824063
-11.42261961624611
-18.314371546175085
-12.309916495199454
-6.769472796621571
-13.34869470113743
-18.444348764378876
-6.4247458884393485
-26.480746628363864
-27.21336419442683
-11.658581300355008
-8.97965948006431
-40.15496419507013
-8.734731985610324
-7.580438650432679
-20.499293100754265
-9.659313356500771
-12.400964551888382
-33.06379554051724
-41.89677801989677
-6.3222326566702645
-35.139686319127826
-10.580488201657955
-28.846338400373977
-11.831514010132837
-22.011033463729063
-15.711291523616014
-68.38878349236536
-5.514166517992808
-8.104374175896647
-8.715969182956265
-25.3892359534424
-26.40381470880843
-45.542606449519255
-12.875132429096983
-14.600380912886202
-9.817400744807012
-13.563058266110525
-15.063441299575588
-11.511647633443099
-16.34177200911011
-23.82649199599373
-19.76835028780893
-31.56258945164905
-21.797648283405458
-9.73013950439219
-40.82201220518014
-6.071613050474587
-48.697609808537756
-36.54509545036171
-12.19473247965352
-15.699083266803898
-5.745825961922261
-16.757367065262592
-31.966251505832318
-34.970041409517655
-16.82285366593079
-10.562125962379953
-25.656766959031092
-22.741190999194973
-13.86673707700799
-12.850221268008939
-19.715211785688606
-22.740398364726506
-24.462327884965024
-16.656364363027926
-6.699758294749309
-13.610705858930457
-11.55848103350483
-23.182687599635063
-65.79971261159804
-25.663452199671664
-21.0481228381687
-27.058675999302846
-42.782855052982576
-13.882462130249461
-3.90521088116123
-18.990191730109082
-31.54354155210527
-13.177999662313962
-11.393391293950833
-23.667796577950263
-21.778290104948894
-10.506929271613293
-7.391464029917022
-33.147018619110256
-10.316261233118468
-23.101915852726496
-13.453007264266432
-22.582771322520895
-17.51996045238585
-21.593413290775118
-53.499579004237894
-18.62808779447993
-11.569101009751833
-22.095698191612023
-53.85431433790883
-89.51205131459103
-19.536695138438454
-13.378000543066541
-25.789627260071942
-10.801916299469276
-21.895759788329887
-43.19878426167016
-59.60918814823384
-17.61852678724823
-10.908342876545158
-15.297987761627201
-4.273939023953981
-7.278954469824815
-9.137831919052482
-16.194838314908065
-25.617081502843863
-11.036242644718591
-19.261570844799387
-7.392973979015215
-65.27407365221575
-16.43735550998647
-4.766000649662887
-53.39874353544086
-12.128217272689284
-11.87116604995663
-8.908729100642535
-11.507393448810351
-19.19897254461685
-73.10234653848502
-19.323617946298626
-6.787770632641455
-10.037311922267618
-9.935966875417845
-8.715349460338949
-14.133837319625766
-74.3528697301083
-40.57714976453081
-9.477244329932844
-18.26840650996554
-11.256390064237605
-13.720419413697922
-23.027197135662213
-26.07312895849479
-52.57273840616965
-14.593753633064543
-51.64879627497358
-40.41333390626216
-3.6379400437416747
-5.613997542634022
-12.180621450792744
-17.142688416980892
-13.012855821395105
-21.75693005671559
-20.203780004245182
-16.785899668993142
-8.70601661010571
-9.23994462788414
-5.467253797299188
-26.818166769389244
-15.050652635973774
-23.092975861044884
-15.814303209114456
-22.009829782126737
-13.599823554871449
-13.343887134633905
-10.710986655264398
-15.083813870766653
-5.60756420956526
-6.926941584825605
-23.490489700524353
-56.96288318651844
-14.031977638087405
-4.142392995771899
-21.549900788595977
-7.647649595713503
-14.948480785602008
-26.587214403272768
-45.262464798041485
-16.408193986434778
-55.646146824046724
-3.554401626415653
-9.793712416960727
-39.902870717229426
-17.398620190159605
-15.792103231645843
-14.965840782378157
-59.352241390902144
-48.2410445848595
-54.63815208613899
-13.367113877220788
-11.35761499656942
-13.369900692360755
-5.259768189446304
-16.407446036364927
-27.02840471152301
-10.459301579314205
-5.950763234044882
-40.27276671048828
-11.089630426682408
-49.00081458254637
-8.031084940458571
-24.54468205641987
-9.660170651660254
-2.9629100233265966
-64.4562907205586
-16.09663670893215
-64.2858509365447
-57.0034403832999
-19.037317917456594
-9.12259236669592
-12.06492564698228
-21.91058662538897
-6.622428983697407
-14.668154277169386
-16.986272760425337
-28.50279130541564
-35.77570917908051
-7.825902723533568
-52.74323600209255
-47.185990433074295
-38.10599107004905
-8.70276322437952
-5.062306892517089
-12.947730997833277
-42.52036738206234
-25.85676217611007
-11.87374566112109
-6.170060282835199
-7.7187353315984195
-6.638254558068629
-58.41635601664803
-10.562103631505765
-11.659742192487034
-16.054962883666484
-70.70373260587164
-3.7277781889172603
-14.252616343359442
-9.695595185535952
-32.20672311509393
-16.00550992800598
-19.05256144639355
-46.472736584698055
-8.149170117672556
-9.038137995993718
-7.523213590391887
-24.30127774121486
-23.20057608757429
-48.6731108567962
-7.934170875144119
-63.086993953344844
-9.625857391499778
-14.42771667740848
-21.583088024701954
-20.11964530267903
-13.38999467165905
-30.134483141412215
-24.809691348412258
-41.13939435843058
-10.116887664740165
-8.872344033437253
-35.19959978820301
-18.430606070975113
-14.236521515942247
-6.8928565136319815
-17.71676549354774
-38.73034266649198
-38.81686426808833
-18.429110446243342
-24.12271631707215
-9.452933360929755
-77.70190340197205
-33.203169508029895
-30.206789701763018
-78.33929695337478
-54.88649426745374
-16.86827580367237
-7.642666976922994
-40.63024488400859
-3.250153299954349
-102.99473679898968
-28.601390089096427
-22.292072388855622
-23.949507535020057
-19.282920625253354
-12.471590354315337
-17.424337654998723
-21.10770521270264
-27.71838538988727
-11.207051162845598
-24.18418270278274
-17.90209568779189
-9.742848472493076
-37.96950107111941
-62.109580834577265
-12.906873011166132
-11.059718923599501
-7.910243501336655
-19.941105131650176
-21.804650629635816
-8.357646391820422
-16.247379012795594
-33.72677302904792
-11.627622176622236
-18.154023401502187
-14.819924555783492
-9.724455796125142
-7.199422235670583
-6.621117547598221
-10.964117734314964
-27.089175539005343
-39.0818563036528
-10.146880879837415
-6.633646724795879
-10.603039104688483
-6.630091962073648
-12.24852725910756
-16.419370135254084
-8.336306997796479
-10.110739870120916
-8.392949051163656
-39.452316614393055
-16.23412264934468
-7.5052092962774895
-11.715582234569652
-49.231065949122275
-17.14229697200573
-24.153184536089146
-20.918084632744428
-17.509062139929878
-11.574535107483358
-13.370234163751253
-36.40625509358619
-31.66844041297896
-16.29011254363206
-2.8713653512237984
-14.739821568468008
-51.447737947085145
-21.852288559800062
-33.04950811809941
-33.673397951124
-12.48952082858444
-9.465321932414952
-6.347601394912532
-84.05970097979781
-17.154703675914103
-12.000147058387324
-59.74134415264701
-10.079324463945698
-22.6209736097665
-110.11899504724198
-17.628648807488176
-13.701011091618296
-13.672523596374116
-33.78203111958914
-10.95993105655891
-16.885297860312452
-24.805514669131014
-15.331684555405815
-30.37070998746594
-28.433994472680677
-31.7614816402969
-4.84030355376922
-3.5863924174382946
-9.334434064519343
-34.39838626130644
-35.10365371787807
-15.940964247128528
-2.859242368329084
-10.214260602817884
-13.7791278895038
-17.22995979128453
-59.581382179667756
-29.4359193934638
-50.40595517479295
-6.061284219898276
-7.408262674590912
-109.58529557864506
-33.16094751224597
-18.267111840107415
-25.238167519344742
-8.139168123367144
-4.4470713182506145
-17.942736287216277
-10.980689737437189
-24.850372451310427
-7.631963993550522
-22.206157279556614
-29.250256777013004
-19.404822066899637
-18.98158524954684
-7.803449265650656
-17.341265019369146
-7.565896937827415
-9.38305490790637
-15.214578075336698
-101.51219732780487
-19.183561996810973
-8.559319837623384
-5.72561331052905
-64.27506927134999
-31.81012299815492
-14.797867526131734
-10.805150918848511
-10.481626571713443
-22.983307812694225
-6.190590277299822
-38.09808689821026
-21.29411594799064
-47.33659694127983
-22.69703255410435
-11.596451232847683
-11.345738183542474
-7.483165709869511
-3.881098211637683
-52.0827727305175
-14.618982679283608
-41.20124235781905
-8.288902117767599
-17.556078211186353
-42.16855205262904
-4.932923909544597
-15.659110591353764
-8.56494148724246
-21.670244169772488
-11.248847683416447
-36.60433231872492
-13.777066949999615
-26.753047156102557
-114.75052195710427
-10.833738493708143
-26.595289071386592
-10.11345790798445
-17.96754343702535
-9.317184101670543
-9.193173664245707
-23.18685018535331
-13.539455270488892
-11.802835351412456
-17.89898952068768
-14.872582309159727
-22.79619676537149
-17.946636200418897
-30.22237434634867
-30.048961383979417
-23.752375803626563
-5.550741224797661
-35.902435445149436
-13.899275884420545
-36.55336433861935
-7.468736206386964
-23.07123609296718
-6.963394540503638
-15.428434449625268
-12.818365256833015
-17.956515931268317
-25.64087874685568
-21.682218859530025
-4.575294979878958
-8.560761745170572
-23.80605003529904
-17.062457551226398
-56.92058108958519
-19.16895296490656
-48.693756789895495
-14.471111201285625
-39.28729689469467
-14.576484233330051
-27.31120360257195
-20.093362420384622
-9.441802257595285
-12.66996710843304
-111.60453567190153
-8.115096488167772
-21.58889840295153
-34.273617631648236
-10.761912669942703
-37.305445391749295
-10.755969774743178
-68.3770375725953
-15.516774932321692
-19.324475399736404
-31.785548703682238
-7.545385252112958
-5.570565798032064
-6.747209635565816
-18.805813515779708
-21.942240223847076
-42.62634184615632
-17.79389843006886
-19.785855267567076
-8.450104294594981
-30.741266482149552
-18.617694574303634
-19.05113301442829
-36.282346392191926
-9.258230421457233
-14.621232016354588
-11.34866434885833
-39.06701585218758
-29.90051126781786
-10.617804892932591
-13.792453487318099
-6.786645682895251
-24.390128239289847
-34.91217303447923
-10.039386314035758
-14.530198653521444
-21.3636718595941
-25.79341875552413
-22.025827651189797
-10.385527507188957
-10.031765509015697
-25.516478055103754
-44.93515372553782
-11.374071873185217
-32.68039274280156
-17.8227345479558
-8.9111897644605
-14.485000199750925
-32.236780279469954
-11.257119999967989
-23.077410139733228
-25.02626018759512
-10.035748490124053
-36.33837022589466
-12.66680323880694
-21.76927566044197
-5.068975217677362
-12.847212538161404
-14.280073422798534
-41.1404943196798
-20.243936698543127
-10.164902024084986
-7.770872379356329
-43.96346167393443
-17.974380504362898
-7.981978138317266
-11.632117438302727
-37.12794620573731
-5.686807694929553
-12.980611760295682
-5.178071389744199
-19.848157689634498
-10.320669329939484
-31.21945859234346
-15.4314529996956
-16.954179247875537
-39.650859956252404
-8.176487968289909
-92.42160691837589
-48.78097588288055
-22.100401960820637
-5.832117474035894
-11.808953110205582
-9.09071010090001
-17.144606076445964
-49.08926129592239
-29.531363565803
-31.106772323834132
-28.341589639524294
-31.995908151142213
-22.100635936451937
-11.890820653536016
-14.12060179076422
-4.839518985147981
-21.890296174907984
-17.18399577817833
-25.795019890576754
-14.261803562526445
-63.29282545011765
-10.270659046951144
-5.748426653218563
-15.414326063302845
-27.053534878545374
-50.84027818539139
-9.304675459094055
-14.172653570427983
-31.93719302723885
-13.610723394480422
-31.704209925674373
-9.22407835714761
-11.86133756644744
-29.71109758969198
-23.554591081392772
-24.846373270325014
-40.676272653208095
-17.538542131745192
-13.106387795934241
-16.820910506643212
-9.347741049432138
-20.78732101838905
-21.312716948765754
-15.473611460537645
-6.3928658629036645
-18.174044905795885
-2.6528838377776927
-10.159348788111942
-30.332717318970168
-29.667584056071938
-37.20575731423201
-31.519565740317727
-42.77968924901997
-19.446288058452105
-10.73837621781646
-11.777082172592936
-10.735314855357414
-10.53401655798242
-10.658707408429866
-110.12622541107402
-10.483056599165511
-4.55893750562719
-17.941078294446605
-24.00603451174757
-9.125948092396422
-6.87735273167585
-7.725691868795467
-49.84515605475732
-8.868186606834001
-11.363998299870968
-25.954818032491428
-13.727197422224119
-18.733702308356662
-59.17541609354828
-29.162392446840837
-12.521030482195766
-11.868771741346393
-8.752498813729272
-15.650046576198168
-41.51611385756121
-20.364255063716744
-13.15286517534834
-34.203000352098194
-9.837637855712583
-13.088727462931764
-18.91122921667088
-49.877323652394814
-11.598833132589888
-25.66945133388966
-7.527242510007414
-63.12718023698213
-9.470552014005753
-61.06374833430587
-48.58796049576579
-30.81321667874201
-319.55970003634366
-27.048707479986895
-28.50601608228259
-88.8872638924408
-5.0286104797117295
-8.031136459332235
-22.69908309012357
-10.434907863119957
-9.93617902939875
-6.382369747535213
-12.566653912078177
-21.378857049445944
-7.769815717562961
-9.954422828705985
-38.370039779350144
-19.186705955546365
-28.1509475439469
-7.571134880843282
-78.43352222887461
-5.377966044508835
-9.417390042869032
-7.37572537052543
-9.912524290918304
-28.682176296415083
-15.488510877235957
-29.428932911045873
-27.767344699098057
-5.297976485141677
-6.977546208843054
-11.535702325429877
-9.2439591366648
-15.622819261196486
-6.844981447728495
-10.124122162130325
-5.471683215863676
-19.156726354301302
-15.822178113369688
-30.181625780511276
-15.00215088168296
-8.556766476058092
-47.428061676252625
-7.263421087828834
-43.458705033129874
-21.998232142274777
-5.476672900937977
-10.581686577994539
-38.97433746148951
-41.274902574633565
-6.951682151545692
-11.983420032355099
-85.25753468356932
-24.996073956868333
-10.866004640350031
-5.854673915663989
-3.7813174776657186
-22.076052133343392
-68.46547540851796
-17.880295287169698
-23.106640941317206
-25.191593571915124
-22.70539462435267
-38.20205911437733
-30.346005539617984
-5.352277585120273
-33.59952776715803
-35.07082141059952
-16.035980383604794
-11.993126817769582
-43.671734142914225
-10.020947294783959
-23.96436400690569
-8.538504378952435
-9.835484394213664
-6.2840170302267335
-6.060979177748552
-12.145272102839678
-10.685803345573392
-17.320010557696257
-16.26145364547101
-16.93172378999351
-23.274593554485353
-5.221748187891249
-41.75112816125038
-21.63542316206445
-38.18934065197312
-12.057020509161225
-58.065358947818794
-56.32464015155791
-17.705600550520792
-12.263583200933837
-6.499234427760824
-14.360135311484438
-16.873976225922384
-11.474329290960897
-12.611300142990212
-8.416994794625166
-12.398526277975312
-18.49009050104008
-4.34304148487378
-40.91881849059942
-10.18160880280883
-18.42024980852333
-16.586700854813007
-58.28621684324234
-6.35521418044842
-24.889405038407467
-10.462456900507732
-37.78315042499797
-38.69515178704022
-6.601838402604786
-3.731765697212321
-21.335007212894794
-13.446421776964817
-12.00425254916278
-13.225030301023162
-43.67639062062895
-13.319622662186756
-19.28368132246785
-66.87451314394882
-32.84832044877301
-22.402430111332066
-41.007312234819636
-6.1478824252659106
-12.200921131455306
-9.759034436979933
-48.88576720463535
-14.274650130216914
-24.154997980031336
-19.262135617468097
-19.11249829495207
-22.235974774847055
-10.914506697973826
-6.383423125888025
-46.629745851449925
-7.816752172162536
-9.135110104549584
-18.278969548609066
-15.424422877983448
-83.97767560118312
-14.152417150986574
-7.965586803145703
-16.83933880267601
-17.199998086847582
-25.798806065205184
-43.534385492899204
-33.73503762571911
-10.918446394592042
-56.396717345068545
-26.275576770684093
-21.279704888053637
-5.919329503144499
-6.37824766688457
-3.4793468268349246
-6.3953129168775495
-31.99372399980956
-4.943283876309996
-11.365701691485821
-14.142212901061813
-18.23302783334037
-25.29493123290953
-23.946205214042198
-47.06795323953325
-23.319630027626445
-33.96856793856931
-7.406060316130882
-32.27118931463444
-15.056126880870673
-26.551459011696355
-14.592883078722338
-46.797944678485976
-6.184312658895597
-6.464422063863072
-23.97911311949104
-9.030508870762093
-38.003296627587595
-7.465350457334538
-49.88534407606129
-18.426535053198535
-6.645383387282232
-20.674481476134094
-101.66920086155588
