-28.550960662461634
-3.654229465393654
-7.932015546077925
-2.2252899587338124
-21.522063465869756
-52.36560756804003
-12.059596310646059
-11.697971801659282
-23.82712024058908
-29.489346189961395
-7.821852263509716
-17.539123918267197
-12.078418070830702
-71.08124299070813
-9.210411228079826
-8.555526603683775
-21.24754993033098
-47.427248004472965
-47.680460309202694
-6.600366506110855
-57.69633304685666
-15.09150945546235
-3.8286722761515093
-56.70434618871345
-4.081559826841567
-26.797774198621443
-64.35030662651252
-20.11166301916703
-27.503698419506282
-2.676601247702931
-63.51906625276218
-28.93143178280839
-62.45144775537088
-26.463692390602315
-5.772843638968839
-20.87194149121277
-9.03686792495051
-12.81884318933405
-7.701881638333212
-21.63783428000706
-15.824556006532834
-14.735567576680799
-10.737120316977974
-25.041184114532903
-44.39764299629615
-4.4114032529094835
-10.46780976461772
-6.127708488570309
-37.26341863932489
-15.732055057121585
-8.519030479094718
-41.08481960126184
-12.764375155197296
0.45467836308456233
-11.085352257132394
-30.58836822896925
-4.409203561266123
-6.193797618521185
-36.052347280588315
-29.986657464532893
-3.700404909486453
-38.55869390536543
-9.756777783178396
-5.579648562665046
-4.304216251760062
-26.09772326320172
-16.30557840425425
-29.97398894024035
-19.40125445021576
-2.317991374034919
-11.446315689658096
-24.726579387346554
-3.767466863204755
-9.659894988333049
-105.36234963704203
-7.936386401284435
-2.8266834676530093
-60.9515255903241
-2.653137307241331
-12.92736177758866
-24.695875705510606
-80.73962895523417
-40.29245559077625
-3.1792621790212388
-51.06128118882598
-24.08897155023164
-17.903247104713234
-16.751254948315115
-27.29426955535842
-13.409512740236027
-46.472736584698055
-4.348020716844547
-25.30900699535932
-4.15471492874357
-9.97563744797029
-7.619206964857687
-30.24351952018755
-25.9461996747513
-3.720900884998977
-3.4347438291600536
-14.31499318381167
-6.422038956275471
-19.44088102156584
-31.620107339795577
-5.633418909520358
-5.88195343508996
-12.399096838292202
-59.548254918356456
-23.30387703833739
-21.47374013966331
-12.78811158702746
-9.440203442724483
-69.49546321943943
-67.18975956258832
-3.479588888893322
-70.15383804965401
-18.393761695266843
-5.626258474370815
-31.038059048541264
-7.162863917112782
-17.803358168715167
-5.434455237552334
-47.135570259967494
-2.306232443626024
-8.164681711971616
-1.7532636498751093
-20.433581825700042
-16.695465311120504
-12.722959724130025
-76.97874901869243
-30.37163038139342
-3.5802729177404844
-31.35262864686307
-3.4133886690124338
-9.656331233702408
-54.19552754164798
-4.210516134468992
-8.67896681462033
-3.768380672070034
-3.751459998317056
-23.01902276665446
-19.291964382587445
-15.821716644268779
-24.892495697441507
-23.486300726459273
-6.844734767594717
-17.778566260636925
-30.919548158643902
-34.56212073048402
-23.28756833383579
-35.265874474781846
-6.658872250481785
-14.712299077708016
-15.579536904968675
-3.165931282534131
-29.28028654046438
-22.065584832789536
-13.207398528532929
-8.171831927063383
-18.069922639808794
-47.580654650638486
-4.520696377802799
-7.50735905820876
-11.722438591959978
-35.62093490412556
-7.488496604739085
-28.698932462069294
-8.75038407548614
-10.324374026659612
-60.66901151110005
-61.87164138986973
-42.774786326222596
-12.22252765631553
-22.72813225954887
-30.434185021852905
-6.609881766601251
-24.151963220788993
-11.276180552313624
-15.645624776343947
-10.922270644304485
-12.827926786248744
-29.028565104605065
-19.333612979229272
-56.350134890550535
-20.508261068591352
-27.649817067120654
-26.94893223679628
-57.49247949681159
-1.7304526759453223
-12.39213861446748
-12.273275205057313
-3.6767783611700744
-8.66618233847547
-85.70169273607165
-23.788053124075113
-10.814774228954692
-7.117754110564402
-28.226963594830156
-5.067768605407293
-25.126690174396284
-19.61789169017544
-8.556788807914035
-4.012344770819337
-23.324330654901715
-17.547561457674952
-62.36224521526055
-5.856703174969724
-21.721551732257723
-14.021568901206656
-29.27662676056363
-5.873501441575702
-10.349623740375938
-9.975985715267374
-30.860812939184374
-16.780068867670504
-23.432372513552195
-139.42516907075216
-42.57548569947225
-13.210346622011503
-6.692403491528861
-2.647576509570895
-30.52942057768797
-23.01043178932405
-6.408039482669105
-7.760762414651657
-16.851483840671253
-12.118606383818735
-5.140462898882505
-0.9588912327061386
-33.768532758886245
-30.9158711387729
-5.653338314218496
-19.267598846871234
-19.980080591189374
-36.96272731740819
-4.275220138512391
-78.85791052553631
-5.704665683352047
-26.37913658205379
-9.300274491513402
-11.310024086336997
-5.097143280102164
-10.054640751449735
-17.007088548600564
-27.660748399030982
-10.744199431692179
-13.481307466287559
-3.7229731034488553
-15.531076464093644
-6.693477272927193
-9.361966315751246
-15.183394264851689
-41.80353285865682
-20.19605401251369
-7.789385449331821
-10.879808431314752
-8.427604605371128
-7.515201045375743
-2.849331898804245
-32.929588457992395
-7.230423276172473
-4.037286459813135
-38.80848344741157
-4.082034494960357
-8.727516750139925
-10.55013785672029
-17.768629969399978
-5.456681456635036
-32.01451769744502
-1.1126252060737438
-35.745956901388645
-45.816905679320506
-7.138892541050985
-23.238249836610375
-6.0531914962842865
-46.94962974025385
-23.575350629186968
-10.848448254977308
-8.154681993713089
-4.627405167875336
-45.39349512123089
-99.15862682527275
-5.078034468390593
-14.934906765850862
-11.223951668146551
-3.107918818514387
-36.58010929064507
-8.988894601572492
-30.885241629760266
-4.2961021985576195
-3.367175218924087
-16.36139438026766
-11.22278610552662
-10.314875602107334
-27.229809382462445
-13.589097772868366
-43.57673824253236
-3.53351962005049
-18.464782554216253
-6.016228001006397
-9.134262815543385
-81.12433572628167
-33.8590474446019
-20.471714360849425
-21.596317931643565
-160.99345759042632
-3.822329013102355
-65.40307466223241
-10.250391120274285
-19.65707955227436
-11.13378209727416
-6.524474482098294
-8.616076094540801
-23.64237202578331
-215.47932373821226
-2.38611685352043
-7.608876271815575
-4.411911799213117
-66.88128668669906
-17.565693420064314
-68.87813529641893
-9.389070678957914
-19.663683796887586
-27.55730212620029
-10.436514622963177
-28.708196764083706
-4.230843552477591
-7.584877481767897
-22.54515876508484
-63.097072393172496
-40.28705641271212
-33.9484677103233
-77.92872353975947
-70.25875261226584
-6.634490350739856
-31.606619863368664
-15.672091430850044
-7.286644037555008
-5.204366648123719
-111.63183813497281
-25.352074452668084
-11.21257300786997
-4.9234170629697225
-95.98601359566538
-7.904111844949994
-27.931566455382214
-25.70277527609577
-35.46115930652682
-12.418329582668695
