-22.16438915788382
-54.583280851426544
-28.7202757006784
-37.13410090810528
-53.42568718066508
-41.58905149005657
-78.25844232039073
-17.297626330185327
-77.69509207627969
-24.17678080035639
-46.09297559294597
-42.77968924901997
-25.243525829435843
-32.055322021598705
-11.052070509322013
-15.916020365431109
-23.465366754107865
-23.717041901909894
-22.618289102445175
-32.35801156141047
-34.16887752595531
-86.79018491305585
-41.20517772121863
-21.154197259696318
-32.1399397628589
-44.31735350506524
-37.71635167318602
-15.105370796831247
-10.517186879147356
-11.686219526433192
-11.533295672645178
-28.570600197204723
-19.102656001773386
-16.999927173873033
-12.23889402920669
-39.1951663105525
-31.136558028716056
-15.080060902935974
-23.68172108237229
-155.83080373824367
-26.099058794827513
-61.28851699100377
-48.536522705989896
-46.07538675381454
-29.17901242873701
-9.79041205216477
-6.142190228784833
-13.679138847098299
-59.58816031908149
-67.02169416039109
-39.30673937186084
-2.7033077780194477
-7.842935325966128
-23.613782820188234
-4.665936063855781
-12.259698373791835
-16.52749306286914
-24.762054310301362
-4.647290014266383
-15.18725053435775
-48.519333889916894
-8.236427694963997
-37.633993895686636
-31.932907728088043
-14.408452737385137
-22.297282721749916
-67.38012525001773
-11.194443404136168
-9.360120389626266
-21.08989596372384
-14.736140171985376
-31.253452091452804
-10.375594464485577
-64.76537950339379
-52.646926112704215
-61.40560490282515
-39.869049495719764
-10.938343179951053
-77.95007443589266
-24.831311593851897
-46.958996643395935
-24.868466573724092
-12.634707203946828
-10.513275854895877
-21.717962121785785
-47.17005236214703
-10.173099872564691
-40.130963511475386
-16.986346263857232
-46.24384746009822
-13.409512740236027
-55.13007455030789
-14.90730388085127
-11.605840853917732
-40.450348614191135
-21.048113365369087
-7.2549406544656465
-10.972810021550089
-23.18858586580599
-20.462342767664627
-6.695303519454321
-22.11360411757606
-24.13057063705359
-25.739711492718857
-79.22685027773734
-38.185405394974026
-60.99090155970586
-21.71923653691866
-15.669483427126599
-12.0267076320485
-26.100865297859553
-64.8595846515712
-26.819309560406076
-14.8997343402755
-25.770480407704916
-72.08569630155293
-7.006492986268647
-102.98431485064056
-17.302267118513964
-8.40589492852294
-11.111201860417129
-37.54280970184922
-10.074138319866991
-8.806959782710157
-32.69737855935937
-19.392789613193504
-29.585495679795535
-27.43324989826444
-51.33703616456254
-40.075185436652006
-23.498185664164914
-119.64733771988729
-23.622975036032848
-27.911889815611858
-9.664505969752236
-46.18337615160808
-5.205014111872094
-115.84968921643957
-13.56058734592146
-29.401833641999165
-9.040644961228747
-31.41962877039771
-7.626059319334738
-20.722092018139517
-3.6683982008151292
-13.37790634988776
-10.292643311562909
-11.42377820843992
-41.591203105887054
-56.19490798456082
-21.022737015341818
-22.092124112259558
-10.04886126050007
-11.821181690219591
-32.78076903440228
-15.129558336510769
-7.966660720410252
-14.020063556550749
-10.434021930847496
-28.10638936735023
-61.35637786949743
-32.500312919424026
-19.753831885828397
-8.002724306753771
-7.353936837822379
-8.192816654895852
-35.40434245758841
-21.17706017290838
-20.205854367300624
-37.90665421926703
-19.067206137719133
-8.475378682215025
-43.975699647533254
-3.257497582762831
-5.586150697274611
-10.24079836565615
-7.369733294592503
-62.93575422972812
-17.204200377087336
-12.630332347194017
-60.24841964048508
-8.715036081279735
-41.04242751690779
-28.77299009811289
-41.12085638733491
-13.962144485047224
-13.654041695356312
-14.358810696166621
-68.77110218328448
-9.023803282006162
-6.3227679919344775
-13.72870816160697
-19.420689787131916
-55.31954077096824
-14.636923190616807
-19.361711690952493
-41.804940229177674
-36.97005838852223
-40.642687636649974
-13.076230686529657
-5.846429514617924
-10.987122199735799
-17.344508686422387
-43.29662823293462
-43.61564286308221
-14.98594109414973
-22.698897137701163
-20.371895325998757
-29.95006992172899
-53.91578424386319
-11.415397058426429
-17.115119405644297
-10.498322755984995
-32.2459760814883
-9.68157206269412
-4.109667621630337
-21.260118670897604
-12.675647158562285
-42.11760928156972
-45.42184757519239
-11.900251224411111
-8.870354745038169
-29.191786565723653
-6.187773580562798
-17.703239362017417
-7.2067733703663075
-15.928591438787224
-168.75960296947056
-26.928516071326808
-5.229814176640928
-27.698968160088867
-30.516860490743625
-14.152061944656696
-11.182018409266297
-26.5769024337325
-71.16213728609675
-24.21199641115634
-12.05200567934561
-153.48649711015486
-17.190338433624294
-24.162940241245522
-43.40572091729007
-12.426334057625743
-6.64221198842523
-27.08543589598735
-18.06934178941247
-88.77855767290153
-1.9148038933223666
-29.367795176096006
-16.109937051313203
-6.829470336854523
-24.728371319321518
-41.70213255906295
-57.58271227499483
-84.63389032391429
-7.6880595861208905
-31.9378572848785
-89.38425803295138
-17.781136617875106
-16.904088124988764
-13.054699821740947
-5.9585566754669115
-10.186648549636875
-35.87986412794232
-41.20092842148271
-23.580639370896915
-49.06403967810453
-12.670913887557555
-23.3011731065103
-47.150310691622465
-64.8587336293337
-10.010395571761464
-16.954179247875537
-20.970405876255352
-15.722766989760817
-46.100889208951806
-20.66142392472957
-24.13181078505325
-8.868785694424407
-8.351441065405282
-8.788310620204296
-7.285210092534411
-12.860409977320145
-3.751382474282678
-48.66792913595084
-54.58033446483054
-8.832543719969529
-46.66022456520011
-22.753106138521048
-31.010240200896654
-28.444805331781588
-65.40307466223241
-7.300309115194814
-12.618868602080545
-7.630189285066848
-5.361214685042406
-12.824010477683657
-75.5971334436107
-19.961924886669156
-53.24499232598692
-29.65251558428922
-37.12188557107241
-44.317829645723556
-31.445923947847422
-4.383467858770099
-119.74496217883858
-42.02132859203065
-13.439853311545173
-75.78931066157989
-20.944573378320353
-105.1655583257318
-34.4538520141164
-42.90655188223781
-24.95132726184824
-30.36726377397365
-30.452547930102828
-45.6244166620001
-25.403864663157197
-109.58529557864506
-33.55690065762789
-60.8420618577952
