-59.8316779145706
-10.279725486242759
-14.131412568687484
-23.441414503987016
-10.201247216093385
-19.38952851656208
-8.480627792880577
-45.76253505445329
-9.614141668168736
-55.161506099758725
-50.405542775914775
-22.40372574421939
-37.60846026446031
-32.42735440000991
-7.745389467241848
-52.36560756804003
-6.2701350240100755
-20.98164251363842
-13.407186075438949
-11.723378268158598
-8.261881469196034
-33.59746886443158
-43.30306947698545
-24.630967920080415
-13.698915938297286
-56.09514940154964
-44.846375388886216
-16.070859258539254
-15.812141917502629
-50.9666310439845
-15.32802895858221
-19.335303818602
-25.529665411097273
-61.44822941094957
-35.892144679018436
-75.67345625032014
-19.770003403759237
-20.672966879566275
-36.24496669226011
-24.1828746273263
-24.338605360843427
-20.799208400945997
-42.1795234649747
-32.35801156141047
-55.64049956021925
-23.059954185944285
-14.04249922569882
-27.10700627244299
-107.47590477692022
-19.21401784201098
-70.43015314529022
-9.836511794114084
-44.190208945893986
-17.14135334116378
-14.461898721873236
-16.95284206414949
-74.15371994029324
-50.6896110083668
-70.43751393328873
-13.17365644392835
-22.053295527764266
-79.14958935219285
-83.86695247776875
-43.692683874136875
-39.80422191435229
-72.82922202597199
-146.32270351482296
-19.603984928377756
-8.162713355582934
-60.10980595726922
-71.86946364714595
-16.91878367001696
-27.16670466184278
-30.332467383274242
-12.821358856774673
-46.47039912174828
-55.73976514240089
-94.95729779172528
-83.5016634923321
-15.058898364561601
-19.015660866531583
-107.25219208150848
-46.405358735437616
-25.93522203334979
-17.64301758249248
-43.86709082597269
-63.122443888491645
-69.50230379407995
-9.815459016050278
-227.36706486535448
-32.71069050658431
-24.74413031807906
-33.20829507822797
-19.12932818142421
-44.10464339186181
-6.534078930990258
-12.648239935596928
-87.91211296460078
-91.62539663892652
-33.46415309422009
-46.58370115622099
-32.7953675692918
-22.685989450687337
-24.851153650862482
-25.54483250947867
-89.54066324010185
-55.772072781391515
-26.27667252308595
-38.761728927880775
-68.80367780710993
-8.580606118714371
-137.76738137117013
-56.21643435085614
-18.257924923721205
-26.115687714448118
-44.64669904482402
-27.90020098349145
-22.549341033427332
-28.99648649187408
-81.92761428647985
-99.00964326133068
-32.503693111265044
-27.872393603561687
-27.49610012874147
-25.058488340304027
-26.34634002415974
-113.10332725200297
-32.14322434013015
-11.91837987469943
-42.32075107466078
-70.70373260587164
-23.28765035866691
-8.51500491975955
-7.092273664127207
-20.03684785925825
-37.756859588222405
-47.32360957585026
-31.420012363445164
-21.46563264220538
-47.970653086386896
-83.8666458559398
-46.732086222610015
-9.227209446676381
-51.06128118882598
-37.72656181393345
-39.702141435534514
-16.341292667197308
-46.46479906519499
-37.605136168069656
-9.3400611388771
-13.489083945077606
-76.33799602887204
-19.30709014554241
-6.14566975582412
-25.828604393230812
-17.63217612043549
-29.700376159316896
-22.01699479108641
-38.82395438789921
-23.384285896852447
-24.077797665370444
-13.567700433461988
-25.299354875214068
-52.521294292007475
-70.63167932439553
-33.73113410814501
-18.9786134827819
-32.607753356904745
-38.67243095581234
-10.035677320999039
-40.458207558198424
-40.38372073185051
-41.64842097857146
-21.772100214479423
-40.71527209925478
-83.90042770958966
-9.586332229205421
-9.32044632774054
-10.125816441858486
-23.505842254044094
-71.98986560098561
-14.714999505056113
-54.545229901116414
-13.675901788560259
-21.155547728234904
-103.71061900410517
-59.10985868542268
-31.825641671620104
-75.73443297144406
-42.01939642519698
-35.4860317837259
-14.988629941354008
-53.27232564594322
-56.14681985904167
-62.65491241139604
-9.557998021072327
-52.54052451213942
-15.250321187473983
-31.187321533029472
-17.98787325331509
-72.08569630155293
-18.093919848976054
-33.408428431161546
-57.460041247194994
-24.251546666414008
-37.18061732332998
-23.05476289815463
-47.66055287002292
-28.216915970175016
-53.87368922267833
-8.507158739218228
-54.36772580153683
-9.857651488377657
-37.14853994778771
-18.05244668385857
-84.56057614572902
-42.965270190861084
-40.64639572023442
-45.05515393581714
-34.66159102870136
-59.81261732564249
-10.705104080453147
-14.48865543643041
-55.152242453623415
-55.42744071737699
-35.6895695137752
-32.80429157956239
-90.32211396424913
-26.41477758980562
-40.33198984972459
-38.534578843837366
-8.21467096328938
-15.714532346601894
-17.56381698811332
-20.263650309107224
-37.97021725433867
-29.781334287558114
-44.63729123629082
-45.175755892717824
-41.031700731631986
-48.23551372968378
-26.92981635356527
-38.454933299609
-26.41127889501992
-14.01682138340867
-48.660025597449284
-16.271672492196593
-18.537785271103797
-15.354144970932929
-15.420088850265119
-46.33937806114264
-57.772134154861575
-68.68746154392456
-8.503878433343033
-50.4456415832345
-14.024145899748769
-8.456012069820346
-85.12610791532751
-122.59420254945596
-28.32619781763088
-25.430524324557467
-8.323069468271719
-37.944027018046604
-16.00531853959614
-57.37386628295909
-42.955380174255616
-32.29654527284968
-10.326566988851681
-29.28065582458698
-24.304788716711897
-31.930565881323155
-76.87560705946488
-11.346901275305468
-81.45815873881801
-12.687503584898947
-35.56567869551373
-43.47975828376697
-139.954629071492
-8.870277804516864
-23.02235367781994
-9.465842258992518
-27.46445113369635
-11.739664884436523
-33.4705260016595
-36.34513490895775
-18.189533972644533
-25.254131406415176
-42.05635268042117
-12.72460488776763
-30.921457415030396
-110.1564776047268
-18.679682708096514
-82.16372577884958
-18.925401718758778
-84.00832911066543
-34.994450766149164
-26.393391003129622
-38.52624115270399
-30.504561524860044
-24.383306230686998
-7.738619438501481
-14.329405679789941
-24.01972258973945
-14.064366725276534
-17.612697557090527
-34.985632513374995
-104.5027847136015
-49.56195610832056
-45.99331031660512
-18.803435066128408
-42.94308900368765
-28.825670335556385
-21.340152183244157
-23.512136297347425
-18.276069620051736
-42.484688116259505
-23.033223264766644
-42.91129382627986
-110.45988009408894
-25.077159994010646
-104.70748797462552
-38.42448315642963
-20.62468432036752
-26.089118061647188
-18.242939960000722
-34.4960089901774
-64.97411777096721
-51.07559546276368
-35.40533110383253
-29.106200403917125
-53.203171399843384
-30.317450541924902
-30.084313103769567
-9.168196482864388
-89.51205131459103
-71.75416157659593
-29.0875424050431
-34.578849637913144
-89.4682314942259
-56.33804747858231
-18.816705686735776
-9.680537759762425
-42.56927864169738
-107.21681157942133
-23.939664428350262
-18.873417456779762
-17.97574228390568
-33.213591700380235
-79.08904705061077
-17.61690925934542
-21.150380243597287
-65.22857393007159
-27.215299555356143
-32.08375159731288
-23.191639390324205
-10.112620600620865
-28.077043294756166
-49.16181062096945
-11.617636941910588
-71.7365416505093
-33.33822232495168
-37.90335834587322
-27.197052442160253
-34.69038939591757
-49.40335327207047
-10.247085434238171
-14.711419814035027
-13.202261767162819
-10.941882093681846
-59.659761326820174
-21.329311656902135
-37.86981690968642
-38.309407597083954
-47.33661472278851
-68.73380830327288
-55.37368606296793
-13.637000158109732
-30.465050572711533
-13.674743608162494
-17.240631805058683
-34.77842232609977
-10.67515653089576
-19.611043629101175
-44.39130074634753
-46.87155247551395
-25.166183004239027
-19.524654319159023
-8.627458702807553
-53.17005636542984
-12.600139276316986
-10.858040756597962
-76.38807433419336
-39.03259849994739
-113.16876601055289
-27.99028910762839
-50.33234766952123
-33.78467131909654
-22.984360365956906
-8.455492561370207
-20.29315236987813
-63.63789356462811
-32.334567485517894
-91.91299964317126
-17.218568070139856
-10.036648460035964
-16.39134624654911
-55.365530602563666
-67.98291041006584
-27.140631756856532
-32.05885151995537
-12.420392676592947
-25.92611464034567
-27.428071701353673
-20.90971891336475
-77.0847500332346
-36.637007608002904
-42.11087834381579
-27.63074837537364
-40.63943646662323
-16.575141335018696
-31.29336004750278
-18.771256011158318
-38.18356885749634
-42.59745079911413
-43.74808073579784
-9.249905298652315
-17.736442455860402
-16.99862652767108
-50.856569616295126
-74.31323237981024
-132.79131541678538
-32.141334188358776
-16.874638903518964
-45.414934430396585
-32.10696535410852
-36.55836114141842
-32.770999406758875
-25.82393764398324
-17.550496507606354
-11.771427610810486
-29.8553491737839
-33.33667968526506
-28.448454519034257
-22.787868646536634
-132.53120076356856
-17.985900603416642
-31.265383589715526
-17.472178678514677
-20.861098101084792
-29.6088355847008
-18.095399666516254
-79.48985880174573
-8.155788103838548
-24.90198471536486
-31.332592317343344
-39.23175283256598
-18.929998731037568
-74.63982136546953
-32.734790726984635
-35.49391245643091
-93.77081571240178
-63.178818298393395
-22.071349450802643
-72.03199355773565
-34.75838118348575
-14.282589577410457
-18.396135357397547
-24.948086696619942
-31.12962505748444
-35.18620637763431
-28.675118266099275
-16.886044402202824
-23.046925551458983
-35.836771080510616
-10.876294256644687
-7.482602748175377
-20.524680222270284
-9.38984451145543
-40.101133610115795
-15.376438485722517
-15.00120747909657
-36.45365693581338
-75.49918807066199
-24.76286443469461
-45.01365094110449
-82.18540624685878
-13.49500250249326
-76.7080156983086
-18.53676280628605
-21.463056955442433
-23.940299307295202
-35.99308594641738
-16.972756861735274
-28.32029701238623
-48.76635461414134
-10.097431789553873
-30.30721489768934
-16.467077261305548
-32.1972473652104
-21.311355656362448
-105.1655583257318
-31.56139904467457
-224.48042123004424
-16.049604674380006
-63.097072393172496
-23.499352996218647
-11.468932195463813
-7.057302343599246
-20.771687542302292
-11.224584146150097
-77.68880257699362
-42.436606780731694
-55.811077851171135
-78.18337862526246
-32.864923285590415
-20.802746411727345
-20.342830678149724
-14.220646431817398
-49.577483985359706
-60.57126510752996
-58.68769976418062
-18.774004709132104
-52.521489944641
-9.472693206021429
-30.99417999133774
-12.013079008745995
-68.8728508367986
-9.623445780294931
-235.51858182452386
-82.91780690756889
-63.62674307216364
-36.32570380504549
-47.29779940845812
