-34.77092291609155
-16.63863065911531
-22.396066637413348
-10.04039784965043
-21.21261437579275
-7.421398295170262
-11.159501099564283
-14.272573791364485
-19.036395398644483
-21.25401302202407
-8.046275418042068
-33.86243846532483
-51.674246652460894
-24.054597647615257
-39.95517862722566
-21.680164978861264
-22.127534950067798
-51.43496151504156
-22.494566686126042
-51.87303947864739
-10.8729502005975
-28.32945740490467
-31.64593884652753
-52.27850174550045
-93.01168759099262
-18.287203456659892
-8.664809610369147
-7.938980764800203
-3.7774402657729693
-9.450045866839819
-23.938362312994364
-22.69236755651617
-42.99800728191924
-73.7594172028634
-31.65790504173143
-11.478916889505644
-55.21723352813611
-44.51053649074192
-19.17116660300523
-7.924627330899541
-28.76618736002936
-16.446364478919634
-7.297602494182557
-66.93208053354564
-14.128974939806746
-13.362346905646431
-39.22944256485153
-18.723149800356758
-16.704045543059976
-6.6121404278739595
-39.50001722343548
-116.28306737377937
-5.349880364269568
-27.708898123277752
-49.228717145480765
-9.178292661313712
-36.371481230590604
-17.35623022899819
-40.277049104011375
-7.763070099694113
-6.225946604710438
-37.188828798783746
-45.67202492046912
-16.25738480218456
-22.529558457904834
-9.15147927024859
-16.082846665006333
-67.41039189712784
-11.125268014813328
-12.352702297325386
-36.95063579005068
-30.426573852607557
-22.0455910200216
-8.825977080556868
-46.883258072423224
-18.68721762955989
-16.676697760640934
-22.58208318030787
-24.10401960337139
-8.304953548228333
-37.32052314954663
-39.130449274527486
-25.138772389625693
-14.091312586785339
-15.642500138203047
-22.436975918602098
-23.243074677456466
-19.110029971030794
-28.68200417495745
-15.696020352315795
-20.254224261406282
-36.82512539216831
-21.414493781756004
-28.10516677393783
-24.796058578727997
-13.003841799142199
-41.676674775955526
