-32.60496567518801
-38.08661255823287
-42.216133675448084
-99.60129067148017
-4.579169483141988
-7.820005299068929
-19.67438519476379
-22.469018547853242
-51.12342877346612
-13.997271218931541
-49.599111748194574
-6.57881503304238
-9.544598436154622
-25.42188647237642
-36.19405470216343
-42.81051915307944
-5.236070892231271
-13.623534529414766
-12.243131705696149
-18.101913251909355
-15.776734134247935
-22.334486698547312
-40.283263640249935
-26.27752315808724
-5.706041162811173
-5.57264675024672
-42.47250873327546
-9.897311811975081
-27.39898261602714
-14.548420808255646
-6.088785382022807
-22.940187080027663
-13.031322974324599
-36.174116271257226
-83.71845088258576
-30.421069932835024
-3.143413437255753
-22.869692417421074
-16.967582912345616
-17.33208249237896
-21.57525197547738
-22.4032904081569
-18.032976362185952
-20.28820225115482
-51.54999399703903
-23.778592303765098
-19.267524428955934
-37.05190060558109
-30.336749400591177
-12.47259008300486
-40.59809726968542
-30.05471094463606
-8.489072434246017
-5.186646188928441
-9.068535114098161
-10.083663906278142
-21.307989167164667
-29.29824018531416
-7.0375257750453635
-20.162242074190445
-13.358405373492138
-60.54471960498535
-28.66270362015514
-28.97389664354068
-39.307999430632805
-30.185922152280565
-17.1786201343179
-28.483185245206776
-8.775628186827264
-25.3811806367528
-13.305821731262048
-14.853218305456304
-41.37725017262289
-9.84601049086309
-16.274554023217068
-22.942883231334704
-4.590369514208982
-40.669702973480995
-9.367497864299473
-14.555463585544235
-11.205746904050391
-3.7486154290208127
-51.893503383591906
-10.459250455833192
-51.58622320193921
-58.2838458735658
-14.483075588685578
-45.90735999680726
-27.787015020750133
-14.39409434067886
-58.217862350270025
-43.186954498667085
-19.48551401617069
-49.498130687038305
-23.597527684364902
-24.568108451574034
-18.3763022124032
-62.14374482758931
-20.882992969013024
-34.59925675236396
-4.820008242120838
-15.699069884157195
-4.246989540392001
-29.532871872829013
-23.623784664203935
-10.557919423668993
-16.179787845561446
-25.617091856242844
-14.275891689048626
-15.037184579552461
-5.728314174065609
-8.847884164673879
-14.739781404881096
-29.565002511099028
-14.396937843221412
-48.68817691145853
-17.323343369624833
-49.11812202218661
-16.383166626557713
-15.134830303201142
-12.149540756731552
-15.430881644644925
-31.83343196026059
-14.595151772474056
-25.68220340069938
-17.95139481898107
-24.035428304653145
-24.08155061309211
-12.366693794864755
-7.522639671987808
-4.950596218800036
-26.18487637375455
-8.282285871250869
-17.67671924371339
-52.264692004133906
-17.082970137351666
-90.3674286057569
-5.747541420827137
-45.517040463524346
-6.202492230639338
-41.40288979223306
-20.050286196649992
-10.222888483484923
-7.474215835158859
-9.285876878634586
-5.872549833887945
-32.66869491114243
-34.11053991207938
-12.455311821222196
-10.602666732177594
-41.05893885606995
-15.451413331196145
-26.75965684412499
-8.699329181032818
-22.880522436363712
-29.327616911531575
-22.929961999710375
-13.19413392515458
-56.335948581476345
-11.286426072846998
-44.74002237263212
-40.90137624496498
-35.621095202876795
-10.006080488656096
-14.677012408359065
-8.376389747659212
-44.756095095198916
-34.21355037664672
-9.460636207473012
-14.952965111880617
-13.651881592812234
-9.61353075996596
-37.96062393500374
-72.28225287755977
-19.563688528512593
-25.837472204175175
-10.513282084257405
-18.66370892249435
-62.183452899983614
-6.696350918207658
-14.98700493535715
-33.82114523161127
-13.893715287461914
-13.648456730517825
-7.90399526859348
-11.517360230139502
-5.899464425833891
-32.24735870253887
-11.434468805981068
-35.4052953237683
-28.403509318117464
-25.759101140421876
-22.87868533232197
-7.475583362375637
-33.62370542954907
-56.80142436462002
-20.40847849465832
-13.817916120356157
-6.411222965711082
-44.794265576650396
-5.673351957338552
-42.53332210615086
-11.684991818100462
-13.271333585827636
-28.990783360489253
-23.613600157705818
-15.838838733227943
-9.001747633168222
-20.796514966023484
-47.70654190961517
-36.762333542547694
-41.751018822261756
-27.870344123102946
-15.441273917937922
-30.71016359105014
-4.489312415922546
-19.32705168520366
-11.240835634057012
-84.51629214258155
-20.798778292310203
-11.472851423627981
-6.253445566172303
-8.891813409669261
-26.492782930635553
-10.525266740597067
-16.36017409811277
-17.847401693676787
-20.413608882595458
-71.24440889308916
-27.77365269655443
-49.721791785475546
-20.98754776139349
-26.773478710821696
-31.406401975227016
-39.33830046479924
-29.078663814822598
-51.731053912072014
-90.12553066471877
-142.3899048928892
-19.73528975836185
-17.22450622946944
-28.397604061313135
-16.03688800816966
-12.204143423540616
-12.595764042277603
-8.640300136101516
-34.08167493110276
-17.985195996529832
-5.889462299620945
-31.118809391927847
-6.130039342346922
-60.28062897172365
-30.105781797186335
-22.62397876509239
-23.80953663744052
-28.85253917895148
-17.74317058970797
-15.390286365928635
-21.90694830230768
-51.64879627497358
-12.497493870098664
-39.08088117292891
-8.012191586559208
-18.702082229065564
-16.039967790716744
-35.363992765529716
-14.45432967390318
-20.485404695191303
-12.778763810828128
-13.522776972621948
-31.37055377127789
-18.16453055464348
-17.049344974642832
-31.245885228353323
-13.15389389251653
-4.944481665378203
-7.973686178671705
-31.66911993258924
-12.80390657341085
-44.72135663624781
-11.053991366087114
-4.297821826921773
-8.756234668295455
-20.651707319850768
-32.59810559947572
-14.568350011992974
-51.10191435590024
-13.324188788362466
-47.26519690336881
-27.321965048696406
-14.04695617780484
-15.008966610469598
-11.414453433116512
-68.81511714045423
-55.123475331726176
-10.657092196211924
-2.9056562671457824
-35.46340193907579
-7.647547083012864
-16.018385163664608
-5.491625500803614
-27.934860263915716
-15.810156997315902
-10.921093797490055
-9.941915883148837
-14.72565042982712
-6.6284798095183985
-282.6911467878983
-20.914700748979886
-31.318040158578015
-7.722720553544555
-18.314736859889337
-30.12364636212829
-9.324209453154788
-55.58429964940182
-39.8308568061914
-23.137796540932438
-9.246567911118582
-22.20496623870224
-15.86088140973232
-41.07859785324515
-11.904950306890205
-12.08995755527293
-12.854211097243386
-26.578295757252718
-6.815747275587531
-29.231241113989807
-25.265516219498643
-15.34832535923524
-72.77745751759865
-13.29174135610957
-79.19024470368272
-56.540756036424
-34.13090109099366
-27.96515876366357
-45.09689357050143
-62.15044186768343
-3.177756499712719
-5.820921227565121
-49.201015058910464
-47.17662506039623
-13.371450814565605
-9.75269413802153
-55.16735172312581
-11.995199016937578
-43.24017226642228
-54.86158834517008
-10.810232754309256
-33.73097229537516
-33.786300098974316
-11.141164983380376
-18.12767601694882
-8.519961264834988
-11.444091462639287
-37.11761722611021
-17.549398526170652
-9.55882103384183
-15.048546464980614
-34.81696524712986
-32.08010357011222
-41.247908843130894
-23.154486781120607
-7.740354199672802
-21.01714541606472
-5.5045071705957795
-55.59864659695379
-18.78533313871854
-7.448837831217766
-12.491689954923181
-4.351872025447825
-4.175817499630745
-16.65559082988381
-16.010017855211593
-26.055375307248262
-4.25887447864244
-9.157570022359348
-15.575460473900273
-7.044196703745884
-31.59852337927121
-42.01245644920309
-6.951156683622433
-38.553982294764964
-2.96123539804637
-122.93726593312586
-20.01000565650033
-32.317615026220636
-18.63072989297049
-101.71047697957036
-5.107621068283237
-51.60104582922381
-127.13296052646943
-26.015893078140408
-6.686404436130166
-32.49701919115246
-58.115922440724866
-17.821254312850172
-16.65968518817113
-8.949963514167345
-4.604629185046949
-6.609003021123746
-75.76067389741547
-21.469707110107485
-40.38289761699387
-31.336218831289855
-6.0826953037919145
-9.824674560513118
-6.183171422239185
-23.736647831425813
-54.66828503820357
-18.871945411222804
-76.21975458367244
-22.68759487975661
-42.46253942559217
-12.864445393510932
-14.479331505981701
-20.88792699868064
-55.40913554726211
-26.458385514077293
-5.516261772822074
-4.74152919352506
-43.72422884140333
-12.3018937045922
-68.57657589592836
-80.67065346710093
-5.460621126033777
-39.49722885685513
-18.76264041146566
-15.105182614990309
-20.164460073722953
-13.496095031345668
-17.820451736880965
-16.916382704649816
-24.0597990411693
-16.812407850318316
-30.47126639217565
-8.268000918916247
-13.284958587983706
-19.608747794960657
-22.852549716454593
-22.030260340546242
-39.98447404740532
-7.14427054985138
-31.7331770501312
-9.837199400075962
-57.65285725807704
-5.905092739778456
-51.980544373298564
-34.735344492314645
-23.919177073212445
-16.94796308505627
-20.279224328126443
-14.798811245971189
-8.786509328632565
-15.842797239987657
-68.82625709961518
-25.167876517053248
-29.07335065029662
-22.15658715499001
-45.055082656650214
-6.197656765153532
-11.792548530317239
-122.08868600566935
-47.291738849554335
-9.654754049175782
-35.92268305458702
-69.54137940600023
-58.733461037810216
-11.62977322302006
-30.42038983167817
-81.27271427826571
-40.53628590486176
-33.443526362131905
-45.9801422678919
-29.6064099365385
-25.850033689832877
-13.66448150798327
-3.1691653101349244
-38.308538215218555
-21.754955404163624
-35.19210239921863
-30.53339957820703
-24.071471486614026
-5.723517205305742
-66.29886322831192
-18.836420950331785
-21.093804922751143
-16.832195626543957
-23.989686659991406
-18.213599870409464
-16.216478412399468
-10.054580896503726
-57.63848410904692
-16.755872587742846
-8.300574819033606
-15.862087258158732
-20.721076837527583
-41.31428448673852
-15.624900889315596
-31.71927231183538
-57.97883221743527
-4.417833381988704
-20.86112197162432
-70.129916016887
-26.06653018067734
-10.161263629942136
-55.31329184142707
-55.26251523672962
-27.70362650616843
-18.785416959912798
-19.30101016978394
-54.55328005162267
-16.371894624055308
-33.98616903783001
-53.518388979413444
-25.623367754989037
-9.768214049990863
-18.746396766259775
-25.604292240142087
-23.185457061163238
-96.93972442113825
-10.614470719303823
-48.40661407834977
-15.175753809687428
-19.093006860617585
-39.6175241330562
-89.83747340573782
-41.02967111313831
-17.702864617342158
-45.80465389890978
-113.24797004957445
-13.47014792899829
-25.805936599876947
-28.745200713994382
-17.75806114229353
-52.21913364965239
-12.39430291015249
-6.995722304353718
-18.882104638217378
-13.794165208656102
-18.078015112720905
-11.396477436999634
-37.451775592133025
-35.94413351186844
-34.007008776858434
-21.55225715195017
-24.7967793414469
-8.904386125740798
-19.872550669791693
-15.63815926049197
-64.10883322367502
-67.43501022489058
-24.610675805953132
-23.498596762844485
-18.76610611190822
-25.952421042231958
-5.997096333999077
-27.113461082902564
-47.83610514119209
-20.92383988290979
-1.569222244512278
-26.222070122309326
-15.061115039637432
-17.092715979577452
-20.60332375706508
-12.0619514039576
-47.33450972391745
-22.518700831861672
-38.633085315504516
-8.349054740866503
-37.18454414033308
-10.406709415991905
-44.52717948226283
-37.31082635725853
-29.08025636207331
-6.2830831177152335
-35.06800979593167
-8.731151811553035
-19.653064598267285
-30.854638318446586
-29.931476143496504
-62.22755974141392
-11.833510414129334
-36.24382502219883
-42.70452086994353
-9.84603235979726
-15.189083267328503
-9.808432985716998
-23.026650588134046
-12.327743325184777
-11.125175004140564
-23.4125242740896
-26.32312104276664
-86.43599046258112
-37.02749330133227
-39.69291018327382
-40.11767032658131
-38.429418205796615
-7.79723840668573
-30.846983776175694
-105.92201469686076
-8.720276344974435
-13.024772923541066
-23.576113462063006
-22.170203160135003
-8.862692465294431
-4.383085708588879
-16.5084245384355
-42.00700664532005
-8.191706788285924
-9.774922334557614
-11.884460440802906
-5.448502777590779
-95.54446280886467
-4.45087278889311
-14.786807812816042
-11.09522014233922
-28.471849786860414
-26.23224529613645
-14.432300944414193
-37.331195621148225
-121.74373199950456
-12.999630957729172
-40.21724953663089
-47.18632647934591
-37.22202648071425
-76.89447689997594
-12.064680691122748
-87.08585181507696
-19.173838033917963
-19.895103301295148
-30.105461235803656
-15.059077545952515
-4.608536867694705
-20.86040381934795
-13.89044214257254
-17.0745552596786
-7.810356460679953
-33.40681730489348
-70.09714655698943
-20.19635286379488
-23.339413263799795
-5.470038387005093
-10.567688030436981
-5.82089574158851
-3.8325349467321934
-9.852618372482013
-37.940429176039665
-17.920841997511364
-20.042660097105117
-86.5073673587609
-6.585998888867896
-46.84440724339747
-9.729047044303169
-4.22530553932684
-10.410025505979416
-17.823851105549757
-21.117574945613253
-37.40298197819424
-52.45018795598294
-34.35146879543718
-16.11651183732011
-31.32607577214504
-6.505056403975687
-55.77741751096962
-26.060323059272477
-23.42073864953398
-27.451875572404184
-15.779871195848813
-174.8885596115149
-9.159570168276359
-8.323334442412845
-7.810149124237025
-45.48890045297606
-12.617179317957993
-75.71224114287097
-16.643970605587494
-19.590667529969284
-64.6997705862141
-11.176216066845779
-12.848814862772427
-8.155989613218361
-13.557424023649506
-7.608351294499209
-14.992766609148523
-109.25191936261652
-65.43442752125637
-67.56292214785147
-11.335502365576673
-9.540075391695906
-8.25139561214066
-45.16945930457098
-23.156018158443867
-6.533640271197411
-10.313325415190558
-7.752593448273451
-33.5115324809944
-4.272186872846177
-40.1974016489198
-26.622775796481985
-10.14810133603362
-124.99680232032698
-24.506546172415966
-4.37543351856292
-51.63367432995936
-28.09940539025049
-11.588799390430616
-11.096342916735862
-34.095561133800906
-106.79527814521991
-53.67088711295386
-67.38864177169272
-29.393213954650285
-16.37078371232837
-10.244284118179834
-15.844238839952173
-6.732687721818269
-52.10267252929325
-14.063298051496014
-17.30419293107138
-23.4200032314038
-19.57586164958608
-4.412703913452212
-18.574859918274864
-6.181965127441533
-23.812505069161368
-2.3772221964574825
-12.560689339865258
-18.02662255631338
-55.89433084153668
-26.416689537108777
-108.78904696156494
-36.595852536271046
-9.101721855550748
-25.299537773305232
-4.2023364108141195
-86.79877842159627
-14.099244066229293
-13.66622472416525
-21.699238836155835
-27.2571205651716
-64.66019575393562
-14.9634828081911
-27.80979311994568
-33.88707528950893
-10.26695936483688
-31.555753658521628
-14.792110036832021
-11.34803459526718
-10.571579112986543
-16.2676200611036
-39.60790303532237
-6.644564763734331
-13.614946593957445
-4.506339254716287
-13.002181821284502
-15.017838583890558
-7.176442476171099
-58.194598873888445
-28.794106606291823
-68.14222290817705
-35.96056981026283
-26.819309560406076
-16.234084849054852
-68.94342735316806
-57.033295187208864
-18.8812913375371
-22.099919540077575
-39.40412745185484
-10.12235888621182
-7.039570677850848
-30.701864673527965
-16.163404450305183
-47.23726356959605
-21.637265892113913
-6.260170294343054
-39.126169870102544
-23.581672872701944
-27.32841866044654
-4.030212025405158
-6.543572041709232
-62.92965890788144
-106.13849039595263
-25.90942330677605
-7.6079835059827765
-73.29275876380538
-7.96413400786864
-8.074865271343388
-74.89260694005272
-7.027996314315477
-5.180186115301469
-19.215167244764462
-23.280359382590582
-16.64065911388389
-19.09325022171502
-31.418467315663342
-27.814747214475744
-41.67436818116368
-8.337646587980272
-25.061495209107218
-8.161447997343457
-16.90091565149621
-3.3336938107180902
-19.70251514588021
-11.886918090725477
-42.82724564798543
-10.952898419722269
-83.32377742901706
-26.591352425656748
-17.434858086588573
-35.82102950563202
-50.46601715558823
-3.8864720026668684
-12.320509556233405
-19.628253377305068
-30.337200472144275
-21.958231307974994
-31.9266438849056
-38.611122853142156
-31.349943975221834
-24.42223942946197
-8.34516939628888
-16.273013476129957
-111.54869046836602
-31.675876192554913
-31.214430792893186
-5.588998061040382
-27.35211766602841
-24.69560097095463
-14.580510673597312
-18.44556627562767
-12.671310534197199
-15.86734640615588
-20.730421649930477
-13.42293605267575
-10.384057345841553
-25.37493712392874
-16.530990651724753
-54.27987752336117
-66.61933644957807
-7.1748129687751065
-11.952442906263853
-65.3665264979466
-9.421715599625454
-8.658419323341914
-4.499007741645635
-84.48190666291445
-45.96205002480182
-9.484269029074827
-38.180298036533095
-15.26327614548728
-33.374608325186315
-49.37642958080375
-46.36465303760706
-116.56448653767733
-13.711617977999392
-7.024821280883344
-23.07157831150172
-22.972314595702603
-40.80777883431371
-17.383173375398673
-21.1683170180072
-114.85139581374263
-8.96554753965537
-80.62508492219855
-7.477181538449283
-45.228674844363795
-16.220832582035143
-21.23171582741063
-12.501986591569562
-20.040698524363094
-25.480497723528266
-11.82128900082831
-14.100166870883578
-32.06412571641326
-22.406074820791044
-17.141985734737283
-13.93707430079178
-34.26012949398832
-34.578534180844535
-21.491253480372304
-17.247334899036016
-13.719000383183884
-76.41247855925558
-18.73471808921361
-17.82336296806211
-7.036872588180004
-16.618780830522514
-9.248022125637016
-34.26555784235966
-13.775114791795485
-38.57669093779708
-17.86415700775657
-36.91716016870808
-6.270955296772772
-32.99298226197767
-16.31648908218876
-15.87206564055017
-10.164915250405334
-10.051297787644991
-12.435794358296421
-49.224006398319844
-56.68769225941258
-27.167431073301678
-9.878307379102491
-87.3528005282834
-10.062031054326344
-27.721569687960162
-71.57330462318596
-15.89908729561919
-18.806788871556158
-22.45554141972501
-9.846084610315167
-56.13005036980908
-17.09893953691085
-10.538403001955592
-9.42695906048435
-43.79395913987165
-15.454419661058356
-5.983217882973568
-6.016381551783342
-8.890009080351755
-14.127781771130557
-29.98760826865288
-15.062126021684046
-12.204173573051925
-16.081070838625436
-15.226034087564253
-25.35472833353272
-28.16093682707965
-19.108876829554553
-65.76247825509229
-28.628848129590462
-21.18357238510105
-6.274796727188154
-118.02267514376719
-93.17309814904544
-46.32772948542706
-53.41029546798776
-58.75475857812458
-6.494611354868843
-14.547844496062208
-10.435382819605358
-20.11317820067464
-8.583030543303565
-39.85347873418636
-29.85292351873741
-7.620765997325663
-7.5347922474491105
-19.76137412423651
-73.78984090876769
-4.968194889710014
-9.896998108313868
-25.9313290277877
-4.443339542245037
-23.417549745653023
-59.93098152009577
-28.41198605072362
-15.714229938459159
-21.59885357414552
-39.61644098786112
-33.65696150663796
-40.05062419928099
-9.476345682868866
-18.39779159162209
-5.661277649281053
-10.109843642021026
-56.504204412208075
-111.42653844422551
-6.629060474146557
-14.75323927817249
-11.054243958813217
-5.85390397565173
-56.92304977279668
-25.329384657271074
-28.129099080538836
-29.68106549311577
-40.02640242799593
-44.73421744121347
-20.978466789224388
-14.094554259033087
-33.43881107183829
-64.42439008226741
-15.673714354740909
-19.7818083321286
-11.603942479049381
-12.12684667647412
-24.436729343605528
-36.4683438967867
-15.103101264685538
-39.32220133725253
-41.63674657880929
-6.058837813718769
-24.674162058547648
-8.33073616544075
-17.086072482492213
-8.683232073810002
-108.47819812310928
-35.00619532945721
-7.9862753060247025
-11.385423934026765
-20.218717635623292
-19.02111866843763
-6.6308073697771714
-39.649149627433594
-141.57934919802463
-7.445343064919338
-18.9007572714815
-10.049511390079525
-32.86755186076792
-8.912375535555169
-9.181479758771857
-6.879359750783973
-25.829691667774657
-14.781122237189582
-20.106717261647077
-29.158022582953993
-17.275573559608176
-25.802528219112894
-23.257907615473066
-7.128197029443823
-61.95899826213146
-9.614230717664666
-18.69636519246965
-195.94603243259272
-46.978843027556856
-2.0682001739305402
-13.08213804271723
-12.830362366798472
-5.767181234810852
-12.526021900741695
-71.03626733656303
-8.563542467117506
-65.98182118857702
-95.28415964692216
-21.95532189284565
-19.60791636556879
-31.382879045808586
-56.81151592084718
-16.89548201786322
-22.453388535685207
-7.361620208001249
-16.850177973689263
-12.308288197528391
-6.953227880188774
-22.709989930979273
-9.782480787808826
-8.273154384659556
-17.671102271180136
-20.59865081757582
-12.590459097087168
-125.43149580334119
-44.2334209372099
-16.196373388103016
-146.7663331779486
-57.91704559407007
-51.758700533305955
-20.78498757962346
-56.52482044871254
-8.055408882767704
-14.656619029772733
-26.093404782955073
-27.608512066901547
-5.587233849145443
-10.08877187945548
-48.056502477238276
-27.9495311965033
-23.132612863431106
-22.409281535288205
-14.104210268527634
-30.856515082987563
-16.87949068157768
-15.719812496092338
-18.248062399909802
-40.63992442075763
-39.181607321063694
-52.57559242551079
-26.109382656614667
-78.71453086817094
-29.45663338463739
-14.392361008095085
-26.10395594575672
-25.443772197580813
-16.402099660852166
-11.054181553597799
-3.694742505328463
-13.031163466002816
-20.808973296279607
-41.210348122245996
-84.11883816870953
-27.797487180128694
-34.8863925040268
-21.68938590375822
-26.897812765984597
-7.878804203421026
-31.34249638156883
-58.48260202444564
-12.596606046286741
-6.030372295437431
-11.02232922470198
-29.232170488369636
-10.267686337189119
-10.111817874201272
-28.376787933578775
-11.278688140362219
-84.70615298699688
-46.21624865051669
-12.547813555774775
-11.003927694510292
-21.472015116973665
-86.1776708885347
-71.05470092091772
-48.3622107452463
-9.890261132430124
-21.494909837337815
-12.613658426054277
-19.557852123512568
-23.814437342791116
-48.381076297007525
-16.84710134511105
-16.53080052226772
-29.668840631761835
-8.971064248528357
-48.79513940519576
-33.92486740661
-9.655317222852421
-14.205765677448538
-28.018438099019416
-41.74748627344349
-0.19357574024318805
-23.224379811598524
-26.905710153809572
-65.67389725147834
-13.408806556998602
-5.571133131850433
-3.0059526544606423
-49.30641538808741
-13.164229436538413
-18.67443287620969
-20.129067688048252
-106.14063282359139
-72.75346606980429
-17.85608592917034
-13.870346766532286
-15.298940137951151
-18.45834912810601
-26.80494829232443
-36.88341911411257
-15.918447369635892
-19.750996374676237
-92.54186794615005
-49.47775398355762
-51.959563822364416
-9.166455904640195
-9.53125735447063
-5.387242671807028
-12.147266565998196
-28.739013634412828
-9.53882039898441
-15.41905605368934
-55.299217199023886
-8.553035622209412
-7.807416593838071
-10.981489316278697
-16.702871948235614
-24.010513837789603
-24.91106816198303
-10.415317489736967
-20.24518056822423
-14.017932663002815
-24.43560970984196
-17.62657504152878
-3.143413437255753
-13.956575446050568
-6.191519874942887
-118.28240240998672
-137.6207119888442
-16.03733119039281
-9.734172178361892
-5.746514445237224
-12.051008708634711
-8.288120068539547
-13.702850948982064
-6.322937763892924
-11.370348126726029
-9.091909694911564
-14.79584027552056
-14.36341994425132
-32.79679955381787
-15.519384015986432
-35.762920242082515
-13.042262550085214
-12.767599600815469
-28.1634471473
-10.404909391110724
-21.02609412272094
-6.802745758689253
-27.72863794636219
-23.89737946558971
-12.410258966669137
-20.357014651622215
-28.878843483974183
-9.169894767871762
-10.73561324046219
-92.7456306593625
-35.358003879377726
-10.186166605439304
-34.64210417651962
-22.15387152786224
-111.66262483605543
-20.439009665707
-10.362110487413037
-31.649414168662755
-36.09206462427689
-10.042353089862985
-5.488204391853346
-7.076654484940423
-37.78315042499797
-7.178274864903535
-5.9023114435556145
-17.3343029248003
-14.129046561017313
-14.276818414341406
-41.33637134701851
-19.393623005371843
-43.390913011594435
-26.387990627368755
-102.38571079315744
-29.476911353851555
-11.471092876488497
-10.794314423614514
-8.965593212175627
-6.946224359584925
-6.82713756276452
-11.235244697465678
-22.633481579291328
-10.444642892474468
-13.564940223251908
-34.03487990048723
-6.055901894636591
-23.334629008336943
-17.980343923286586
-27.00595953960222
-66.90158937688626
-6.256813335768517
-15.538075229940393
-8.556450837629466
-8.798390783898068
-26.061605216175753
-6.149597670474758
-42.09874218923349
-15.273111349552343
-6.609952644806759
-27.377453091052324
-6.518464137564077
-19.439684025116975
-64.09119413725647
-20.504609462187027
-16.454304889357317
-7.844680605568608
-17.295156398839588
-30.18672710168782
-19.19123527096701
-78.20715342814736
-24.727432485821204
-42.0952804717401
-5.453166941804863
-94.75432533858746
-9.746289191800232
-13.900879547966449
-57.8393052931068
-48.780317868184724
-24.424266732444295
-21.594655504266207
-24.025487294195145
-6.376846496206389
-6.548555617737451
-81.40192332729481
-56.38125742502288
-18.572159414635493
-24.25608150864429
-11.871782588361638
-17.284088494580317
-24.253167252316338
-30.708835755413784
-57.5301691073167
-15.673937210691042
-8.149587605971108
-12.529189098050981
-25.742982488881893
-10.16944709424079
-5.221408912671259
-21.476803714220146
-46.20549843957157
-4.7893115047992705
-3.1202536054368584
-33.620335843613674
-34.38561664432328
-21.79408551948957
-19.257235582686572
-14.6502596571231
-30.569711074869662
-19.76389339510401
-8.162196162579216
-14.80611624785551
-15.972748328941458
-12.838810648456237
-6.47192135819561
-60.45090435853754
-35.437367930167426
-26.850433122358158
-22.702634316895683
-14.027660443777874
-6.698524086531397
-30.412622247729704
-30.84638937834699
-19.925716526261574
-15.154106648283827
-11.089055151914643
-33.709695243445005
-13.89506592023211
-11.93095333904208
-29.87229905158983
-11.786497057575295
