-12.416402016393972
-16.599012753102667
-44.194339624128816
-43.39926508922694
-56.06929409675212
-4.997301646777225
-74.8798682196809
-7.2633600850268545
-9.506512039616332
-10.078012071866633
-2.2250410298645176
-41.13745619281265
-9.139565429365403
-13.502746060814781
-25.86995908689399
-14.576659660821447
-5.709612286038782
-13.981529494075017
-6.6869970139822295
-5.794109422226867
-7.976645108440763
-29.88179657092675
-8.141707218363607
-6.476716148642723
-33.49969593621278
-10.225552879987683
-19.056726694637003
-10.984941415855396
-28.226070703209185
-56.71700425670042
-7.80871341402319
-0.9435212511826454
-40.93184425421128
-14.374569534402696
-7.715202813067084
-0.7797795805191513
-40.535817729258675
-6.649992762715031
-2.314554725778248
-6.866936274611438
-3.5959940292829633
-7.490415742994542
-7.359437112033159
-9.42457999659051
-2.985518256440665
-9.620603774045515
-34.5558142061716
-44.01702251560485
-50.988853143450534
-43.72415201723672
-26.364899315224115
-7.28153334703585
-3.53844947195392
-24.135721669495755
-15.998921098803335
-9.720539763322488
-3.006647551783242
-70.22635173719324
-4.1721723415647585
-13.907734289830335
-18.12367062685572
