-27.764468905126773
-10.035801627683847
-28.754686440755123
-11.064261096486742
-11.196612775111582
-25.948264427054614
-16.273080627103813
-6.540455639170596
-12.17460252343898
-15.63721156871843
-35.09964095730943
-10.33501535517197
-10.163764696120182
-20.139222500320855
3.4252319697457034
-36.667004358111505
-12.118019923541265
-14.669020210652405
-20.908529752983412
-21.932544605916682
-19.960935196811654
-10.048182343746795
-14.942661337266589
-62.613908469089665
-8.317082651973426
-12.457069801774548
-7.65374724404601
-13.221188451417035
-56.53511610121162
-30.73436618420762
-4.680222468665984
-13.138476331539929
-12.608946700811583
-3.5360826400897385
-33.634105116519684
-32.37098943432635
-23.503392096460253
-12.493772468674567
-9.353028332602484
-51.66110614941787
-66.43892797732659
-7.922265063258189
0.042280784191969324
-21.250407134415312
-27.233700034794033
-11.368900506013032
-9.510207061454823
-12.689536194234233
-19.25095167645266
-7.50672907674445
-2.5201690358910103
-38.107887347867305
-14.121365720596124
-5.995944736262314
-28.923280350379112
-24.520797603871898
-19.984677783216792
-16.419638490965184
-14.657558627881217
-33.87137696623694
-10.343968897008123
-13.81435579238338
1.219204580827724
-5.005557575937578
-20.696320523623776
-14.751847227845763
-4.853582354377878
-17.1310267572654
-33.559616721528805
1.336275619187932
-33.19550665922882
-9.053104966506563
-7.538630683608837
-4.21910014463034
-31.81689037737949
-23.171954648802153
-11.197588355680818
-57.723558149339624
-12.761441499610683
-9.154916436740807
-9.687779662316583
-18.252710108081985
-4.560533086899846
-7.145889004970755
-22.458478629576724
-13.483426050075227
-23.29634291406365
-36.40749289300495
-6.49565703535969
-13.349059023243735
-29.027108353538942
-45.70257996999798
-27.62972530690019
-20.06781294597773
-11.70555260430848
-12.943483443839627
-48.27693738607482
-18.832117549538548
-14.342400273729767
-20.45784920747273
-6.908919988685066
-8.004468227096694
-6.184929406286001
-39.094193191860164
-15.583349151429791
-4.9635058486227495
-7.759091668998742
-88.23050806457061
-19.044962097812952
-8.275398028492251
-11.256446758274294
-24.62300261059985
-17.827416038498203
-28.71218403415856
-19.833963829714957
-12.678128368152606
-1.1567411809766552
-24.52259702268911
-10.763561527464816
-6.815318012612373
-26.482382450354592
-28.17725817548634
-27.373117954622813
-18.237256398371386
1.7090769333125464
-11.530204378082258
-14.01151064008596
-19.689362274500894
-12.773744384684761
-14.411624793697746
-33.2060903892691
-19.080586815521563
-18.939178392365584
-19.049433664794197
-14.104068938574555
-3.873887245058291
-41.417885783551704
-3.855974578227009
-11.91599179004881
-21.34751920538958
-48.80994371588697
-18.024879236903132
-15.724607686821791
-29.825913969883732
-28.990760205184017
-9.39610833923285
-50.15451780729456
-17.585613759191318
-32.02946095539231
-22.26925441947611
-6.296106786968113
-12.98418385390082
-14.021374219448067
-23.283969256907096
-4.878891016123417
-62.708624775427765
-14.539591661577354
-15.791556950477949
-21.806317304775185
-28.032915185322672
-10.651486770661027
-9.37321950425791
-13.527172088174018
-15.114210505427764
-13.885168643812623
-11.94426419024875
-42.504509681370024
-4.529608870269699
-5.940929875662883
-4.166110157886583
-33.58965622914182
-5.078756207095074
-6.225326532733584
-44.016217004706334
-27.858645200700906
-51.58185089761818
-19.84882178301097
-14.493372999759021
-29.762931174477515
-6.150576118635344
-10.128955553626945
-18.8299672829417
-28.506665160382756
-23.137252214102023
-23.325203796900812
-7.6999191614408735
-25.60156964567645
-13.078845947925874
-75.32784331260237
-71.41883081732767
-5.639109155963478
-25.872193374219815
-35.67992254708017
-10.56803357508905
-52.04387113555109
-15.056733802973357
-7.271120855929918
-8.746779234588711
-15.1985706010087
-11.212493914414285
-23.06676266642725
-11.34755507084394
-4.491204240017307
-11.416247575474912
-14.746143428990313
-10.312351779211108
-8.595701918663327
-43.326890908977724
-6.867387664976035
-163.02307756219642
-62.75481262251645
-6.221500145549287
-14.040500511106725
-39.573870629631024
-30.194143348450314
-207.94502904879542
-4.544393914433554
-7.6802137237379675
-22.704076457037562
-48.8797300253344
-24.667722183913106
-30.85755011826898
-44.110810424670134
-22.189048811940975
-3.6337852044983308
-7.516276417662848
-25.73084853722214
-37.08994815702374
-9.406860357024481
-23.874366524453745
-16.929806678274648
-17.70475333553055
-10.9965132736486
-68.3061967364869
-15.271913525831797
-32.85564893778617
-4.286934294167849
-8.794556641127393
-39.79485878436021
-18.83328058754373
-22.996705043880308
-13.866419244784689
-53.423794438513035
-21.568848069532777
-39.90225650910336
-6.88287969401409
-9.089642704020564
-62.11308950045095
-21.479437370085442
-16.502132757587404
-11.828298992267687
-2.2893842404864513
-20.69582627361551
-18.12299774776831
-24.56146198095192
-17.111743579269326
-18.908376958823524
-14.121775019278191
-5.669198183847827
-16.169073244768384
-35.73839297894247
-14.303783292328513
-15.111966678077904
-8.904408149007054
-4.12136126471075
-16.294672026685596
-26.657256187647512
-9.390726349465853
-52.4168910738257
-15.242824588693905
0.41390105558679435
-36.2960467682753
-11.76368201624651
-33.05970991299249
-97.3828016844161
-33.389345897182935
-124.14348544759427
-1.1815719408347116
-116.28306737377937
-23.55802210804241
-36.80790922163982
-56.437043817644785
-2.902707246581178
-32.66065860888052
-30.851983674017752
1.584476872162481
-8.431789635220179
-17.375670214284618
-68.73767331002561
-12.924162086466602
-26.8916162916546
-16.600693791928457
-10.454204124596185
-36.96597571823288
-27.519031468482684
-5.324481589491009
-16.630481915228337
-3.8237764020489573
-13.478515885079606
-24.782829032589184
-19.93141189950231
-34.99794872259392
-14.25266456091809
-5.491917147404896
-35.30914382716446
-13.702978219800533
-15.801064316268608
-104.52958420551741
-17.387095978869837
-16.163548007219678
-8.220039213385572
-25.97379045188784
-42.4532945856494
-39.065380506177085
-19.764897640371007
-52.08330516605831
-2.302881032463468
-30.28826648829464
-19.965584721071213
-3.2795697192409192
-10.20046939681426
-13.234540461160574
-1.7062182582885974
-5.985854938976317
-7.649910162754667
-8.595942266259685
-14.291710240051557
-11.556997523611155
-5.313676739576375
-2.7310889562331426
-33.864234392643255
-2.62991322944846
-14.39847567963375
-4.720641261108343
-3.2556397541540893
-26.661136913902208
-11.23003770770641
-14.883627137984144
-12.437868431560723
-2.181309082927293
-32.28197527825835
-44.65588687719352
-12.6771916021675
-31.361424239486446
-26.759283940659273
-10.748547477513252
-20.56606186291639
-8.838959585683636
-29.523023946979414
-29.887040325418514
-7.323539391634044
-7.485973657817094
-17.291397773428614
-55.346500792351286
-26.13714229380586
-49.03485126287192
-42.638678288599614
-19.09679660722965
-17.88793186010228
-27.269895862460434
-9.949825862486032
-108.10381037899647
-9.803752104168309
-2.968563925502126
-24.07828531646162
-10.280181150055357
-23.80740091490705
-9.152264834148037
-20.721956590106785
-4.581438725808173
-10.828556675388963
-4.046336181678453
-11.625120880491474
-15.23884822685166
-6.051354971351219
-4.140106307270219
-17.97033340917397
-32.25596375476169
-24.234096319968852
-48.62991204519986
-5.9950090229507875
-10.021350461169233
-14.015357076523017
-11.592193733308322
-29.966957957151312
-9.374522060761981
-4.497628811265806
-35.74369360682845
-15.806371349982774
-17.641488469445584
-3.0504150497254416
-37.647938650287145
-17.308666471025113
-32.49073571097768
-10.739483639026835
-2.7669533435907367
-5.015971489670824
-3.5831594518492698
-8.069655940378118
-21.810459669134385
-43.787327054392655
-26.321201921968893
-19.702402047271715
-82.26544542792197
-9.2508491326188
-15.456991644026091
-9.165091915163321
-2.5880592334795347
-45.40416720707462
-7.072034087632972
-32.653977955835
-18.781457072536206
-231.40372940228872
-13.939597117328622
-18.498764898733352
-10.253248324024758
-14.914857779171292
-55.62825312349047
-12.666024018241352
-25.726854137362732
-16.98597777911283
-31.136462634706337
-12.372484300068896
-85.37907148797997
-7.2241772464195115
-3.5684196034197817
-29.309858358939746
-10.887950327735199
-12.553159518930277
-19.619813633378612
-47.38643415418797
-10.999793746435579
-38.27199540068052
-86.44294194792661
-3.44758887438347
-9.98596662630517
-10.157129779038684
-7.792680730609981
-10.120041780174619
-12.04545136646572
-17.788358602711504
-23.54297428295533
-101.66194676112877
-4.020781997524837
-22.88187271255961
-23.080489003028994
-8.41973136241288
-33.21646047417873
-25.36833565069851
-16.485768690589484
-27.483008991133858
-51.33994717756937
-34.08333103826568
-14.05497706293862
-36.8972235180845
-8.535668439366608
-2.173315188905575
-6.3129757777277415
-18.856010741402958
-24.88622645106066
-10.973653781741545
-6.257743268115628
-80.19695188515878
-50.69253980432835
-52.30705051794943
-15.645946908596711
-25.51432335287152
-15.950508285258497
-15.408901169715774
-10.187678819165209
-3.73916345509462
-34.38150530342808
-96.9946153407607
-6.371665575291586
-5.393588204387019
-11.197350585700876
-6.631853076345709
-10.272581806301412
-6.467364313059834
-12.463927745993509
-3.5129450813544936
-8.462065898492382
-18.476768069274915
-13.913837151423092
-115.59800965639693
-3.772871170810071
-53.29295744119085
-28.220900517992806
-26.234687057237497
-5.076103073594613
-5.347277121780319
-22.73687202585892
-8.492282817001863
-11.184828413965484
-22.93495416515132
-16.80449513218736
-25.483412609527278
-11.524985354949072
-13.568406078081967
-17.53693788248436
-4.127637309062638
-11.469869893755153
-14.844606542381085
-43.76424336226767
-8.505383342338986
-10.172574178717984
-17.879256550267055
-21.630826853865745
-5.664478310132409
-38.40179106088894
-66.55438086922304
-31.717904195842706
-22.05947059753188
-7.580944958811618
-13.035773885962248
-15.465312534117512
-21.38484507684155
-7.68611515527453
-48.47145604657379
-14.245278231765
-14.72146715512677
-8.277900297254012
-25.81945842365473
-12.445644110261178
-22.592100877123
-5.2255523339057826
-7.821968882199723
-31.016189046820852
-10.187138590012871
-23.313629473547564
-29.174325357689934
-10.14296551233355
-24.70986043358667
-8.145744167380336
-51.36741041048172
-15.681370756336158
-23.318830050921182
-4.0651225123427945
-69.45115100396495
-5.211969575345671
-5.95053557024461
-19.8035898221811
-19.73177801733989
-7.105437424329801
-33.642435030868754
-4.970044965982243
-35.34172211195156
-14.923590490393723
-12.165867776088831
-7.779534136138284
-12.174054224288437
-17.250287495499204
-55.74587240567038
-26.579248209946023
-34.20549191111708
-48.896567644285504
-4.510018011445806
-13.051523849771602
-5.307269051446047
-14.772348238839577
-9.131428425654812
-5.291624533364526
-25.5462027947681
-15.269169769647284
-33.4219166327961
-15.383220067397845
-34.97425446817719
-19.214353335224924
-50.90275615391578
-32.75841127715372
-32.43583443236917
-7.298484898711917
-5.87410082577644
-8.96890786928909
-31.466874741275515
-14.531957239790392
-5.188103064929777
-20.075226002308636
-10.476630712165976
-9.823906658514147
-15.477082619094288
-8.919033406968124
-8.141413369857336
-13.319223936207289
-6.456457396753717
-28.86849856231218
-16.269510737325266
-5.130716245404156
-39.33515254420173
-33.30891767266964
-28.153469345201955
-47.21959755624281
-6.773747180612836
-24.872916595526313
-87.17879013173155
-5.047052940359542
-33.13491226730776
-10.924980638833443
-4.368352183524508
-20.51525395530628
-10.285525185718226
-14.79907969504306
-42.4502800261769
-44.674151970966825
-14.770508845131221
-4.978521093079501
-8.566767736633055
-58.56549814077773
-3.6983720573404004
-4.468328099593445
-5.240332220447638
-57.80305245592408
-0.7400065968385738
-5.266538670446667
-40.48426182359433
-26.6654536420215
-37.59048397684942
-11.130595117585973
-25.67802001589276
-5.772954818032713
-36.60826794436457
-6.927075382968905
-8.900874676122058
-30.277330110166556
-14.43458090966652
-27.27603596885776
-18.564042869941268
-6.194830965337581
-7.51790694289152
-49.598553339547976
-8.437150592524157
-2.5615584393211486
-33.23306710545524
-84.86152625352136
-2.4137552231312225
-8.88180942909903
-4.781056313158578
-23.442481458919463
-2.592515099294098
-3.052521371344225
-22.27894200916433
-29.30339020305196
-35.54601191847394
-37.97450348291539
-17.49068983121058
-6.931987635994291
-64.85811707805982
-32.11617308363194
-25.01019608189968
-5.768876464409917
-5.235275669854319
-19.783359046532578
-11.724747842785124
-6.154752429062313
-79.15222880855903
-13.956570903614203
-34.52683388779337
-2.0995442363813654
-11.00931460515349
-42.52170810421807
-17.944507750346695
-26.014694411288986
-14.231704564307035
-48.76635461414134
-7.227752309323651
-18.321241299425218
-2.6545495014669114
-2.877276693905612
-5.44519834198935
-69.01488132664163
-13.224347842082697
-34.35338361944573
-8.841960137145515
-73.28447557645681
-29.18796881781624
-11.139307977732638
-59.66058903601549
-27.502648324860708
-11.327505694539944
-2.2086511621312783
-9.569435427158732
-23.56382433832716
-36.200849151336634
-18.73080118628357
-5.816287276689962
-4.0227133667073804
-23.947689776159834
-8.917903103886536
-46.98903884237587
-61.975756142662426
-22.55286373330441
-75.86326020017329
-47.56647812514948
-34.90607832926919
-11.649603286059024
-67.15105299560842
-12.08995755527293
-26.22583556899106
-4.090640419783938
-23.008897229188975
-14.575555763043214
-53.2123307522167
-10.373217224779712
-43.9693881370059
-20.504147854059333
-18.679947802755
-3.250441637717811
-33.86037597042868
-6.379681089437245
-4.054898218936811
-48.17780608349671
-11.704828427644182
-9.236347003590069
-9.835255368269516
-15.956100814249886
-21.73328591646623
-25.477776581505243
-6.6905930612279
-11.595267111372394
-11.77916662869173
-4.157276816066845
-28.962145936630264
-34.36022050591328
-7.44539145653467
-16.65695117419462
-0.8543063070889163
-15.651950188365458
-28.681534046133255
-17.408144622775293
-61.34508935847159
-10.232129929949185
-16.791557150029398
-5.024423099041881
-5.123824102279964
-12.891287237440743
-48.87313655320065
-19.345144423323763
-14.820007605414155
-10.75676411645348
-5.343645282697081
-53.12535553565295
-11.920455682602164
-43.24590840379799
-4.321941197649023
-46.03343384432028
-5.922544914368672
-11.52951598293503
-6.865494956016104
-6.262274913715124
-23.44613717339873
-7.579166161731823
-23.197128912944294
-11.462879115472864
-20.963628358082087
-50.815903741328455
-32.35801156141047
-26.98950393943147
-9.775587085846793
-30.40311246588405
-5.680086811790452
-16.901357506539785
-27.292088833948867
-18.828853064472387
-35.82767197531915
-32.79695064514709
-24.598633047686164
-35.7631736931249
-3.938422874040235
-8.095156256257479
-1.0300817603191275
-26.207496311126853
-36.370420972855186
-16.254544630013292
-8.257360228660504
-17.84031788039771
-7.097816294205287
-25.28039654446973
-13.665657373643443
-31.610606910962346
-3.0128659227441186
-51.32988324448004
-24.632112291645466
-44.95041559291615
-9.1728499046722
-32.553015699109444
-48.141026825784856
-14.607558130653294
-6.158641014757127
-12.590074330385788
-34.737645644738606
-44.13746512565381
-6.340143235061766
-13.04633437406577
-18.366152747017207
-5.846708612852543
-10.180645538642032
-8.103894382290855
-10.458116679010084
-9.875937559828142
-8.711546065620801
-10.664283412764153
-37.70973886300563
-14.720621245961377
-9.594173387022197
-13.754733432238593
-26.716311662762944
-17.891191976942807
-25.238901988987834
-17.31009013676988
-17.80598070957636
-37.03719392988456
-9.043526585799324
-106.8032837117633
-18.536760230177528
-6.573392197414124
-7.9458965988565895
-12.946691649395735
-28.14395632291652
-31.629568422435174
-8.542109232942092
-13.60578158315253
-9.264425698532095
-11.936756834172419
-16.411364778458513
-11.752183804724972
-15.700814419676805
-8.363929887615674
-9.033072283795214
-13.465077814105639
-51.04642526967104
-5.67225830601435
-9.469497635174742
-65.06760224912061
-4.7946737012788985
-50.70643918847165
-31.47966476828284
-4.64777888920761
-35.43549230729529
-20.57771681254998
-16.3610332506537
-5.895986812163552
-3.721372100964108
-36.582804331177606
-51.1169776219696
-24.930749839861086
-4.279651559749265
-22.816891326089674
-43.82756608811357
-7.357485997088854
-36.487597949215704
-15.994931101098791
-15.494090634613707
-12.803131663158617
-22.90480094710714
-15.713081467420123
-18.35253995663347
-14.472219489283306
-9.106026986574351
-12.689771360002291
-10.48905109713669
-19.239703085262995
-32.77959515212235
-10.168370646283673
-38.761728927880775
-7.963390508364294
-12.656753173092811
-23.379741498312818
-15.188667073604094
-9.48399310550373
-24.606641998440704
-46.03830003368383
-23.478384843413657
-18.824526804268757
-2.271040951200017
-37.23920284274517
-4.410052298454979
-17.579827992312925
-9.367177364801712
-4.689131181841252
-39.851941040699025
-21.517838893994707
-60.954515548751395
-9.92936203138459
-14.55712461152539
-12.015024709597968
-42.35780304398759
-18.820933481891224
-65.07853321673011
-6.075274340063074
-15.508335201231844
-19.98332845629845
-6.666979953914356
-15.718831526299796
-68.14641494293305
-7.846779177978353
-27.595204608470823
-6.653687629987442
-2.6751277118831243
-39.64916958968187
-19.499597995515956
-7.400419288430662
-28.018526545052147
-8.328080693597276
-32.950079187465676
-33.1056946493027
-21.347524801300604
-8.415028452823067
-10.140254141061764
-65.91237676172045
-34.42712199937933
-35.2024487590123
-16.790983354734056
-29.39380078404412
-11.006450161813548
-8.591907460612608
-9.381335009645758
-33.56413708292484
-19.470917750219073
-32.480266341865516
-14.82351809915996
-10.206561952728618
-15.634876134002019
-9.353748502162503
-20.295324038056187
-3.824432719625736
-6.806162901462449
-17.796400349215197
-5.532959999490754
-32.63039135814948
-38.69614826034572
-35.34105212982938
-34.43774961446165
-29.986936139329437
-16.12983511066811
-5.884976327582401
-14.0122240460242
-11.810132091822947
-18.510506875882403
-25.847569732596057
-21.769472122370274
-12.744407928520003
-11.766262460902642
-103.94739616543974
-18.581807869803455
-16.883460702198896
-31.018592886776883
-7.402632428338078
-16.68866981419702
-4.055986904857265
-3.41397523779375
-14.916719517441685
-40.689900016411016
-86.33517058666766
-7.939704880172797
-19.165954318089263
-10.96740967116771
-9.68115830759457
-78.83932975723076
-16.876358453424398
-55.33493799791875
-44.26190740042258
-43.6102973740813
-14.43919402664792
-18.84395256033606
-5.309451578030496
-26.67119362159435
-20.39344597930808
-10.38629243099871
-2.9028114062010784
-20.25084692114047
-8.96890786928909
-16.695261960367073
-33.725023089747985
-25.55864528329972
-4.515982093766576
-20.078449628360218
-35.08648125868295
-28.641689891232446
-48.55036507858353
-2.575791102100282
-8.916569190929465
-47.34320631311093
-30.408348306565525
-29.383990124119133
-2.1001012142461852
-15.207680158239121
-25.347016607911375
-14.065610437684775
-3.151142600842372
-8.21775094631319
-10.600330386894113
-11.44962979851959
-25.138620079501262
-35.3054264657377
-8.486621361797301
-9.093647448642558
-29.554542074390206
-16.1608634936493
-9.266422272938092
-25.36005277139103
-7.403173412608976
-40.39553845347421
-7.379770286324876
-13.508756989817122
-29.37769507006583
-37.401398938022844
-5.701178162742619
-29.102639956398264
-13.08738582750407
-8.206632736882327
-44.98727768137116
-30.282435353631303
-30.681475791862365
-7.579391585270479
-43.69448971982144
-9.76568338564864
-8.592441925055834
-48.70815595980935
-7.0564452324851095
-4.68816793742331
-7.3954062693048845
-31.06809228659588
-13.771764624959138
-5.830553422970643
-24.872291994353045
-21.015076909982348
-26.257509936878932
-13.521484555929684
-20.824414993399582
-31.18051984363536
-9.75462672171163
-5.808345674122361
-53.881234492227705
-9.526788539006
-20.23193145148244
-4.065027273982096
-8.814593933130249
-6.357104830628205
-18.03049105224919
-36.64626142261781
-68.46697029951012
-41.02435795365764
-11.404853082683017
-3.083276484231186
-25.896242475153926
-2.387992352703811
-11.651722902634
-7.9040967339666235
-35.46471007777447
-22.319858482407685
-19.219532579422566
-4.680054463530939
-6.7478964103831744
-37.664817956092186
-34.81674249834801
-11.688720665906644
-1.8103912022679953
-8.53039469929743
-38.33530016214048
-16.414175617133278
-16.161109737478945
-29.95640059469686
-10.646489530027788
-16.330989427151327
-4.946344955889028
-10.969803583904234
-9.205405556079784
-4.481399171617723
-13.771917298421485
-5.990070142380963
-2.7209973528446403
-4.332790465178539
-36.739125889555126
-65.34885401159028
-26.634841003952225
-9.828866618812958
-8.353265048083257
-18.948051171318983
-48.758556453921855
-26.530106397625204
-20.139610798199396
-5.960836393368222
-11.420705005893476
-11.557190710219388
-26.354227315343394
-5.913854872963439
-2.180525899780577
2.194205238268872
-10.922320774118852
-15.387528833489773
-4.278431235965131
-26.974961945103388
-75.08089048622476
-22.41044248020157
-19.39037431955556
-5.257429862538131
-68.84619689501099
-11.10381245846801
-6.134887923163956
-12.102513777159032
-14.804038868925721
-8.726958926118733
-13.575529675728108
-35.49606896303785
-10.799865453764856
-7.616061992514349
-14.472334128647422
-3.717492648604394
-22.906000811897115
-41.77764644555427
-30.787393004900366
-74.1519729371136
-13.295340920785904
-5.742971286308007
-38.346630067267355
-11.264668250417879
-23.872475544433264
-18.493853019061227
-25.649516784946
-15.60135427512128
-13.991738775801318
-7.793563114720206
-31.302581084732836
-27.590993022385064
-33.9202390897363
-5.230508790575991
-42.62535985445348
-37.39589216147607
-5.124802471700341
-30.491017970041266
-20.82775382784718
-14.449693765913135
-8.944433288038026
-9.734910610679348
-19.071678871034866
-28.382598472620536
-34.77715131289125
-19.278525230649976
-33.68024275815569
-11.759673675141691
-5.111485811726437
-7.380061453694915
-32.882099895860186
-18.566540185127135
-15.759975449519747
-23.359319514701664
-36.388190875621945
-13.791010341386388
-8.53773055709095
-50.332687718329524
-62.856856636620115
-9.852458542484893
-21.783777183575335
-6.071702633015042
-12.930729055252764
-35.123051064443274
-3.7809107504531725
-15.51243101035767
-40.16534882821291
-10.876251599947544
-5.8879191767588335
-19.129212540775598
-15.638873196061642
-19.64408557181269
-7.8238359618410085
-26.66473041474445
-83.11333080591807
-12.639900907815198
-14.596254957827247
-10.046094011145037
-11.652500308877364
-19.254271221398074
-16.351787691051417
-21.173895790200977
-30.998739082713243
-9.036223929261919
-38.74977241135759
-17.658563113001264
-33.42895274859498
-12.932520194202908
-30.79843696105313
-18.26074148016882
-9.039074803799872
-3.056213212194462
-26.842015820926097
-6.5942841978103655
-33.81418159964182
-15.22504723449789
-18.74308181049311
-13.936876827229014
-11.06871776050247
-37.07736821447181
-7.868593909336074
-5.7186107318781145
-14.509289694983382
-24.484099360658565
-2.9239028395637403
-19.34752625482816
-19.301336650768732
-14.000365503636809
-3.496019422148979
-22.982760106980557
-3.85099783858931
-18.762460339854574
-13.68746563010161
-10.99952377902144
-34.74067331978951
-8.62885622001242
-30.33660686494507
-13.111772263975293
-42.13532398195943
-14.623862609674502
-42.86130506012156
-41.84968820410727
-10.680555531852832
-15.267735693459782
-21.924225398514935
-21.044400626963682
-7.42551565606421
-21.80506947057951
-27.267156200199253
-1.9586501621345385
-8.986609227511035
-9.250976021395127
-4.8261128243724825
-59.569996995972346
-4.878759037878671
-16.31020678331437
-19.760467564598656
-22.12187184097589
-2.448743241415425
-12.154458327560183
-3.093980334382211
-10.191808467212757
-24.570081876339046
-6.814805289996355
-26.469296453434385
-26.183541948794392
-10.038546743336521
-10.17541123641427
-11.514180250837509
-3.9608104919838807
-7.26106472623218
-24.267698890089825
-10.120839987141037
-13.950992050445274
-11.401630654116676
-1.132810547848164
-30.812235616594563
-1.9087442854459131
-25.51767908729196
-29.747548978534336
-48.875528935390975
-19.606957232565406
-30.032006028207434
-9.047114291798257
-18.0552813282077
-10.895795870806104
-47.76352615472165
-11.390543883486053
-11.302996775444209
-110.66769570511488
-14.702449398970618
-13.133498457749809
-21.4550885728132
-13.379796246853791
-11.670460948677244
-14.963264848412159
-16.608944562947716
-30.710426293117706
-1.702532040031654
-19.77680427002622
-8.839789479376073
-23.512026382238464
-13.301923736641669
-19.656736030233375
-13.447829790414485
-21.53625043020594
-6.8972741835292135
-21.996731108046713
-57.62022583946752
-48.56846974860977
-16.256504566264727
-24.07075175513587
-8.495854711195864
-5.910097471223418
-21.495046100473797
-9.37841387327074
-4.567427458357038
-4.419753919943625
-13.107537525431448
-13.916801171977612
-36.38472737833482
-19.69870349215381
-9.377248339941044
-3.592926023794604
-79.30897676705565
-25.95793195846701
-5.671621459544619
-12.349609078288369
-10.833394424535298
-6.174513332589067
-12.180601727727383
-18.259711815790144
-14.623942097133254
-8.865368605665374
-20.558618489893636
-88.7645875350148
-6.892989859952133
-17.71489939303195
-7.4980503580942965
-4.600600779035487
-7.722321454820827
-11.979082717596143
-10.759586401583087
-16.289889866827135
-26.68316831902397
-41.34314969620109
-5.7676139486023255
-11.71869053841592
-5.9332696358337405
-44.30026750273776
-17.550349343566083
-30.116544760369628
-5.096974681851418
-4.682921156772789
-6.121080888905047
-26.475550138721992
-7.53470461672325
-2.0120882323111253
-10.004819657234615
-15.599468484852425
-67.97404806176492
-47.61397659289965
-20.358476499404304
-12.614736015285668
-14.971613005755755
-29.704922686001847
-3.70272596651395
-9.334440742210772
-13.219318770792674
9.207463300708044
-11.125175004140564
-33.31849273620822
-10.922822063458835
-16.064780152316885
-38.894700366560144
-9.617824272116376
-18.214747645772366
-24.207789915571425
-19.93058797386579
-43.58006898775913
-6.457335607735238
-12.62764592746982
-18.65480574935911
-22.26285627183653
-49.06344727579448
-3.161250445726666
-15.36248126036233
-54.90541338093248
-17.871087200599117
-3.8631077587642926
-12.461189833838358
-10.090992468655225
-9.616840133735963
-9.080786140078745
-11.417448148957082
-17.22969356376957
-2.355863452634571
-6.957875888521614
-25.87274236719419
-48.73004521262064
-23.74883524305058
-13.35097581219648
-7.968792901120925
-4.622222504870853
-16.044451100667988
-119.4532239678763
-19.8052063142286
-40.26647865350152
-5.668773829466996
-15.946333311022501
-9.540672319000272
-33.62954462756617
-7.634610867088125
-3.1438180800694475
-16.57130203290147
-3.9883325282826587
-8.452491299842128
-30.288205958037565
-25.988306387333665
-33.455075409312975
-45.49101532903713
-9.831055230017244
-37.259022322681915
-63.82337302570909
-2.1545081033648033
-24.62719295648437
-8.164788136413602
-34.819677096246025
-13.670511060205632
-2.434222827976625
-13.299026499906477
-8.656052837635539
-13.595044070865539
-11.367283788335016
-7.463970109468524
-52.081661295117705
-45.405993511411744
-40.61471581649932
-8.388944680991427
-7.50548212182083
-8.163631934737051
-24.719412366201976
-3.8082747036479203
-15.537393729718593
-52.73868593609861
-24.92932903777346
-22.64408704447149
-11.73524698840036
-16.783630817719317
-53.01528839795496
-12.23221845147098
-11.171239765302177
-8.08427820930497
-15.737771473668976
-26.75595431406615
-30.873782075558132
-30.43246413316184
-2.9201321994141263
-6.0089347891315175
-43.660132169438505
-14.51809475785379
-43.63854973670083
-21.642279180395555
-10.41630923419875
-1.297018574356157
-80.93294348962938
-70.81112609126714
-16.940918570503186
-16.7221736939839
-13.880935199701067
-19.822956993179282
-9.335350862513522
-15.315199384508494
-18.43072853014529
-13.358123119215309
-25.37582252009944
-4.026175557696935
-11.799199607215503
-33.932771086960926
-17.47426495621715
-17.331294892861013
-23.11659886210605
-25.037242676469624
-39.783093943266834
-11.271616151048622
-20.41456459515437
-17.40719661768622
-42.94136292942912
-8.397833247812205
-39.01301276977349
-11.039710270608348
-19.522700323430815
-35.68342502311995
-13.226355725611116
-8.952599665244598
-15.131799719375266
-4.272362202229848
-72.07443205620392
-12.24441154740886
-12.059405305794582
-18.395359141938382
-50.33557374522212
-11.859667088842938
-30.731932018350953
-11.746936830198289
-14.827579301541258
-9.182367449380738
-9.13461163402877
-5.162034540486418
-34.16275827513923
-14.509402979050192
-14.036654809986029
-32.17878063782883
-16.75513263023161
-3.8382975505040022
-19.196686066620174
-13.136347885373128
-8.585088337035259
-38.02955867370255
-15.21946968663693
-14.128215380344995
-7.890987190451225
-23.869430390702977
-11.710013220389781
-50.739038495491755
-65.95146956581632
-98.88045520371121
-20.852188801865328
-22.266581645315465
-24.14875029415243
-29.023546229477247
-3.7274045246857277
-14.978704380668015
-23.01380758226173
-10.150865380012716
-15.177727665765135
-32.039161033233036
-3.836961013352818
-15.130290057345986
-8.905555679802847
-3.454740745070986
-4.3694012126965935
-10.178382463509234
-28.08746642225666
-5.502711143785173
-7.902106851027908
-12.971459709416635
-14.87626169851686
-6.9108869705890354
-24.00600789514444
-19.44655100168378
-17.282374204825686
-19.549301560837655
-12.909544954879244
-8.178126092419864
-3.0714205354387127
-30.49335824971743
-29.274579493449494
-7.8122861677681215
-23.26857851603767
-7.903048726279195
-77.64453195812196
-35.2431118489387
-4.192456902249811
-37.83365829043406
-6.39892539271096
-7.2910536776460235
-1.723477941886317
-7.920267996093762
-11.55738344599996
-11.691732236579133
-33.65253793737242
-7.038439763340937
-10.340148649690859
-24.797049427745556
-11.833143369110388
-8.01586214713545
-24.88751834186672
-62.56192282994659
-3.534324731705424
-32.8660236356478
-35.9789848760142
-11.133789610780099
-9.301247886323054
-24.39549195365377
-7.460166271479023
-7.466704115903114
-60.26566509202289
-8.907989994067899
-23.758749910299432
-16.367841075313923
-6.03543368648523
-27.093615740755325
-6.528722718685546
-7.8106019098913215
-17.414122900800614
-27.849686070479517
-9.474973992244387
-44.50075879659384
-0.321392731123219
-28.411960376513715
-49.873486463196215
-10.819716529644086
-11.385301304144544
-19.158098135795477
-10.690500119797662
-7.796609317390955
-12.673761754169231
-9.35392941115102
-43.90561862986069
-26.40645756999516
-53.05716747725623
-6.714441523309581
-15.239667721178835
-124.99680232032698
-1.8306431252485698
-7.062631238513783
-4.438706495443553
-15.845413500435884
-2.23184519367487
-41.24008642549907
-16.597681497316042
-63.90145336578551
-10.929177765989307
-24.09708108992394
-12.352702297325386
-8.580888928162095
-6.946589432724158
-0.6218277542445866
-14.019578690653375
-11.760064443252453
-13.06011596436323
-14.771314543572315
-106.2540571841629
-9.305718329414104
-8.33191008054589
-34.72590518647909
-35.97367756994452
-2.91991688388769
-38.868997075101895
-13.79122738968353
-15.781196355398862
-23.296996761342694
-19.40289330169746
-5.250653789740699
-19.502691558103226
-22.203552297854753
-34.77778194532149
-27.373206756395223
-32.406669616927985
-41.63108893610544
-16.59706661766275
-13.577755664024771
-23.171068895414347
-2.693388617162404
-21.366831287453067
-26.287583897181225
-33.70172465209001
-9.06887522928666
-8.523796707369144
-10.047183471222462
-2.4878050288843676
-1.608475688094311
-8.811294484750968
-5.821312271001697
-12.52178194885534
-23.381980797378137
-21.572915600331353
-9.606834938750309
-16.580505623968605
-10.324697260904985
-9.300128437915404
-8.07701513118851
-11.236807506048812
-13.86518475908533
-3.7138358552863964
-49.50759300843367
-7.1445944285466725
-15.719342388050782
-14.149227721996098
-14.790624747372467
-9.823382804099042
-34.837725200907904
-9.020577648291939
-23.65010933564225
-6.761400382167982
-42.78035237456914
-15.779718209143692
-10.65482004189385
-17.96117206586714
-6.216446001137051
-3.8890081544477835
-13.488842677352876
-8.357285822454198
-17.91437259811706
-7.496530101107177
-3.8783682868972504
-5.786157837494407
-45.919768891260965
-16.982792736730953
-26.483779218351486
-11.384871525835571
-25.984202561278895
-17.606661457768208
-59.95914864436202
-12.386905990464578
-26.995672413721962
-6.6820866312653235
-34.76534508711066
-11.590719444991331
-7.427610367943064
-47.4874253136118
-18.819400279302023
-12.042175506078218
-20.773365609488348
-24.787845189827156
-34.671594320950526
-10.376816091216277
-58.11078096639076
-1.8103912022679953
-62.711151938943026
-11.345075640674754
-27.136555443725356
-19.05830870003903
-42.8132543909332
-10.582326946932055
-23.58682161748783
-13.557173049629586
-8.828051986412612
-18.35531240390475
-52.47906980054534
-5.198785479172419
-4.440895041515127
-27.814112615770853
-15.93363974339696
-104.27445319529802
-9.659344297437498
-3.119730656216861
-34.35662079724296
-6.763719359969808
-15.347017471647266
-25.556285210459865
-17.571505814790328
-45.5751690617633
-5.3258893838743875
-14.19258294594145
-25.3788271389524
-101.0435535934762
-4.535231268304814
-21.127502758225436
-16.37366844528125
-14.115797787273006
-57.11092914113498
-6.093426684906707
-15.550034359488409
-11.204939159361825
-24.42825847783881
-4.320569167436621
-39.78180366243931
-28.788179447647206
-2.8971543333148952
-10.609703452087876
-8.65706777020075
-37.28593009891047
-3.1863979884035936
-4.703296928899599
-10.837938143568026
-12.393569359892316
-17.481012922306125
-12.623101388145693
-15.503216077374864
-34.429878240156796
-23.03430988780356
-71.94363287768945
-127.60044395511153
-53.8555398653764
-140.51399486092754
-6.4215764170648795
-4.995104935672313
-6.151780956446087
-21.30904351551253
-22.000018452319583
-33.146024297912426
-12.316508655809299
-114.01684808694807
-9.22408234591805
-53.91060550000092
-21.00981178280512
-14.90368727503948
-6.9518353346229285
-15.046707596156292
-21.614407127426528
-12.09717625931354
-47.64693717084024
-8.602073578676562
-5.121096694254022
-28.753671325233928
-10.63384412487917
-3.3676825367010124
-17.3002806330284
-23.34898696260661
-3.942306334440136
-14.189638713543413
-37.438149047912326
-7.400479403739966
-8.19404700382787
-42.0062920087005
-18.687667948232384
-30.290472839263387
-16.930138710709574
-24.324420869325206
-63.23323633098473
-18.099371437276243
-10.468791580588144
-10.061850005137389
-27.620084187140375
-11.441533804161995
-12.94496070492115
-38.017551503743334
-28.006713213650855
-11.572109982697427
-55.26930558164922
-5.798287702470815
-19.38176577012495
-5.301111094141591
-47.16316370811972
-8.598159876176803
-9.728599417970687
-9.193019840310154
1.1222961753125662
-11.181272976577512
-27.63348178305252
-63.43926784605528
-15.15086625685375
-10.860611799793205
-18.4890440737313
-33.35794765005249
-28.983492115942468
-17.00674268521287
-11.112729972658583
-9.617818881934488
-28.00438514011732
-47.60760055562866
-23.206641872789465
-13.895202897742369
-7.6976683385906615
-28.349863942445563
-19.49896133569269
-27.607919423732667
-21.93882247141678
-25.928280693029567
-28.579577861433766
-9.16497484186827
-59.32453410551064
-1.9132536204897668
-25.247754496183127
-81.88750259580705
-62.6627904245464
-8.584450841330057
-14.734859812659481
-22.92550188209671
-14.346985511402059
-41.26530845377465
-12.884176301692147
-31.72908723348382
-12.545204494506553
-10.84750794418503
-18.505224059422584
-20.71607988598807
-9.45919186190471
-12.741155361553345
-13.700651452829618
-3.094575949983411
-23.42928383765579
-27.35197964126204
-7.5551252779325715
-10.915723328029197
-84.73117649088519
-7.410860416786608
-24.710111087692404
-14.284376305459954
-16.972091123469795
-8.506767992550857
-16.159837840022682
-19.19885834055608
-5.205894275279972
-4.076526596812442
-6.612499368841213
-40.98472133113427
-15.574698630713657
-37.53280917352171
-8.878327228958879
-9.91820855327576
-4.23646775734726
-6.031827543066906
-3.5354885664512348
-30.073163302670096
-9.499565246773654
-26.418353467143252
-1.9821879275170935
-22.25743400424714
-5.006686003139653
-19.38618796586833
-22.111625641464776
-42.61045104996458
-5.5252826832396975
-9.740964976680242
-35.488556146815796
-10.818762249011042
-16.65003061138562
-45.96003015498315
-22.282773547271653
-4.85187817389855
-22.74211511713742
-40.13942097974156
-10.765986421157832
-43.99752170574401
-10.066860810107569
-3.930724385379149
-8.43588821302264
-13.035091840977353
-6.39131446704319
-32.50993398096693
-19.420470652924593
-13.937054094832526
-18.18909861722078
-18.44556627562767
-58.96318803635786
-12.823787339326339
-77.90874475677282
-23.879035488497895
-17.746944220490526
-11.641420273154635
-25.478443053421113
-18.993114485672482
-18.118818418591538
-10.750211343240707
-17.947561879724386
-13.686247623056696
-28.727870966972475
-52.502470823459355
-11.017987083442025
-20.44668700280168
-6.822200607550462
-9.361354083713941
-5.261282268873917
-42.28407067205483
-26.714309063331907
-9.90858538980401
-19.031358002243195
-6.589678365478953
-37.937101839168626
-43.8191807001722
-16.416163718445475
-6.615243575786258
-34.747245688804774
-6.60302461797467
-30.08117222678427
-20.058816558556824
-89.27871957177368
-24.21573746657325
-5.6739871088374665
-10.348027460570815
-16.3141805286732
-3.4384520928985816
-8.694557415451444
-31.830988056931336
-46.05099147363467
-8.12780505426388
-17.953964303771027
-9.652724121534835
-12.331737479314736
-13.485014641092086
-67.27958139911753
-13.757499319535514
-24.55485973525713
-14.203013145544984
-12.680275423431418
-13.841085681394752
-12.158561024008696
-20.940514045206285
-4.350840006452224
-11.10499591588456
-41.59120040251314
-8.903987416569537
-15.902622751700928
-8.46351536950142
-36.11814418685634
-53.716051206328494
-27.61687457632666
-9.86248670019862
-5.2784066038531705
-23.03700737297443
-90.89359468881246
-7.821529138312002
-1.6667346856671776
-12.9201489786621
-10.418735105946899
-8.598847359796077
-7.624906472689614
-3.021029260994699
-26.81105504229327
-73.5734381462775
-7.36294873880559
-16.375888169940556
-11.03278246207386
-14.042758066191615
-10.529496539899183
-7.376022570986
-9.070422927909046
-42.561497782748624
-30.978148312985883
-28.358793982432555
-21.76430225298175
-15.917495849316717
-21.921844779887174
-20.78692399033476
-30.348216808275993
-5.646694033596658
-21.41567433237318
-20.34913090638784
-16.049651720289372
-14.718559315861642
-10.732740885417602
-16.090081284417767
-40.2530037778971
-19.30210792324429
-16.759727469296617
-14.02083573390841
-17.31637347811397
-21.888920645756684
-23.508768895524284
-4.834179067393939
-9.167990845283736
-94.38554314915301
-4.230963155399384
-7.001579246895188
-15.001696139547512
-1.1443925190073687
-8.007517735015814
1.3202208965924083
-18.08682349196992
-7.809459364335936
-19.840466954925997
-11.657004636907185
-14.200526437566182
-12.630923754724474
-1.1073214380118293
-2.295243765285927
-42.47576710422071
-16.132806650467515
-20.461737412166745
-28.72318625294512
-15.766798899735017
-39.63007559114711
-31.806574588909395
-23.141277411755972
-21.64909762225461
-26.885589250174274
-16.924148150781424
-20.779400416118403
-2.760453477031217
-22.95817402531098
-5.870310778892988
-11.323275336734236
-37.27473628034527
-11.592125306951104
-3.4439589367287398
-40.56585831869371
-12.722931817780493
-5.117052746308141
-5.871769392465865
-97.63141543727747
-47.74133109047914
-25.51105040410355
-5.995690221667437
-11.49714913475284
-9.778328713946168
-18.932922488473967
-83.10521156832786
-8.712236304487439
-59.10578660377232
-7.387754830824649
-27.38601737639039
-4.934605318311368
-5.909684473817006
-5.734717449291145
-21.025973424104386
-15.726250528789258
-25.28568966876368
-29.043835475011594
-7.5023992167190166
-18.623466985175693
-2.923720820086247
-83.36117607581451
-70.17274427640747
-16.241857024179282
-20.720529162119472
-19.927070292387235
-13.770956420170508
-21.706765351367622
-25.739968821788477
-6.600741681347286
-7.789807996622483
-7.583205727188786
-44.24164093735021
-21.789679589663397
-31.28922705629602
-7.1225992105515665
-8.544913159642212
-17.413694964871638
-50.93199144440266
-22.13887207141957
-27.185029687889887
-4.634590458738336
-6.503851809159975
-2.9295652748824743
0.5018533883439329
-20.38947203521168
-7.9229313734316245
-8.224700294915207
-11.196976278080323
-39.43943035196458
-12.897125633635797
-20.89745751584396
-6.730563378210812
-7.590400092765266
-53.438602048568114
-6.494626986092223
-42.2660628176683
-36.58913364500912
-55.32589017550668
-13.960550943940307
-21.689304632742584
-10.735011245105499
-12.749939034235894
-17.69120021146554
-14.51680036043354
-15.837547210193733
-30.8812530225514
-26.503163020346413
-14.428335746932971
-5.183407885519194
-20.20186857687149
-13.057730632239883
-17.820794685173144
-11.246003489413075
-40.03765438428842
-28.56204725980914
-10.350145946967643
-15.550549960402561
-4.6582003430610115
-4.839870151576156
-18.814619178987968
-6.223541530663683
-13.87661098605851
-48.61738147987735
-6.837262446207062
-4.816963764899749
-33.388957467668334
-61.396560340668074
-4.82317827787061
-18.477451160536145
-18.061770878134467
-13.714884738161777
-19.252201045754383
-9.05900344863896
-4.506464019738158
-3.090258124611676
-22.437342611750267
-12.790082524154784
-18.486431243465812
-21.733837735432953
-7.664721277980967
-27.474991399050417
-5.6795230547651725
-13.989828755865267
-6.271210270018429
-9.31830321585092
-7.4389846841129685
-140.28067905608594
-12.633782581852449
-10.796158317513271
-9.267078966794335
-47.11002804854667
-5.87056857227213
-19.669391499942154
-36.24151001247854
-0.4171488280649149
-35.206468942550735
-6.1363314396995925
-29.98033858422938
-33.273830570330134
-4.323632483427611
-7.11403653022458
-152.27358378089883
-9.085446628837726
-6.579681900001375
-27.961711606843096
-11.884951718301421
-27.913972907390928
-14.270562705108434
-32.67358007567582
-35.104012218045234
-9.051327845510965
-13.437027207473616
-7.810762511023981
-5.886434301121059
-4.73725749003857
-4.645835275710676
-15.361644377684327
-3.4617409063412
-6.839368553291165
-2.7508981749330417
-6.329622822048128
-16.576648152332957
-10.868824517353177
-11.984512973931515
-13.30711796595247
-2.7721335251088015
-7.473311575352672
-25.360013487007336
-32.653303813963475
-43.48455707841563
-24.85364714522751
-4.752967569456904
-7.629584372841283
-31.63386157063817
-15.769933342307281
-9.968705316977346
-29.823023105605195
-5.660982277891932
-17.235947065801092
-26.407721702860844
-4.247683450090573
-27.964963848157918
-9.143200624640826
-13.67574526020516
-9.02297065206874
-14.67666647178015
-33.64240560408293
-4.9129001188840355
-9.821368563472634
-24.38283436639415
-20.74141174101858
-64.79753231762814
-43.17815639372907
-19.63546383196718
-28.006996526866196
-29.492137015649934
-19.36112062029193
-13.21180710421799
-11.560276648442791
-11.56846516419571
-29.99354561765652
-30.373060681485676
-19.000195225543333
-6.057889434864122
-5.8177483666821725
-10.283171921986176
-4.975510839840221
-9.17792388232871
-43.49171636310105
-16.934667896665967
-35.47064341292592
-4.215682787224609
-47.184000126675464
-47.27853258784654
-8.691531320057463
-9.749617285260301
-40.11792861111679
-8.623361152677495
-9.83522015924642
-1.6700559150997725
-34.511642236878345
-39.79404717737127
-13.501871104523648
-18.508539155239877
-26.190255099835166
-7.081302945049925
-27.801138024900045
-15.62915342503583
-16.052313678870686
-9.570222710672446
-11.38055727990018
-36.283609697775844
-10.633691465410976
-20.751969236044726
-4.55521894208373
-17.544522977073363
-13.02905317760219
-8.300278820309083
-16.897982159204414
-6.666728213593225
-8.713610317477615
-19.782338500924414
-9.980151891384029
-10.479229930889069
-42.55330928583695
-10.514836187342626
-8.399291428375985
-10.146371881738625
-10.420915317009518
-15.932545601941783
-5.383596304585035
-18.549430529354442
-19.15863867585772
-8.38383334803186
-8.758371426104981
-11.309812307665434
-6.9025011532298
-8.599500900262157
-11.718532321564078
-2.431973331312726
-5.615729293348622
-3.029895011760378
-29.722910479160547
-21.1888963212863
-23.939159912131696
-10.246432788308537
-32.088116409474864
-8.011780711519362
-9.234223603727504
-31.430398224377154
-45.207331686080295
-57.346079215379156
-3.722467962373155
-14.973576993788932
-35.332252364752556
-10.221480871197615
-10.36461775579115
-9.951046617647245
-5.694075641452839
-24.20007462811901
-28.539765392788258
-5.743014964939461
-3.0498074751157525
-6.1606701490171405
-41.565367752726935
-14.527926461151836
-12.511968195284624
-3.6492424493559583
-55.06756573761488
-24.787654580419538
-21.14481627117499
-13.124383459439139
-12.550078881302664
-13.31173788170445
-71.90575496035218
-14.265642403225042
-15.306372223910767
-39.32256094583457
-4.0482055871816405
-9.367062908560454
-13.167849732370664
-13.193277540725934
-25.739461990913345
-41.493857721661705
-14.325166761066418
-9.600133967989002
-10.80142390499855
-13.91492538883069
-33.74665955073672
-10.803238214761926
-17.61004487224224
-43.34184521502787
-5.458955832351648
-50.04136485827201
-29.509443104232478
-10.5797906242031
-6.7961975150926435
-9.92151025966318
-25.042013405985045
-38.5374785147785
-6.525235443913662
-11.028078912301615
-8.505087611726124
0.4313780705123499
-0.6098407456312513
-42.09420857517424
-3.1385830036132107
-21.927063308133814
-22.031231092471376
-4.638690248429583
-14.818198607693052
-12.393362781669964
-75.97349761637761
-28.836945994519045
-9.560169243242127
-7.354033514921215
2.4797691843129015
-2.4696692401448463
-5.916757310752707
-29.369418251742605
-3.5175343605230673
-8.263005309342107
-58.38313645416767
-7.632646197330421
-37.06400665643194
-7.026737925045792
-13.000396578823764
-4.683936003130022
-8.174125564685967
-24.845244286605638
-7.299376439136972
-6.678329870139492
-1.1128238131799686
-9.85835761163119
-5.500470029815548
-9.53893759630875
-20.87131303083207
-17.122634868051463
-13.727197422224119
-2.8167245746595033
-11.798652336567567
-6.410453041617083
-24.309804025423475
-22.648475611107624
-44.368580420377604
-41.619152117942384
-13.838486975852724
-30.383842488905774
-28.496728404873892
-10.529323544915606
-3.5766676321657114
-28.26333848495704
-81.53488110741154
-13.903104195294565
-23.687124297877965
-8.019588157107885
-47.36909517447268
-21.26590779884437
-42.36549647143156
-95.28415964692216
-37.45130751709735
-38.80086037067468
-25.32534044550338
-9.32413769805637
-15.710388931607305
-27.45817448496951
-13.510059134916045
-20.484916881196998
-7.706462043115509
-48.41113051504361
-16.43335475486935
-3.5770570956260865
-6.8175760572282345
-18.078014914021264
-18.146779904664903
-11.348593938326664
-7.009218140504413
-23.052910708154492
-17.993912180645363
-25.447702996546113
-5.778251238026563
-30.379427429312294
-26.641888830065053
-54.06349576206248
-9.035202283884722
-6.430483670049023
-12.761529646255589
-19.9693881966023
-20.204538964358346
-11.308484739382594
-26.03702572238564
-4.356925174713408
-4.375282610321272
-19.738253428853515
-4.051661393588142
-19.073909520558107
-4.343124294814709
-25.388590970866723
-8.712012872495855
-14.747547188614226
-43.91565433985445
-6.115906498062327
-15.221868770351376
-4.579205645280332
-13.864214951278846
-33.08115729218145
-11.02912335655612
-33.10570467291109
-65.62477844873608
-26.99182430061329
-4.3825303081437905
-12.244594167841603
-14.52486719114811
-7.093818868200074
-31.39217864030938
-12.945120559874583
-14.190976296309831
-15.466932022297804
-44.30598427543003
-4.118319918292587
-2.6545495014669114
-79.42525623429792
-20.95699719277578
-11.39750707379297
-5.043448350337318
-11.295229185522047
-25.310755365297286
-4.857936621984999
-23.718627400213062
-6.072983811500493
-14.742930286805997
-10.881245722038047
-59.5247644476079
-19.72998915788826
-63.53660653914517
-9.76243058252064
-27.450068226184293
-8.92241290006745
-26.697536540935182
-67.23464326630581
-38.657690668792775
-17.21900109291351
-4.107771119757821
-55.27669547229376
-2.4814199646453488
-3.0152392558449908
-22.89072708128984
-7.6652917793589515
-52.918759712901874
-5.353359624882557
-3.825807709753579
-16.618031269418616
-24.326748590147545
-3.11764619820185
-29.997742480981984
-41.895083505665106
-6.854612747272383
-12.464317502177023
-12.916558460773397
-17.994637904252723
-55.92297237509926
-40.125948444376746
-24.414122602597878
-10.147737024312823
-2.3918609243504814
-10.78229766862251
-10.207486618076052
-25.736009682941894
-7.2127841697846025
-39.181607321063694
-35.582187223702626
-10.52721221654169
-12.075621543203892
-24.960782282601823
-4.0193862172368835
-9.432574161221623
-9.428550556213143
-3.43816285861232
-42.40959768006299
-23.89764304458343
-10.31857106214885
-7.8479959329829505
-9.072629809386523
-9.845064063820741
-36.26980428376311
-14.88462586295734
-18.800849144292016
-22.53164311472908
-27.454843015996772
-5.483985030076482
-53.41653741205398
-9.067646294093088
-31.89428373592023
-13.69132680627607
-27.200889818251277
-92.07397832058514
-35.66612263810584
-13.116016343258272
-9.021017505177184
-6.178352998045084
-63.36126450456323
-7.780417453785352
-7.526197746406954
-5.382053579033792
-20.75467320793399
-35.459640902602096
-120.87343107197374
-17.95461962742342
-12.522683502026284
-42.79711632634747
-11.057420114440216
-29.682229640276844
-3.1136170835327963
-25.83323140660963
-4.752967569456904
-36.88214146279704
-26.305142859096918
-18.538699401089048
-12.162511150820777
-77.583478248348
-3.283486397874158
-2.296392225335984
-21.462149115782676
-25.856700502691158
-30.556337819683986
-22.30858415209741
-2.644359785276043
-5.231383531603654
-5.781365619512028
-36.15276410351742
-2.2728779667470116
-19.41065879935175
-36.61947240977794
-29.271059227613648
-26.59424318880941
-30.350760546947765
-17.902555931646468
-8.808696248158377
-232.8404561683243
-65.1585228221428
-3.60743613220252
-8.079921243729311
-34.94379590447931
1.017528057569136
-12.263286353223751
-56.20092089122771
-3.623667570502247
-52.06399101742917
-5.528284990176985
-5.326421134256445
-19.83431316503734
-15.9856861601196
-19.580992166145013
-5.994802121936133
-11.861243426540383
-27.832142401121118
-8.88748121085087
-9.386295928971352
-1.0366122899292278
-52.912235973361064
-3.237385417258971
-32.948269627680986
-7.109224508120319
-24.218668941087103
-13.471894078759938
-52.21728213026428
-6.357839698094106
-17.881058873607007
-6.407874608659766
-7.599182722170621
-33.19632273129353
-24.612721522327025
-27.286869194568517
-11.065082124479504
-72.24859814948839
-9.966641244324512
-37.47907328126473
-29.340163570674324
-77.79924238150217
-18.11348565236487
-21.05110709063631
-36.981185055880836
-4.728047668037893
-30.224982641731966
-31.400792688146986
-48.05060402787678
-26.774716645171488
-35.049717409172565
-12.641490457028826
-16.816688928273145
-27.033616669850552
-11.158908244921205
-4.091499152969076
-31.13804406868312
-19.821093672544055
-19.48079554402695
-12.531611286458519
-4.105986533063476
-7.546391910478448
-9.564066570004904
-6.496565356534846
-26.350152102259873
-53.20858105965963
-50.89070397746036
-10.663530563697966
-18.337779647422398
-11.05361352886322
-3.236132694233622
-15.798302740877395
-21.16257799990318
-36.6910547515379
-12.925983442818284
-44.602851465608055
-14.09094077213907
-6.9242536468321365
-77.58478567547223
1.1217618210839062
-10.527815359433811
-12.96929432496741
-23.135148534666747
-7.477004986081853
-14.627022950023495
-7.918025988045753
-43.00921721580006
-7.974891661629358
-10.298238453097639
-47.03333035845768
-18.470078112260012
-56.93642308476006
-26.234422479924067
-9.488812488293439
-18.693922367058562
-14.250141778136214
-18.489563221791766
-13.093290560492198
-12.193572398191877
-9.187061052440075
-21.500999281117362
-42.37925124212846
-7.346543499907736
-59.535376228222574
-9.250651504603674
-15.714123548005055
-22.866246434966015
-7.289590056163857
-46.66838020578518
-7.039744309539535
-7.259139737693335
-17.3188809545273
-21.619267238644177
-18.85975964934962
-10.30619308241487
-12.804618895942973
-14.543169453456123
-34.01928923404994
-13.426038350097073
-22.96304433115705
-14.667990476147803
-9.077871901980382
-86.18541267083529
-13.708917926004158
-14.364076247152862
-5.146546351372904
-12.32764801230054
-0.9102938536026038
-19.134998893093947
-9.340283023471068
-31.711475698600438
-5.26801980868783
-7.411908841015897
-15.19248015735627
-8.904391605557707
-2.4235133456582423
-12.487805055041221
-2.349331900999428
-24.792129119216938
-14.812309140228788
-10.633185219190404
-8.256115021084002
-8.970631233102438
-4.293666590019784
-8.527880828855931
-30.743152370650176
-20.25496943746101
-18.838538601523577
-20.174362828893603
-6.442217458148831
-8.002695746142734
-6.761101387644178
-30.835558476978846
-14.102258873828015
-14.9837069701437
-5.294928624955302
-15.50898639630718
-10.731654779199982
-51.842632670602086
-24.354927636622662
-16.431913506565493
-17.75474586714018
-6.090648131265541
-66.582401380904
-16.470094681048888
-6.370761246185936
-19.782987983504608
-19.64072546157837
-4.7497820260688695
-4.360379060409889
-9.770661817007118
-9.429127734858827
-10.135267297455483
-21.036095305887322
-23.87060115608202
-12.687649138874654
-59.38106861459551
-28.94896914026155
-13.93451499801846
-22.834877898263713
-2.594037148712314
-4.850321005059811
-19.33307595617106
-54.2890580849736
-162.51292880072037
-39.74154366300899
-11.197073861270887
-10.238938377446361
-33.27014028882182
-23.142310315043495
-28.097863241175116
-22.83132908506572
-13.692511422099473
-10.627265561345833
-23.499404197384372
-15.643565635001208
-12.15525628431505
-9.953484482059501
-21.051318493857366
-55.07050105783762
-15.727535676502947
-41.533602554398136
-34.78533878960245
-248.6649189585253
-17.64610835450424
-89.4682314942259
-5.806437456924834
-34.216275467040774
-7.627778732768466
-40.339205051325465
-25.50176755684185
-54.85194371633638
-28.96739663548191
-84.59125198316798
-92.01609970252045
-9.570024826829316
-7.985488905732513
-18.669883678521316
-12.587417623782438
-30.105347708581057
-28.74170706357149
-12.272958361920113
-10.497219787299823
-10.483203522225965
-7.956764871777628
-1.9674286914502543
-9.838354760965231
-20.10933820995483
-45.871096195212864
-45.964649100802
-75.47262768048151
-13.814396230540606
-5.860219878753726
-49.98044852263548
-17.52588960118133
-84.32221490304367
-37.4937520759739
-10.481808753486472
-26.302665458475236
-23.353289983007464
-10.930563561452013
-15.933899671562667
-9.0040147990848
-5.361644804851331
-5.4645291637491695
-34.2393738282887
-10.100188743328864
-24.473493532912652
-3.9874256756664774
-14.312791334108224
-13.61561085685471
-14.24373354027931
-15.992209282755582
-37.454940684760125
-12.717383016090311
-8.033307141201325
-38.69343804248795
-22.750629835902366
-9.900188212260668
-12.514318188917102
-14.785804640680782
-14.65484340798196
-9.399573893154944
-17.929099368467742
-40.155626278356074
-11.429480742694004
-20.8346854543363
-7.243723502632675
-22.40024313904029
-39.70974417995415
-33.94195111179877
-47.843790575685425
-37.6028283778702
-35.68862343626908
-37.716235977027054
-3.5023576266100243
-23.6970030725152
-12.367678396428431
-24.420629776867106
-16.179555327433224
-5.854018646761964
-60.8109580021974
-25.907275098230016
-0.9157909958331325
-6.862007943489623
-34.472864622283474
-25.138620079501262
-3.1461570722890646
-37.077807649359634
-21.491788715867624
-5.154950801435574
-6.327103186618192
-3.5548130721805022
-9.902913487864561
-18.972139152155492
-24.71260027816339
-31.724075553425244
-4.734011705398992
-10.264600555885929
-272.7857693859594
-37.01618337003157
-6.117162119132875
-10.03863001591125
-9.764742554333562
-21.480785182852134
-12.153261515135405
-6.031061065329202
-9.774195254670325
-29.976437797247428
-32.636376665092094
-12.21207198248752
-21.56750340689322
-12.874172647727354
-15.48261361604593
-26.260523737481996
-1.8025235816108973
-39.483865035029694
-12.824373181988173
-44.27823787225139
-1.522754901799495
-14.660318399841682
-14.755057966989828
-28.721075665567284
-6.571899558405831
-19.326224778604402
-14.454164745712546
-29.027244754123203
-36.315112165422825
-4.793560397429293
-22.273998105532687
-27.45367288243289
-45.652734095696665
-31.578779896498563
-91.78535237463521
-23.148352627144707
-21.85319792390662
-13.178540854400055
-9.601525190746957
-30.929959272358904
-13.75454982090752
-5.31088456274836
-2.0510209986530445
-15.194025368301949
-22.170039192150657
-17.53273133001395
-15.538604419529284
-47.70853600231822
-2.3999206685256533
-15.763269463818336
-8.124814767928926
-54.10405552501022
-35.410150701714464
-25.890762640889836
-14.809811166526853
-48.31302067524102
-5.6512028381187855
-16.147462826055033
-121.3530914292215
-15.415317794452967
-15.709791011010864
-63.40285700501919
-12.274850662919132
-9.767794689709786
-8.398683274943219
-8.600212119393655
-14.386659757337311
-3.458608754051133
-22.32195461619408
-22.490044783630264
-7.711809644754438
-118.65633077500814
-16.80579808889448
-14.314478950794584
-11.202643705731743
-19.24269415313983
-40.41245004991356
-6.227036341108292
-9.131742887454871
-33.5235424372695
-8.203456889168452
-8.74866053346688
-16.546806146685398
-10.492809416451761
-12.360239206564655
-16.402119519900054
-4.828694198061641
-7.127365237029199
-14.35273176488061
-39.77735276583229
-7.493738395745254
-6.76428734458593
-7.7141591561343095
-14.212375381871016
-16.166607426534586
-23.092734991833815
-13.617951559651074
-19.082464210428807
-26.293091243501756
-25.919773309591747
-10.969808560080148
-25.41427492481094
-27.12629197835064
-9.001599234944218
-25.65022388862373
-10.445547087505132
-8.73507633772062
-2.631454879710372
-7.706699930323629
-13.426054080838613
-8.012348990926142
-15.643711076397226
-21.268089832403593
-20.977368730929104
-18.425848455157887
-3.250441637717811
-6.350592057323717
-2.766803512083988
-17.677726058596747
-13.893565129047069
-4.7887370017025015
-17.35804444823005
-0.690604265701765
-33.63432625816032
-24.950506475610407
-31.336392574339083
-4.569657802151996
-33.988429823240644
-3.9868501349097576
-17.75599990285379
-29.331040117853693
-19.970918016184143
-25.401878400840054
-24.89457444546956
-31.687870949940024
-3.6191659434935692
-28.963722032941583
-8.10312294642688
-4.671777386085663
-10.824805577383582
-21.075329612716416
-21.43151131879272
-6.48146336880582
-4.476409206989327
-9.046536571037059
-22.929189455013248
-11.636905657677447
-5.488648444658573
-38.725779905790674
-49.57168627142285
-36.79395419753123
-35.09986963711702
-14.760189145750335
-6.230300426365827
-11.054071361064219
-6.332941831542731
-48.2042739074489
-4.985888517871587
-21.752987306009334
-26.21788032293011
-25.085429907903546
-21.688525755506237
-4.088573995958489
-9.783402098999263
-20.1169178010011
-41.04327416033446
-10.899765183048084
-8.055984814590044
-16.61459380099147
-12.628451421281602
-216.1014799046765
-23.1807939583891
-37.865299872577786
-38.30644220957124
-9.489109989262415
-9.173153768957649
-20.03749633614426
-4.928114426771393
-61.80474915863837
-46.19737368475024
-7.937292749075979
-8.88159393287511
-8.481777405031954
-24.244802392682015
-23.1868072110414
-29.27010156426232
-5.636196880288677
-4.441786928935491
-23.63871206948996
-10.442858539568059
-56.483892943389975
-21.41008996583471
-39.87321228425857
-6.015297746445491
-39.95241739298327
