-27.456072686746506
-8.200410187092249
-3.4190463619592286
-8.596549107474516
-6.5072487918070046
-16.203705409431315
-5.829638618344561
-38.243588124913664
-7.513201679263405
-6.552890519374356
-30.770699296633676
-6.211148398932481
-7.5305330648248106
-4.649212798774088
-30.242874069031263
-4.059846931814146
-36.856759432348305
-7.971579832909046
-11.94228549040696
-3.6737972610805945
-22.61289511861468
-13.562770621695057
-43.00853017759821
-7.467542759446811
-14.430110511465939
-4.837474875197095
-4.03088581059243
-6.039152610681519
-9.182044288536213
-5.268537258795098
-28.00724994052427
-31.649992572893094
-24.081129663052785
-15.08618597077466
-5.361493874976317
-15.76586835161939
-36.28850807629724
-12.510218165610203
-4.109505884225359
-5.229717027514973
-4.059846931814146
-8.169866083502553
-4.52836961458708
-18.004124021064012
-8.937745485740207
-25.398051818575233
-6.801384953160662
-3.395354193261223
-5.013673388125568
-15.902689698612628
-20.728451491495434
-12.48999059018294
-39.40946056795311
-11.446873992201708
-8.305516081719983
-127.60044395511153
-6.74181431673001
-7.604477907179819
-4.482133482651218
-6.620935498707916
-6.216746837754532
-51.03974708360301
-4.897680168655873
-9.821219445149968
-112.0534428787809
-29.66305846682662
-15.534028194395683
-3.544778160065556
-15.27523337286806
-8.3180452054901
-7.670449577161035
-17.01616734847532
-8.765700611075962
-1.7921567996937673
-34.886637821860916
-8.52824660989898
-8.959656024982621
-7.618744870252081
-10.239347668010538
-5.201024043762011
-122.61864823015684
-22.383205593868368
-6.771176253242304
-5.571357589096961
-12.419073260558273
-7.839654310140427
-13.932689321073408
-10.687343893076276
-12.377572291208304
-1.0739292844789696
-7.312204567508694
-8.036437604305453
-3.8609992272709257
-5.44545137565992
-3.160985380784653
-1.495765947277801
-5.518636211755871
-4.190884223609231
-8.359864828720067
-35.49858433940365
