-6.9925804642258695
-17.706169787518405
-8.054311051505115
-10.085574761067509
-20.325068851149382
-15.686238388836818
-52.026763466033785
-28.805961358018006
-13.31390881763693
-19.32431037741928
-51.57833676051352
-24.32475822014852
-80.91907582204468
-31.760692279395894
-94.18037346694513
-10.111393311885047
-20.634883353428165
-45.85369107803
-5.398892063377961
-4.5132847570630625
-3.9431490714973307
-35.869379675356974
-3.8627365934746947
-23.428435995789417
-7.018253741245655
-9.298804382233993
-52.21728213026428
-3.401945281124209
