-9.326498532477405
-4.2089278235017975
-29.43006699177995
-26.355271963910592
-46.80344237422027
-3.5352474726452408
-9.432241640170872
-7.188211717419127
-16.012218294405553
-9.881278237320656
-27.963090878737862
-14.152424889094345
-14.979771031015618
-4.974093479700157
-18.616269471459855
-14.396119901217183
-18.54883873827077
-4.9057743747252625
-9.885566784728342
-16.14982177649604
-5.611331919538456
-2.8941518164464033
-11.855533430699811
-12.745774604208956
-4.992117654544333
-27.752870563211225
-36.99264860729771
-13.034837583400385
-21.39739521336075
-40.857089096944634
-7.726551856394892
-9.609814320622844
-18.495061284536085
-4.727812632128429
-12.716457972800766
-5.2622425185047605
-5.763391697877671
-8.181985669873495
-4.590439210370452
-15.488510877235957
-8.769087914941542
-13.826484100933001
-7.329094220711295
-90.36115114427156
-12.586453102275565
-5.668952275687453
-7.828597717902372
-7.734512366669755
-62.32697357747031
-11.6915727956078
-13.08394022630676
-12.284764627195003
-22.83173563883508
-8.489019066397095
-9.089140706241563
-1.9490184763196303
-27.313598260890355
-20.774264955626816
-21.0406958402507
-25.69027136237661
-15.11689433849057
-9.690932385014067
-45.10176878849161
-72.1217797369724
-13.96402088296613
-26.62463560420893
-17.656867082954182
-14.69419273142267
-4.657320331338789
-1.5675235238177152
-7.828335555460982
-14.155554848155337
-9.06548938882968
-17.65686319322126
-3.1350470476354304
-3.2617695983529083
-1.7810378434599612
-9.60834494617842
-10.087711087653902
-11.232260811913696
-29.424725676874445
-2.3501370105777895
-11.42887915770089
-21.42960332158924
-6.728362466800267
-9.926376881519323
-31.421797902466952
-12.577507393848814
-16.26571107834214
-15.259203183203574
-3.857265249119798
-24.534857622267833
-9.018406431928163
-103.7807485863543
-28.9704302081735
-12.100325913940395
-2.959950504310416
-30.414548210334793
-8.722998624369355
-31.054055554379538
-37.07357473547173
-19.301336650768732
-32.12285559729182
-17.40743448923897
-6.144651022294906
-3.7210900099962356
-6.5018707348025
-10.088053274949546
-3.925493868691156
-6.309190954257756
-14.900226288184625
-4.324354361960005
-14.724862327985344
-12.083336573931048
-20.942032774381047
-11.680477453946553
-16.415139446655985
-52.532046570319174
-15.013730037298352
-9.633254518798866
-6.116222073036454
-5.270109224052522
-15.969362939619199
-13.631746175124999
-15.524294593061175
-10.949638415988423
-6.751035208257926
-49.54870691128633
-9.924411589092916
-81.33697133356709
-35.34317028729905
-20.43155264565376
-5.551075036245155
-163.07087426613595
-4.14502563104891
-8.115221138765673
-22.00327674990207
-26.14755827799735
-6.0058029142896645
-10.226017556033236
-29.62927007149239
-9.33924955591358
-12.589035502193603
-17.28287068311439
-80.01394077950684
-25.317971846331655
-3.610563395520995
-51.68423737807275
-22.636615874729994
-44.866945667738676
-4.839775609852266
-6.623891085898955
-15.643037398484994
-10.376336661348326
-32.055134235859036
-11.574136265597708
-11.554555724264494
-4.66216754235244
-2.7284915211083187
-11.269425265661006
-68.58817685106575
-33.214886084435456
-20.32890006916882
-10.127429025992837
-8.492759483610367
-7.37804693170522
-26.21187643239242
-18.86859834947041
-13.645199675003923
-4.747520054415497
-3.5625909304455123
-18.22063853869
-39.15286135665307
-1.2667603062444763
-64.66898236142413
-18.38111135054407
-4.085188670407998
-15.285478418022562
-41.455767605748385
-39.99876035728995
-5.378732598123195
-8.050767533973934
-18.197891470182572
-16.39972775121642
-7.6645344584437565
