-20.15582708877906
-5.313445847605507
-1.0841532677129024
-7.387108062818451
-4.439201849018853
-8.626613061601528
-8.330838797507795
-5.230106128612751
-1.3892936333141244
-4.398089716052027
-27.65795446551444
-1.8552282942280027
-19.67255183075113
-7.620880926301087
-19.700419064900736
-12.217643009032995
-14.202209723902147
-10.75238001120379
-1.7947138943024634
-2.0088084860137276
-16.660965122631
-2.8970501949359964
-1.5861611686227686
-28.719323704917215
-40.49435767592788
-35.02382804453694
-3.9713524273275516
-15.55428594876936
-14.075806019974996
-6.394595527400244
-6.288008077286363
-1.7134637115982165
-30.714166454687216
-44.85460518558729
-1.0557435914541065
-4.818513902105252
-15.416991852244225
-48.72850249533945
-6.693591248866295
-6.4910544146263005
-10.179733125309236
-15.688335882654178
-22.431503701022912
-2.118629822061531
-26.318901208064695
-12.006769648219167
-10.944291320350965
-4.038395318374729
-15.820409010442113
-7.641796177850881
-11.345525863271828
-5.532207225923678
-4.406126763779046
-8.170787533156043
-15.37339648086771
-9.049228123172341
-7.731565484863068
-19.511454584234755
-98.71041876461811
-7.056472062745783
-13.203277523489106
-13.055727564634438
-5.251397187919602
-11.047812900888381
-7.362917427138027
-11.958857380373423
-6.697948559492342
-3.9891023238588104
-29.101621534746304
-6.324556996529859
-8.564644249597134
-5.6484173014022945
-2.3856592946745803
-7.792319805892133
-10.043563158262707
-5.993846239620086
-7.491813514974491
-7.800819814285083
-9.421651218359074
-4.211890231227916
-3.1130630239953407
-7.0014385285723355
-29.225957823177513
-4.687279464231565
-6.69725733132844
-24.415111797340774
-22.079035377200437
-4.565682529456992
-1.1242634257974546
-52.56665635261932
-4.741461495230711
-25.73512026941523
-16.355654189103166
-6.836736481588914
-5.175097672275438
-10.968774383532985
-40.179055402224634
-43.713239173935285
-9.40014107593072
-14.981323233156948
-10.564367153825302
-19.111924341302778
-14.801871131196737
-15.650096246256803
