-17.09831512589985
-16.22155447232301
-3.8533374155796114
-8.48581405931996
-8.502932000690983
-7.7718201154770705
-33.97890619572854
-27.845453981378032
-9.137118229237403
-33.399790312016684
-23.967528649951802
-4.083703867276151
-9.037193221452984
-5.566525107110262
-12.652585230331482
-18.264421120662657
-14.153378958380245
-4.796836902510249
-17.32434159455788
-19.60137917480221
-20.781277959991087
-9.79272492779654
-80.28589768019839
-10.395084049955814
-35.28929312094561
-66.3614039159116
-12.955361072223429
-49.80465046869426
-7.748256450152638
-26.13349828108371
-9.51926211196644
-15.625689082158187
-16.912825758556217
-11.065210385202196
-22.604842950916698
-14.728034414812209
-76.18453568343696
-90.7546559669207
-65.93103572050828
-8.397488313640231
-16.827668797384494
-11.36060414446011
-66.26594214453057
-7.42254132278622
-16.90664933369587
-39.52361500611106
-45.74147191013168
-6.7783862891159075
-5.623063266449863
-14.470260024973811
-21.655838714595024
-11.968195713870108
-31.789399882118296
-34.95196746524184
-20.74996298674536
-6.535190794708941
-6.888761881544746
-5.8257105313741935
-64.70070717418012
-22.87655027056295
-38.66576205056636
-11.88953025443474
-10.7610036986186
-11.97252147269252
-19.42545019992974
-17.79918714465135
-12.75003530381125
-8.397269399989586
-64.7210312520577
-14.733400452690194
-5.568170607004424
-3.3010903805160705
-18.97412849841342
-12.337124328686622
-78.76695974003907
-16.14122164072367
-9.153124055389211
-13.291971648201391
-6.035275182074417
-49.59727315244972
-31.911773864928975
-13.495553388691315
-35.23007504834762
-15.584624041969137
-8.88367828931768
-8.055082053583678
-5.580380047149837
-6.206116319999094
-27.152303935755484
-3.183424427907039
-6.237270353454669
-14.492946978096157
-43.457157389573915
-35.30579949154717
-8.127098715788627
-35.512252104825556
-5.611507938362434
-20.862300274812373
-13.857029904938633
-5.996975178606459
-4.3337183442909035
-3.421699752769005
-8.128797886724469
-16.662051613765218
-14.374660266494024
-30.134972720663363
-4.687038503887684
-13.854158796719132
-12.236907725112367
-31.927268361108514
-46.71571313268004
-28.830309189278573
-10.939159530379568
-26.032170943398054
-23.679767516730184
-8.454781580531238
-12.118375854377172
-3.312849310924966
-9.435823238123053
-114.72286229606672
-13.545443796787184
-17.474873640911714
-8.485488620330377
-5.849298357914619
-11.585940729271705
-147.61401919586362
-70.3522377107161
-4.583607862259711
-9.301279716251898
-15.597037935080309
-40.751125594351514
-21.128457920538914
-5.843879114463368
-57.65191463900676
-15.18120701026179
-29.072515719642364
-58.367084363222396
-29.533388078419616
-16.704933549144243
-21.25384277519315
-8.878579886813588
-33.818997398254666
-25.3101255093874
-65.08265803351051
-4.505731405727581
-7.55402056669063
-13.495099913997548
-5.134622654908012
-32.64836115481493
-13.266776964783752
-10.742927154982818
-15.697086692034393
-20.523299242727614
-22.020034799706387
-15.995288314994884
-7.187769072883675
-8.2684173744199
-8.314463326715504
-59.932984230824836
-24.620534598017734
-37.34312706185924
-9.671408361460484
-90.64437805133134
-57.27059746954509
-26.72794403131868
-15.607429337278287
-11.356199897016408
-6.521924955627777
-33.51592739681711
-9.719489545702732
-4.567489106543754
-37.08445789235707
-12.794748818636409
-15.54400458243524
-70.15092032924966
-16.655688383737267
-8.847100750010632
-19.868126198412376
-21.355368927470217
-15.108583616439319
-37.16036053102988
-12.094487678132197
-6.671213191748659
-12.005732813320195
-21.273074513134716
-14.853036593253364
-49.73856802468601
-21.876446284857614
-23.8636023014125
-7.447007691483412
-7.533569155922464
-15.143015764053251
-14.944245425315547
-23.413984503139215
-22.947911983525042
-43.01070877434062
-28.4664472156478
-12.630428681540238
-9.337081084004728
-18.909904600602793
-16.780457487909185
-6.048302076601641
-12.215331825557334
-8.13688644882031
-6.548589450796031
-82.80821666599539
-28.292977394396356
-6.095799328647684
-25.398051818575233
-15.260206848637331
-17.3303642805645
-36.65118767080378
-26.293091243501756
-54.98272192429641
-12.24941888207249
-16.409431427334777
-17.258404749394977
-8.321001429570126
-20.28898611174272
-63.98146569859585
-40.27280423223082
-6.418198176981068
-18.604412814060414
-5.833519792841067
-9.345561492445398
-65.73982584204217
-8.907403311972223
-5.2093266352111645
-30.27867909725486
-79.63016031927857
-7.818934972238718
-7.4701380317321044
-9.553163769036113
-24.13946124078998
-42.73469402758272
-9.000280421648949
-12.634504017564582
-6.754232274646745
-6.599258100350791
-10.615370132747367
-17.31806591788815
-10.822057079952872
-4.7949473904054525
-7.534102823902859
-39.71792205836175
-3.3497834935998134
-12.31819593632179
