-26.333526083375922
-21.227242445655378
-22.98414672869862
-62.97489699960584
-7.0257144055878245
-26.029132322815794
-13.899043365961061
-181.47240416887928
-28.289776791083334
-17.089321753463558
-4.280049572725305
-17.672188099995623
-71.02830484743839
-41.4791644589975
-14.1472167960756
-8.221184621302571
-26.272639815169327
-5.503264069067198
-33.20927773730268
-15.271204957823487
-32.21140558656127
-92.50682581460312
-13.069354847659305
-7.641780687192962
-16.105259883251478
-16.389956950719448
-9.653552358449371
-81.10451479104655
-34.23743884959733
-24.974244595951753
-20.97461360449517
-8.67499327886739
-13.470817878040387
-5.046322275978098
-6.742926383759547
-12.796402117735939
-20.23918663334645
-15.438378964060927
-15.527304901303944
-38.31938383575608
-6.586924928361151
