-5.467430387957871
-10.89190890236602
-5.534242968658622
-6.1198602380483695
-38.92890335584026
-10.506395134085844
-8.869618250951733
-2.88678712984145
-3.6558014691474434
-3.3550524681039082
-9.34611014124715
-16.127198300862954
-10.649722784224409
-9.429593620100153
-3.9027119408333304
-7.910925753264
-3.613395612059199
-13.435281057888334
-4.079934014590107
-10.521631650221906
-4.76619222131135
-22.673752987582663
-1.3968276704524405
-11.696241017030239
-4.722007161064364
-6.218161243671229
-76.3694101111913
-7.732541425996046
-2.919894484563234
-2.7700417858621154
-2.7377329604173606
-5.853487593829772
-2.5793380216334465
-7.187434762850565
-53.20379042086386
-3.2200928460026783
-23.037349739639993
-6.17747395748063
-11.737657022665283
-2.4750006332111014
-5.228303790242018
-9.853529044697819
-15.752277491117644
-2.737423573694172
-20.734202241008862
-11.538356327193668
-6.28248601468003
-8.923225030677827
-17.8857883465494
-11.815939166053289
-10.873241958739749
-10.107427759370108
-16.63588393381661
-10.142649345511334
-38.64459263778756
-9.809298758206968
-5.268898562975205
-3.8587887142807484
-4.834222489551758
-6.051241741704021
-3.725950053661205
-5.450418949089657
-8.556130109690587
-13.650885495934157
-20.336899615000032
-4.981954169924405
-4.883151730959446
-16.052749885687522
-16.494478671956042
-2.871942621205087
-4.958872622795065
-10.088289826153728
-5.475096467482527
-5.391705165799702
-7.575148540319155
-4.542932407726409
-15.919390869792304
-6.304666068804385
-7.812572904630875
-9.798859186953596
-5.142983605236711
-12.862090281918986
-18.245572148809703
-7.573054659065527
-6.409534944125514
-14.406329493377523
-3.7907610912486684
-3.2659386311409233
-12.06755725944177
-6.671201317654019
-12.198117648470696
-22.15511541242426
-2.4434198803287908
-6.437533856428992
-5.427936426849626
-32.38045494352187
-5.982401627165037
-5.66314949117794
-4.383642822313779
-9.633254518798866
-4.527478587394703
-3.9104104116765392
-7.491570523492635
-39.82211698339749
-2.1508300947493275
-9.108720591414208
-1.4085866008613368
-3.2550166297166108
-27.55173006490101
-5.795013444559006
-11.010179833040118
-3.5475879040416425
-9.433232570990693
-6.476852635857646
-21.035982201517232
-3.05510860682528
-6.704548499319583
-8.906413042703004
-3.696396534048778
-10.023251728509882
-1.7825730660563663
-2.430356309188225
-54.89718802782129
-3.815572297587843
-13.942926808326291
-14.268199366083675
-2.74585235498967
-3.8341994541306796
-13.907360053133647
-15.094636493367084
-5.85827029946032
-0.9762431970534855
-9.15411462552923
-33.214886084435456
-2.1890619293072993
-10.91585128943483
-6.841560819349361
-5.816483751869484
-13.041307141411847
-5.231646445574551
-2.556711856320965
-9.544836798297895
-11.11832706727718
-4.436985327064078
-11.530092768435754
-21.787017917220833
-3.524360740942989
-7.817376516754722
-7.70228315251752
-8.212035821947731
-2.961449301802412
-37.82051256820746
-2.9062697455763824
-46.890939134168754
-3.0911810672368656
-11.616888936476668
-44.569098076852924
-5.334982257749892
-5.417533988693894
-15.815219714825247
-50.36313961575533
-4.394610800072174
-3.227185191913892
-49.17167718880612
-6.201845822623885
-12.307949470998006
-15.271204957823487
-20.236979564432712
-1.9742720379701537
-20.047928139698833
-9.735590041115156
-5.791424286747082
-5.232014320932682
-3.8473979575729675
-17.52647033098248
-1.3599789819683017
-6.655761021111965
-11.67824742620304
-81.11307665405025
-13.108330606111272
-4.908085527141209
-10.734159988026349
-22.022271303725233
-3.881945441591981
-4.650480908451701
-21.94890898294418
-4.177524908571815
-6.722287996035997
-10.496034292789824
-12.532417353027038
-24.030746104303958
-25.60059113522782
-10.153729680354418
-6.899827575611754
-2.308460258227561
-26.989332458224595
-4.052826649670856
-7.34043849481083
-17.642486038625805
-8.202129625434626
-17.3694802366311
-15.482237978179443
-9.374692569000766
-18.38908219193766
-4.456228677417834
-6.147474351740773
-36.56547210980649
-41.97372251025432
-13.887865326435506
-6.923972168062753
-48.70869215301774
-4.988058615326827
-16.061698830376148
-21.370275643903835
-4.684967529054273
-6.431181585214682
-3.2601063010104667
-21.787920365752996
-20.6688604292822
-8.672549342898492
-4.0824462047823316
-6.62288804306847
-59.431821802248365
-7.211428141101004
-15.701763381879983
-17.521355839179492
-3.3502507338140988
-4.640277667390099
-12.72349116376202
-4.190249133308337
-11.773191723024487
-66.75909242086776
-34.904941206326285
0.747770932211105
-7.832914589437509
-59.0175525701107
-9.06550336693824
-6.185873037559197
-11.770637280682921
-14.074277283047094
-16.475067200976596
-5.169605142271587
-18.475288872491923
-19.652490383098883
-7.37301141381702
-9.18831950237256
-4.554620732035198
-8.906396976789738
-5.030371554589355
-5.350154865931867
-6.42921117615292
-11.883377693413832
-9.823114782667929
-25.528923889909212
-26.320496846447703
-17.533398260773826
-4.318774991084841
-3.261527163795908
-33.336375891851446
-11.910061020136345
-53.881234492227705
-2.694509928961111
-35.049109898510345
-3.0045704624249825
-6.605722556085703
-7.3481743765932315
-15.007899170352125
-21.78853148689294
-7.575104535689441
-3.0516413893536973
-3.1575744203745852
-32.48273317765774
-2.308460258227561
-5.994247243275393
-20.372666568405027
-6.697060327368215
-41.76314930291753
-4.958572740497993
-15.472782093315539
-16.991542408296112
-5.012009914908448
-7.372609404173372
-30.461146911032046
-6.813754250813525
-14.500913049208862
-16.96523799938665
-4.280551851384074
-19.53396215509949
-9.204662143984871
-3.8657048068878543
-5.489531813272258
-4.1062977877226015
-5.659298059990485
-5.145424557934669
-2.459254638415533
-14.510406518446405
-5.581396109554006
-7.0234172972296305
-2.65089638632906
-6.875896644343007
-12.830371751792917
-5.846686576386464
-17.56394616502552
-4.696943026159994
-2.3064282813913084
-5.583069928494582
-6.045134478611306
-25.355989641704134
-34.736980605538754
-10.804728505608983
-12.095069514106813
-9.529550648621857
-7.375602249073418
-24.068845160578302
-7.99270156420291
-8.753012790787539
-25.37317183018052
-28.878771694296702
-5.312588930466748
-15.285503469738916
-4.237168139990828
-21.5840557986036
-21.656506923321267
-39.04826227935976
-6.494702516269703
-6.420924036905895
-2.062977882781764
-8.0644661408028
-6.5121064476979935
-3.7411021388374617
-33.515025513649896
-6.257092746731266
-11.316765311334088
-11.4682448100872
-10.448659844224697
-5.269212381039667
-12.685482860094424
-9.749373521468947
-4.825751707280533
-5.744245026833385
-21.898780574238835
-21.75254184209721
-22.431238104230506
-14.504279527484966
-5.153287686770831
-8.890528605720501
-3.5858414729880033
-10.776594165472757
-5.139935329918913
-3.6764268108773597
-69.00674343810813
-3.0855129473171963
-4.588516548220954
-3.9815333191570224
-7.7324530971770065
-12.071124171429974
-4.781829448189332
-6.575238325039744
-5.350154865931867
-32.02550400768344
-23.479377432398262
-5.926254419410411
-10.42826043354647
-3.5243766200889355
-19.518860519313463
-5.451663625472636
-9.007495706056563
-4.7568180737117665
-2.7647942231022324
-14.233504641231269
-12.861074152339896
-6.480153757447999
-30.387793261872673
-5.054535948404317
-3.482978212297055
-14.598405767794318
-4.196203275509522
-22.49396801184537
-6.79857780971127
-11.01204373204933
-3.1620608409939472
-9.918514032749359
-10.219547719914923
-14.594646989656756
-16.860123780557537
-6.532907018248848
-7.218680992228332
-7.794272076574837
-25.991568495878624
-12.592382318154195
-21.566251292571554
-2.249905645532968
-1.6021118003005028
-7.122721993392768
-11.058666386866227
-17.127486931203197
-12.417435285873703
-14.954958838008121
-20.781393794245652
-6.33305790708755
-16.44319358260238
-27.267364688467335
-6.483328172297818
-8.326009115034879
-8.133773137540972
-21.82668385299817
-13.072098253920844
-27.41625367880051
-22.669820626927443
-16.73320421475648
-2.983007403927805
-3.520054383301616
-10.629673638021938
-1.8257909859190533
-4.357579793264538
-11.679043097794796
-5.687067506781437
-2.694509928961111
-9.026705150836966
-4.6688565450920745
-10.675818621321817
-26.424397546606635
-15.786982908880319
-4.027913461699396
-5.152272162370698
-4.1242388104506835
-12.886929502399257
-7.1065670715815425
-24.903433188232942
-2.905001407963341
-7.95450308064721
-6.031418263322134
-5.293364100730873
-35.86491896487189
-16.865535931719627
-5.058376688087069
-4.743522141748867
-30.426573852607557
-17.32970015316941
-2.2965365266494135
-4.5272701458482985
-1.9399271256306638
-7.984930577922802
-18.977553736562722
-5.176809137704215
-3.7202774930951503
-8.214578297707607
-46.91888273861253
-9.984500842587032
-18.204553318409562
-3.520054383301616
-45.530758338533296
-4.926753107201342
-18.122298798752293
-3.3745850608550554
-4.798849214079745
-35.95868067462855
-51.55601873234869
-47.79398037193574
-26.37718711407832
-5.595219029962044
-8.404654807816721
-5.083669752685924
-15.337254477437131
-6.3245847759034515
-3.5267823681324013
-4.315719186057908
-4.251754477621404
-9.451042883205423
-27.144580834789846
-19.963520733454644
-1.927685776926236
-8.665652386729594
-28.291769727613367
-4.917884316845982
-2.0871983740793647
-11.112952460097002
-5.311590877322653
-14.119378225389294
-4.552698888225288
-5.657895232983686
-10.458740184373392
-18.197906487307623
-12.789074219291532
-13.860631486749739
-7.616892519877663
-8.878791891056114
-71.02830484743839
-4.225302527233102
-5.60401345380721
-7.034152179163899
-3.3104531481071677
-7.784352216106161
-20.96625738399894
-35.90594287107275
-26.439480881454053
-10.561157286821679
-2.381196546445869
-17.86693595411083
-4.137665954863982
-17.547385548874065
-11.44304897408091
-3.3098598409623254
-41.06596187123303
-2.9466243264145313
-3.123473244427725
-12.133578008974748
-17.95515952648323
-5.966072143232505
-6.464673599938002
-9.328403170132308
-24.513974827323878
-6.772083021439464
-4.3107439169465
-1.3382730577578503
-2.8308169499208167
-23.048808255858027
-6.502936098136365
-7.756191926582033
-22.31737251558813
-9.53070701783701
-4.981394687957723
-7.192311307034953
-11.899781106108163
-10.616087401389642
-4.306974227703061
-1.774403226020975
-1.2156520036623788
-24.919073234564166
-13.900418960147626
-9.274977624394106
-14.762731939308246
-1.3802555943194967
-19.260327878641345
-10.284016454888596
-11.873081114565313
-17.03837214136943
-8.724550868717866
-21.73756372342622
-4.329151881240654
-5.269212381039667
-69.94294731437614
-9.36426172750346
-2.814483542401219
-3.253988751321492
-6.335383490841856
-16.032139435688926
-13.712184701866645
-4.628230292375236
-7.104945965350062
-8.214061388209188
-14.852014715834716
-11.415640056721886
-3.3591462611909093
-6.062945559316325
-4.020757323590871
-4.093748739078351
-12.146042067237568
-19.228552535583685
-4.4430474981369645
-14.32940374778464
-1.9399271256306638
-24.20504988792978
-16.74043014139758
-6.584290098077493
-13.145260335133193
-2.4478372055679545
-16.583369571742026
-53.04322584357998
-5.703402173159981
-11.2608937924243
-6.014749696795178
-3.6509506078612843
-19.637954920127523
-4.335957490330812
-23.531481289806823
-4.122139376947221
-13.812378435475068
-4.035811580134533
-7.064065123051285
-9.43525898859932
-6.911190811280059
-11.524782817715865
-7.721946482548512
-20.815924343394077
-5.000604603313096
-23.86168614597477
-4.841257710282904
-5.320142602856353
-3.31366993945798
-3.944821198471965
-9.568951056247299
-11.837948687539736
-7.275288995674344
-7.010066473506764
-6.2495573274280485
-3.2131093489173037
-13.506004743610914
-3.2963578748356994
-2.6699058625422682
-13.989700962573941
-8.817094712432953
-17.179679866399546
-2.744168881372326
-11.82687368008348
-4.011066326074464
-7.910370175934125
-11.727836706676776
-10.18985442783916
-3.853195208795258
-8.533935098271812
-6.473880172401839
-6.926011234898177
-6.92247514994652
-7.053523231146045
-13.758709230326552
-8.604515396165741
-17.916205656683868
-9.360298932411093
-10.621287574846543
-3.8657048068878543
-11.619831391828189
