-8.0543155692869
-4.785403504044084
-5.337921669553632
-119.88517471605428
-32.03054976998917
-24.996662007825783
-6.963261639213779
-16.597161445819236
-18.157658492940097
-10.161920704283151
-17.559501331559407
-9.454212912214341
-33.58956898636328
-9.248352194585545
-33.81679733609053
-27.208310517428885
-9.358914746128969
-8.892555014625819
-14.40469431296168
-15.403986652138286
-26.27630644086453
-6.016197579043403
-10.879637159020804
-10.934688358354007
-4.834404326289424
-14.707422265231463
-44.43180512570405
-3.288806421034879
-2.165712653598177
-15.252518830828079
-2.875485670087734
-7.86231997256963
-13.151318915616729
-6.351636052231061
-17.947442415944888
-16.080381126773144
-5.887592563185554
-2.8182648850543934
-7.340781884743881
-5.747682826659379
-5.1355760668773875
-11.601763167641556
-10.240582501821534
-91.80062669329838
-16.181961860671617
-8.075459292030565
-16.49947760750035
-9.895288237643728
-4.2750403088859334
-13.121647095535078
-21.8423655643717
-8.689849729537196
-19.285348646026392
-13.513892890561674
-28.85868391091243
-5.212325944236554
-8.848142532801536
-9.650984152070569
-16.179467576268827
-18.08348181025714
-17.826474361778796
-22.074318023867864
-15.066860602198576
-39.82869960596953
-5.172591193609882
-4.433198095116718
-6.0287812519127915
-3.1842521476441155
-51.33935804812827
-2.66915456919507
-57.374592740194
-43.74040231232865
-10.463742170250882
-28.945846751735846
-19.755350208960515
-31.26328767840127
-28.66981973020335
-61.98954379857602
-28.27755023154927
-6.269732773832946
-2.785115417894471
-5.633378694156862
-43.982071849623175
-8.409578368766082
-10.464165923358012
-3.9839957876900947
-7.04284111263342
-5.144936943201679
-12.89857732217299
-31.059312377883554
-20.238093514743728
-10.705742891890893
-6.014293036973387
-7.89532272878133
-4.8089237673358225
-23.366065487693398
-8.512386155998147
-2.957262722372423
-14.705268400165505
-26.415296884332303
-7.510091190920175
-21.6821209786824
-8.876047699834794
-12.910498044869431
-26.546626447705087
-8.733074618218927
-31.62165699039305
-15.492762745075122
-24.0702639778474
-13.76175981251359
-3.094169592531183
-55.22089475019233
-38.97524189792163
-1.9296123520253365
-18.157352317290048
-4.994385065785254
-37.81812290454543
-29.89980104749234
-6.031187482374808
-6.009441014692298
-12.71859331286189
-4.266447814668579
-21.165386452903316
-4.618203963375878
-13.296369896935936
-14.508240764207123
-1.7438062253740387
-12.171859963719385
-13.571340901438353
-7.282657798251636
-12.118587708602202
-20.492143534308155
