-12.003227992745588
-34.19559167728398
-25.934368584554946
-16.127198300862954
-6.823096140983696
-7.486310152788351
-10.394122388144211
-10.411608853780892
-13.435281057888334
-13.968451740807946
-14.34899001726797
-8.01464200733847
-2.8717435373108207
-4.332627899922897
-22.58092140379749
-29.019188433028653
-21.25391779202698
-0.5756805103781966
-1.5983213790209678
-14.792389528807321
-5.694410032835164
-10.39517348490813
-5.007062694395271
-8.560835133506824
-5.712350284953216
-22.496076899067937
-12.363597829523068
-25.890638354890143
-12.211786493169697
-21.0696365421937
-13.226013133892717
-3.1681478541843773
-15.059770986961675
-7.926441746709971
-4.243625450685368
-8.734365341224517
-6.969007036575232
-63.88943018359648
-11.254159943858904
-4.090604213776686
-7.423170649129498
-11.702073688563013
-19.967540187936585
-19.582234755898703
-8.754118428789461
-16.676370971017555
-8.045641601395825
-26.477090576293556
-5.415316558001697
-2.70502452686875
-12.670724521782281
-212.9698898876022
-5.9766550833249275
-12.168955082053351
-11.674397176533255
-5.978524603497435
-20.374342130458952
-18.9141884314571
-9.719027560278349
-26.10161709756168
-29.59942243537054
-11.653264347408689
-10.496555136079552
-14.622700962887693
8.712381164666002
-45.36001463218959
-10.29804344564944
-11.655823214747565
-5.313649685733449
-7.435578805831808
-8.30892443569586
-2.5809607594668695
-26.392196356897184
-9.298630441178457
-9.902061480801828
-2.693938705238465
-16.438933573382275
-4.654786271227041
-0.515461492045167
-9.088378987801514
-8.141349539694858
-25.457193505507057
-38.93056431230102
-1.6779621298606422
6.0158908093253585
-17.152202285730976
-45.58186713480156
-14.412964035023831
-11.607039640437682
-8.542496605392033
-20.38252403852739
-3.798601564292614
-5.212953582588161
-4.984501257175938
-5.354590330900329
-20.3795014624731
-2.4005018733488037
-16.911585469606855
-9.295162412182325
-7.722607128362727
-13.112055781759777
-2.1475194301786216
-20.359370204895107
-17.709236643813767
-10.289040021962819
-3.5781200012799967
-11.17489212953787
-4.9560111144572465
-5.581390044032848
-8.179062108842357
-4.153796907624186
-33.20940993398994
-11.60196602188691
-13.318201132948692
-14.19261775144261
-3.736409945471819
-11.101195988206914
-27.514573646155657
-2.4550148189502776
-2.4294517680591725
-5.130463297089208
-10.040036717408828
-2.1160739998452516
-4.722591995077722
-7.641867282989139
-10.74378568776391
-35.23299792444337
-2.784215108134839
-24.269216020338924
-8.317005531294875
-5.242446102890619
-8.018479816899015
-21.816930733694157
-9.393017345354282
-12.857703538527161
-12.125781447984386
-6.29707822112475
-12.120754916190721
-36.56547210980649
-2.3122324171676905
-25.013102965309788
-13.431387209967381
-20.462151166529825
-25.588190227236502
-16.041329897232877
-0.6551999552575751
-11.107175128877822
-5.257674908731062
-6.868810792093919
-8.012102585026822
-12.969999518495344
-11.38144370589892
-15.40231478718924
-24.870737781725715
-7.015116289296751
-15.654635137496944
-1.847072607426885
-15.141532726889627
-6.178081643850563
-2.7925450386957227
-15.420636992144793
-5.042098107850824
-0.29863301337788906
-7.076573698255511
-16.5328321185195
-3.5914671732186205
-6.976265029308041
-26.753915620531373
-13.246433723115686
-8.900003084606004
-7.90728687664172
-9.228829986615912
-86.07198505582825
-5.319983858863079
-51.82617919818223
-17.223585578212695
-2.559569092341044
-2.3641815559869204
-32.48273317765774
-57.57380205068092
-4.176037659893072
-5.697998511585347
-13.660415007299827
-4.403907556188796
-37.961448168775
-7.678366442303936
-9.083438856132426
-5.960119201368103
-8.884094728377503
-22.67796602725422
-43.42224747553876
-5.211501035785654
-15.643047021903826
-29.431821647498758
-7.765600017463363
-18.86748943361182
-5.708668056949539
-14.377617684328955
-48.3864271582713
-10.337543402250027
-17.011043675612115
-15.351603340181786
-15.824724605248248
-1.4959182553396917
-24.958330457464697
-8.994045736517242
-1.1562371143485164
-5.621375201010456
-7.3030158578293936
-6.9676522455295675
-2.139305344425671
-9.432972993562112
-3.6910329246041487
-25.37317183018052
-16.458398909276074
-10.652796448391863
-2.632430147564691
-24.217011013416673
-1.5023448399850245
-10.77641838413677
-9.145138086588538
-6.344799257761849
-75.0925333709491
-9.73256115962026
-22.016037944491526
-5.536432139452162
-4.617260156685122
-48.64995246524935
-6.4250908608203385
-36.479358106460275
-24.016458469188205
-51.0678302584847
-45.20500414401421
-22.44509928649912
-27.868377965680118
-27.57001506197967
-10.51368665506138
-10.332568631916509
-8.624882696874188
-16.415266411815367
-15.553489374940028
-3.6989953009886776
-11.520829030584714
-9.17988563559815
-22.789689635306672
-2.3685669601913304
-19.969115917867047
-7.8122498180274045
-10.503045215125747
-6.282848142516264
-2.2221908681192706
-13.871216852039975
-30.85559325897011
-3.202471498426916
-5.506135181650614
-3.7095536353970435
-3.2428154842097796
-11.089217157045303
-13.441942065828213
-7.539722628393841
-21.89155304194273
-9.371268399612697
-22.319685114315835
-8.82328387267213
-3.453017666895018
-5.559993846956361
-3.700021109840412
-5.932510971722157
-4.5150952023896185
-1.871518969884251
-37.878149259464735
-2.8153417548732724
-9.665829737512293
-17.127486931203197
-2.9582813541811994
-14.514925920560694
-4.688343956508628
-68.88129944138856
-14.43835862943872
-16.106803757957803
-29.51302904681913
-4.1813728161049335
-1.4711574564001972
-6.758234532346409
-24.45425785207181
-25.39744419884128
-9.348374543157473
-4.174050047036315
-5.394196375338939
-10.57156658750627
0.3166945784779347
-11.397940636750455
-5.466376833287277
-26.237190704765663
-24.230162274447366
-39.81529177292091
-5.021867732171013
-9.065681122715079
-48.5043284100731
-19.536055594045358
-0.2696426649382551
-15.014193997822973
-35.86491896487189
-4.393024483686956
-12.91953451736818
-18.93031924990569
-9.787881942629825
-23.051109011701236
-2.941210862102436
-25.601871573927962
-57.322627399416206
-8.214578297707607
-7.54848049749397
-2.9230055008718825
-0.968084931318873
-12.27680007105867
-26.154783189922533
-13.18871364112965
-9.059538525261525
-12.626033969315174
-7.798555714486485
-2.8466252873542675
-5.023629005120619
-7.52439147536053
-17.09279546117597
-31.327910517794347
-19.70513098806692
-3.40124168395672
-35.57622174663815
-9.434881052334656
-5.709817431731427
-8.732444850755446
-4.761462775083703
-10.364265602621135
-28.131300556830848
-6.130515546772036
-4.666859432282624
-15.874884858666444
-25.141259810673844
-41.704041646470344
-13.146697445081434
-11.242438318172342
-12.218658350346567
-14.102334882745108
-2.113670753005407
-14.23469465801671
-20.80364375967095
-14.141209364279833
-8.461347481130604
-0.7663295420855227
-8.91377091641303
-6.184785915340455
-11.062229750659284
-8.471131356555846
-1.1205959112225536
-15.399396209273387
-12.898470641277978
-10.306120289222212
-6.944942946114424
-4.085881475484481
-32.93688421200276
-3.1505601486076804
-1.7617153896283504
-6.538127857177725
-6.758502860447961
-4.237192177159428
-7.496105265997578
-9.923771420576763
-11.417175645005834
-4.6300947661879155
-29.98939425480995
-69.94294731437614
-8.40196713472467
-4.207962461891056
-33.62205781281866
-9.325019568113326
-8.057918741842107
-8.981963524734384
-16.61149390135086
-8.777724370867883
-10.9075083428528
-4.6637183731211795
-6.364288893144296
-14.046087611441683
-26.160357476585787
-18.773689695509788
-20.940983123551607
-22.444847294468875
-5.987257599116299
-10.08824315916969
-3.4046537635227736
-4.286131209967147
-3.627095639076987
-1.03226063029288
-6.372867926071478
-16.015730399471785
-5.936943430438541
-8.904393559399585
-3.6505010309238313
-28.562163778534096
-15.145460713763594
-58.10918494105858
-4.367399408033124
-6.806165024893529
-16.26395353557622
-22.76516012514788
-4.565058521835047
-7.830155053354304
-9.185560646941793
-4.393106374355199
-27.85214948040333
-2.5035758091692535
-12.416055937910398
-10.250806098806052
-23.207327099810986
-20.97391609358853
-46.570247926635716
-9.76494293297453
-67.24640980337473
-7.4350924180584474
-41.23314094373649
-16.40964157226413
-8.537625097802696
-11.349946219353892
