-4.1730081448122185
-25.941962793740245
-8.698671408147598
-34.80086545491369
-29.498267682390857
-35.9102984367534
-8.560019558885328
-4.699114956194776
-47.19964316348944
-1.245797733134186
-6.684221848603773
-12.554290925169614
-17.33858120114208
-3.556215290980547
-12.867527876978329
-13.934973779165576
-22.769619246792825
-31.830988056931336
-50.95366992015667
-3.006012916177966
-7.807763519371232
-9.567605947241345
-0.76347999075005
-16.085311035718455
-14.428915091709767
-12.066919095776882
-16.810378411100643
-16.864251723318723
-27.813034450112614
-153.48649711015486
-8.558105167758441
-9.782009201097285
-19.73071059812433
-10.647260819601547
-44.497615657228096
-10.425330252250957
