-15.348539135476939
-24.04142378589166
-17.25557487143595
-14.386490914670276
-14.559182707102753
-10.312677035486384
-13.405873713108829
-25.041555454125174
-4.383804205350592
-18.73014353464832
-13.272539680929825
-13.901244435751313
-17.94175610342271
-6.977856872026803
0.2040574971762333
-14.241917254652854
-33.23984910452545
-5.044046550868729
-12.538330309809831
-5.334412767448723
-3.860184024346208
-5.069947705993907
-3.1410747641271666
-1.3183758997478283
-26.062244821757737
-16.29092426978641
-35.22689876470067
-10.761730422052791
-14.211071662043905
-2.8569650396101247
-6.406312039984767
-6.631615884092912
-9.594822980653703
-18.95507614722387
-3.8444771317804247
-17.95515952648323
-12.981166263376407
-4.753096480749225
-1.1166205105144789
