-3.0633501402888785
-15.35767753959417
-53.48934396445529
-17.415089134326088
-23.96929945893834
-29.847706445731788
-7.890826776850782
-47.98304376497514
-36.61429920755753
-39.21063809099959
-33.24121206469729
-7.254453714742794
-10.253437742072181
-15.315615611723107
-12.089234434496857
-6.373911373548675
-16.64362885300645
-4.085426047992462
-14.198821082450523
-26.65028756358873
-27.482733082052857
-24.899234876374365
-5.756984074976935
-14.209501682474409
-20.810120630137888
-9.646280572854296
-6.94192182247632
-19.417274562459152
-12.877576195743792
-12.110199692861388
-11.436301650151323
-20.90420313951086
-30.130349078942995
-3.940022658364127
-1.9813139446711405
-9.397915406617024
-8.856713774466975
-45.925063591960296
-8.071027214286113
-27.43668275670086
8.609273798182517
-19.393578575568313
-18.960750811747232
-4.700869335765775
-21.93537462909151
-66.26238170109642
-73.68519590018681
-31.42915832152249
-36.66186992719333
-1.9192312699217313
-44.05588002737933
-6.483095244000958
-28.08701221905025
-73.31766482159944
-8.392437474296969
-6.34057366912867
-26.23062959875343
-6.993123812717888
-13.94420966806717
-15.128967517423606
-18.199063727751415
-4.544030284543477
-11.913789619238798
-21.547511207713935
-10.599847077829542
-8.533332293094366
-10.602173327094244
-38.13592400110256
-13.697022667720665
-12.629250646183905
-5.013678632042443
-13.576283448493351
-14.903411599299393
-22.597291449628315
-14.16938840376538
-20.396520318799755
-11.736071139235202
-9.681225544707882
-10.454316492431499
-9.792661439868615
-52.08037765693908
-23.684017040710057
-26.67128921437472
-53.059817749438196
-27.79432119477945
-11.364851245744308
-15.847374592252665
-13.833983496226155
-14.397872121576189
-25.9245309113496
-12.287117271494317
-11.939108986498905
-20.36761847925665
-3.7854371459083813
-3.2573836388002366
-10.413343483043612
-6.024902768498468
-14.026986042542003
-19.12932818142421
-17.626925584110968
-5.4557082566833595
-6.785572856926625
-8.686177737926341
-126.24773158506024
-94.41963292130714
-14.326229128190372
-36.89187535009368
-58.20333742938145
-6.671425731142812
-7.0254329403390425
-36.76811782486113
-11.685477852136911
-69.11298025123044
-30.145896549411223
-47.639718513439675
-3.4343409790067723
-10.838063301246617
-70.66969201625005
-20.991929937675373
-8.760716089262216
-2.723892866284186
-14.471931547030149
-22.807760565454487
-20.79084040507922
-65.2924052679795
-25.851626117039356
-13.375952541084523
-11.24763918088809
-14.779825152858727
-9.96686040212756
-14.968685014542197
-6.598603109180555
-26.73015808854122
-47.253312075320245
-61.75639747310898
-18.531584300470726
-37.33794418237246
-24.367786712994
-29.15090231598849
-3.6705203009545424
-24.53075229135991
-10.133321565713988
-17.334943944200553
-48.71732216288614
-20.82358809246234
-21.843860996026564
-10.513219059550897
-17.21986954907656
-10.712497578352995
-11.015559726981907
-15.574801866473335
-15.672630748547256
-12.78138896204988
-2.441218429174719
-4.378528959887379
-6.442824978475227
-7.923100300520506
-20.409662812860976
-10.987421717838638
-10.767875847386641
-6.8502503508748145
-16.72175232991353
-6.079324737724186
-12.344367723768602
-19.967925936796412
-13.797221903694343
-38.91559788707149
-30.571296894845847
-70.31793834275904
-21.514831867073283
-8.259107349184461
-7.8516213550419405
-11.166011548358261
-48.59243733788617
-2.0681776880895604
-10.199126655983065
-8.69990988453147
-16.14870221569384
-13.958779286391378
-0.9111891819128022
-59.85154651903923
-31.946555207932334
-40.74974709241801
-8.126073300651003
-8.541900134630865
-9.470853755648806
-163.02307756219642
-14.944413723516185
-6.581976325794048
-21.198278249015136
-15.53514472988425
-26.91706657600705
-16.255756232958117
-22.726212537595195
-24.027778203731113
-9.304392413027687
-20.266159197219853
-14.111707769916679
-4.052537822240986
-28.148064811944362
-3.8693500611529235
-15.905697457769454
-12.640441265951747
-77.68299056595833
-2.8656485809328296
-7.788211948588403
-24.438638783444866
-6.040188771319569
-6.643939574829754
-20.007848935570216
-68.48099834115652
-18.81967266882478
-19.40590092988796
-54.728449442941155
-96.87718183441169
-2.116870801173301
-26.57179537481152
-97.21501904720901
-16.67701838187437
-42.279953799113855
-28.781864458390835
-25.257151672348346
-13.725989375136818
-23.267789150165974
-8.3077102548273
-14.222597986547283
-27.19397429541465
-39.53306264928534
-6.300847529499386
-25.075519981796784
-3.1017426164555593
-20.240109788114182
-18.699224515996427
-39.0090060822746
-15.495403412867956
-6.680382968276615
-27.795972482468706
-49.363113999102275
-53.434833255815896
-0.8699272864200809
-1.2067641653829202
-3.845340524316967
-18.19601487385738
-14.077690363198707
-169.0369394854223
-17.98787325331509
-11.993063054905887
-21.75310630103814
-91.64538173131027
-18.93133463674754
-48.68817691145853
-7.746199110129619
-29.67654646180523
-15.544538055977354
-22.731813526339806
-29.361993449425057
-7.541973437310913
-74.43479604336234
-40.508119748327864
-22.533412796467957
-12.007636898814994
-63.08567366290962
-35.92968446461584
-79.88360489513249
-17.217582180625474
-18.965418642283165
-4.979738907688232
-33.389345897182935
-8.933891325204677
-42.26409795830003
-7.082378388033278
-34.072021534096436
-4.5732339068927805
-10.257110162072815
-16.14410634149598
-15.143466493168633
-10.266699416711795
-10.114284650217488
-45.71259914478046
-31.14355088748349
-4.271495981821381
-20.118010366615184
-23.649902554265104
-37.55537001591888
-8.592785266970573
-22.14075078694169
-11.959904660126123
-21.39499326596687
-31.782945127602343
-11.959695646367038
-4.736085311291489
-7.319449107998369
-5.962248799302323
-25.037063807910297
-4.746892796794439
-11.792637385993668
-34.82063691859579
-65.38004815282662
-38.543775666444134
-13.271607012797741
-39.2181673017778
-8.572455520407598
-11.10314438050422
-78.63427522803761
-29.17933693461898
-39.84076427093209
-16.0250857053537
-102.44793012045305
-3.073967569734948
-5.806624232859365
-20.581682913075113
-17.0444330272641
-128.51280384608256
-7.448449960202421
-26.60875625009223
-41.85199307483944
-27.881122693879846
-9.692247062515944
-37.50333729804004
-3.041659165514974
-41.05893885606995
-21.082978457220868
-31.273941695652905
-10.290593132906437
-7.612531812259128
-10.012552022000976
-34.4621052159632
-48.97810381358696
-9.161587621761116
-1.0771043431927818
-16.321144558862432
-112.59561362924468
-14.60556824119894
-17.457864538924067
-15.174443522430504
-16.321793096427715
-13.935484103784068
-120.17208236869034
-9.744619809586109
-25.35911114236848
-10.485725316263494
-15.472732526943975
-75.05216327359803
-7.937214874523309
-8.51080163452918
-6.699722611335981
-15.447214904025966
-6.9356188839839845
-38.61667987778711
-40.90137624496498
-45.721645621543665
-18.206463737319165
-10.307779523161596
-7.5320942715377095
-10.065237291982791
-24.67013532277289
-11.274778912227225
-18.950508033108534
-51.250407936093694
-10.091689341600988
-16.096717065109264
-15.041470867558731
-5.938125210051353
-8.53461301136101
-6.375409063591781
-7.235442675398459
-10.014452364765003
-11.884014197995766
-36.20649517111784
-10.121473320839037
-30.579945514690106
-34.21355037664672
-41.750989985265875
-20.96589868263688
-10.578794073761227
-40.52338535421668
-34.779680507340906
-14.446325837724482
-31.74440992113746
-4.674163672649106
-6.607575672432973
-28.977447647711752
-6.175917649991737
-24.625360456440433
-8.78133209482211
-47.900858801732774
-24.222008976556655
-45.674974093869224
-8.46737521301624
-15.454460621156
-12.697202885964682
-35.37832022024178
-21.97349528507733
-24.616979925914972
-7.819420062517353
-17.056366088908554
-25.317474699126297
-7.297072977790224
-18.20008980138263
-7.403463020038398
-42.81469772939429
-11.262944237986392
-23.896999534748556
-33.72350867209693
-7.711717901810347
-11.579498921250641
-5.153389949874166
-12.487793152778705
-18.21966338713257
-42.75161046082221
-22.069974145800437
-31.60358928117436
-64.81614726127194
-3.6323976967683627
-45.06495897721966
-45.07154141062742
-15.380107246570946
-8.531904286840437
-4.946438257456456
-11.984784879190999
-8.656827257499629
-48.89671157630112
-22.887454437845474
-27.759489864946147
-3.0152993535100445
-9.010533151918223
-28.009431850966966
-2.9798102758646796
-18.64029009344035
-27.15813697981299
-74.93710813441233
-7.0222301433304715
-6.429330600833973
-42.68188693662747
-8.850911173354737
-24.10186621299655
-8.526618360576188
-106.0462098048253
-22.994961539033525
-9.519314749485947
-17.25760245922157
-26.76894623505841
-28.958819392244937
-35.197952225613804
-27.912217437253126
-38.7655883815802
-7.846438429100858
-28.83147506165406
-6.5375245811850125
-28.298024215700067
-10.082659025986437
-34.24440006136807
-37.64534380557952
-26.88307220219012
-6.017312683282715
-58.150594711605315
-47.70654190961517
-16.26095084790606
-9.41425311744471
-26.254613941726493
-20.930234365552245
-13.495888628643561
-25.681461513084173
-3.5400361722998754
-4.289498722594296
-47.96009278383813
-56.25854231795056
-1.6491403827494178
-29.896542820946852
-10.496791270611501
-11.908370597151837
-13.867017387994487
-4.509950118390075
-33.203011345641855
-8.259536695921193
-6.650143675242755
-4.253801595453349
-13.365207632717762
-11.56139407566532
-3.9583597379529594
-29.66670610033072
-40.81255960315197
-17.326244201477483
-10.35980804695129
-15.653278560279615
-11.865872330294891
-6.216051246274068
-5.3991118491833765
-43.55928846536501
-38.91144166301367
-6.630244804502772
-6.059617757925773
-97.87862086339126
-11.37448843489655
-14.985949299742131
-37.001004651242184
-10.367974901951655
-16.0446022621564
-4.809048882357883
-53.5667443048441
-9.284345321837645
-32.10950828887716
-13.130610879841543
-24.769934249461713
-4.369087931319884
-16.015950855212626
-12.94764428581035
-7.964743451998474
-27.55040379548726
-18.430160257929984
-13.506703696687065
-95.1047170903171
-13.031156636270264
-14.432167822658835
-29.92571319621508
-18.120369895023284
-6.895923405989584
-3.7270727325676685
-16.924327019068002
-6.099332158555718
-11.65985588021746
-8.004779462009187
-18.99168440012241
-29.385723202137527
-6.156390093277759
-9.746933975979482
-14.59871082737102
-34.563272677172364
-30.12568283665684
-38.51565687796703
-11.820458876116012
-18.13217353386005
-14.280152749138793
-76.38807433419336
-28.15587765080353
-5.669927814160189
-10.870860334498307
-20.842862773175472
-12.153843154700922
-12.210553734500008
-31.994117395039734
-7.507319186254814
-22.440979327999653
-3.0074995275456677
-52.450576991892916
-17.13544529698331
-69.33988516882079
-59.5189978749568
-7.462354823349224
-15.422687409375373
-81.07380920649676
-4.069307137675181
-4.280930490759572
-16.89566869369802
-7.858636457785672
-18.93495955154591
-23.57440316342797
-12.819556773520109
-11.292468185110067
-24.85810287876537
-39.90008128215424
-4.942319206089778
-15.133995895455111
-22.92575808718452
-19.53473976901161
-35.78584679093936
-7.312038720933791
-5.126075129642009
-0.058545985320214156
-7.197894586217189
-32.76993940158665
-6.9736932413725095
-17.22450622946944
-9.431399861602058
-9.931231148706228
-20.488892955579654
-28.397604061313135
-53.84683303631712
-42.820931560265905
-20.466859064515102
-3.1549205462070975
-7.516975243302288
-3.401324718579772
-16.258271200976797
0.9563061694160456
-11.43900658128754
-12.497493870098664
-4.910555353204926
-37.09547779333357
-12.108329004152866
-10.889057562425705
-13.164151760430418
-26.99996907674955
-27.604458054274904
-32.765734946177666
-8.439316211692477
-14.205061893577662
-14.695934392150027
-18.93877270041973
-6.427052081896041
-7.893137721656236
-12.4641811656294
-83.12949553435509
-3.189738139736561
-37.5926044266814
-2.9172463401705007
-29.723813545596858
-42.68867632872031
-37.11600995600761
-11.969421785437717
-11.5140752166109
-5.412024710357645
-9.036510209092068
-32.34178039582242
-26.00972930069841
-42.09393122018771
-34.350608095834275
-29.427839006287886
-15.512572361645251
-19.94949402729777
-17.458230980115005
-16.128904479906673
-14.954004250666655
-10.916704897533524
-29.75132603135493
-9.732869663506373
-20.580665412167008
-21.975099031253457
-10.736005705670882
-10.997017720975295
-19.925134954642893
-6.458979399816622
-14.912015357738861
-32.734790726984635
-26.814209375161287
-25.80513002439308
-25.174459536774226
-50.1727791925647
-32.87126169300273
-52.494423213805526
-2.862550105258529
-52.15537769346395
-6.963136018140271
-12.641033623614508
-8.098953686047231
-4.833114293317635
-12.289303677453674
-15.690751594397746
-7.111141013549397
-19.58686119453961
-23.176334509370573
-8.436362656889619
-16.39171890559742
-27.939414690318955
-32.634213882642726
-5.035390258067069
-5.553870132834546
-9.763524578826942
-47.68721030341524
-8.138780716245714
-10.640487065358275
-47.21898420941431
-64.48607457429603
-109.2857213470776
-17.378493754888556
-9.833199024714666
-13.836981706103261
-5.696038298678681
-24.285548844239802
-10.744831178772444
-5.461448685250599
-35.03088016522327
-13.584636664544078
-30.507429551190036
-3.9327033942633167
-13.327783269940396
-7.214515788269698
-35.07743998558615
-6.774510825747357
-17.246517485061528
-42.27561161572473
-24.550351756865318
-14.623771066187828
-14.118988250600019
-58.444729404129156
-12.61781580810083
-76.20434925525272
-12.18558879795234
-24.44856147518672
-20.367546452800738
-46.607962907194356
-24.42009187813304
-12.518947603686565
-21.866830385499302
-17.519499517604775
-9.369278699796446
-26.29743457365518
-27.705943102293766
-34.52666661348966
-54.64794800626976
-7.3645767282859795
-3.0430330059351354
-9.528941922891624
-14.17493372037373
-11.465276663326911
-17.518077912584687
-3.166742959804619
-27.7794289836565
-68.01795573594363
-8.178986988346065
-19.704201222659595
-13.22314984943653
-28.21797336153767
-27.111520032103588
-10.460351010059096
-37.755051265990986
-53.2123307522167
-12.948912285033632
-38.94428336028888
-0.5195973299330111
-41.835746205436244
-16.658086960349955
-18.655133358144806
-10.017736021012922
-12.388368341204071
-20.8100216691257
-23.52303714585302
-12.097568477142467
-26.162115853077857
-11.952267040146697
-12.272971787782298
-43.948778413541554
-6.901658596816482
-12.240240156252218
-12.111354963825741
-20.90884269837084
-16.8186438608132
-22.130544674382783
-4.911836887341048
-78.53652931495766
-21.394276096041995
-32.23467804050839
-9.172288228136395
-26.162602968085377
-18.727413893176017
-24.56931429274386
-18.790137512253523
-8.370397615146603
-23.03792645160226
-3.8513753357230454
-49.192340845583786
-12.426962982773201
-6.212613510106581
-62.15044186768343
-7.21754913316722
-9.247563858427785
-3.8465271812214272
-39.65167606535459
-21.452698060645442
-82.4875473075438
-36.04753455245409
-32.82883187817616
-26.92074820945542
-13.827879575249575
-5.109618366081711
-25.377616450614692
-91.36768233986413
-5.264514725692112
-11.223665339435648
-19.905085920821307
-5.1650381286607026
-16.083082051309173
-47.79762053226739
-20.70929164344227
-8.159006429687846
-25.339553836084278
-15.219466424511609
-37.29761878493169
-16.86542834612363
-1.8703719677982276
-28.863191089245007
-44.53775199723064
-54.86158834517008
-4.618245642465231
-15.119666945987658
-18.927960267411724
-6.373276460758935
-8.70234914456434
-31.8911582027572
-6.404924111823318
-8.054038872474903
-32.649605567728926
-25.34671771055477
-3.6552373691677778
-6.7359600900703684
-19.71752694438234
-2.762300066277211
-4.729278596737492
-14.049611891879534
-11.503709901386008
-9.109280557708532
-74.73338328582133
-52.64139009563518
-29.2049526533481
-4.001908561345073
-43.81364229291536
-17.403168218996356
-60.28635946994601
-21.938956615743038
-16.418194263261704
-12.598067944183368
-8.171869074429203
-6.399195662553075
-64.93193302798734
-2.363737164088143
-21.113400402791548
-25.386161814385428
-29.383354940256254
-21.497418350379398
-3.258837881510277
-5.196617705447166
-25.011675796160564
-10.974781383996572
-83.49838428871111
-24.740966875959444
-85.35002015929652
-90.77841164862008
-35.25183578791732
-60.37820010299297
-82.88159278438398
-46.35726623622293
-22.163957605784642
-12.091268406964877
-32.346477773414776
-11.585708754440835
-16.906020492894005
-10.894873035844416
-9.913472380830141
-4.62531071651721
-6.770202334605449
-35.6821601885938
-53.28936068975504
-20.650765025555724
-24.48051732891574
-28.366119350304686
-8.928739992963319
-4.617562302869829
-85.07452443996634
-87.2371804941107
-115.25259310877279
-6.872546436941931
-20.367663818525873
-17.218849156528435
-50.64742618109834
-19.282518667552598
-11.281368307527947
-17.95794606638766
-17.12087118448753
-24.713810817660743
-10.186763363530515
-18.698726474452563
-7.253493997813595
-9.61680587184912
-9.157570022359348
-26.42888470841723
-74.15500580922517
-35.5602967556027
-14.63267727503734
-68.75879368738424
-49.51299613681821
-16.20330945169667
-6.9248857115621645
-5.7268374117655325
-3.9564747446648605
-0.6175744531467334
-24.318492436000174
-11.80743107103235
-70.42823182590676
-55.29957489599826
-5.230807109534908
-56.53071103742374
-13.634599468335617
-15.504406633363518
-11.7219755437753
-11.06730825828874
-4.415011183528439
-16.345957733436045
-5.527718146375436
-28.200861476199137
-34.64660351226807
-17.14778168515388
-39.02181532660586
-25.431366721147764
-22.990225731898484
-20.17872788893258
-19.383816702107946
-14.486567224961197
-15.748808209507038
-45.6464186130066
-28.999660206414706
-43.55511351115389
-17.67592899323148
-48.39296065468688
-24.108091251266803
-10.771091775020276
-10.609375755997274
-20.73983710729809
-10.273520763500871
-5.120296754212988
-26.85056637690868
-25.19217850235187
-50.13267151339131
-7.400203160117246
-48.32407096541791
-1.3161693127409897
-30.02241945618357
-4.492933454718396
-130.3359002284714
-3.5982011257334734
-16.956021738975384
-36.87738611523595
-16.81142359377034
-3.3844798119811426
-20.483376995977633
-61.50753335016322
-36.536358992092076
-6.0817310784758245
-38.2738610473327
-3.342362576848325
-9.97861947262824
-4.69355761963392
-15.740189007671376
-63.61284756578702
-5.368845339765056
-28.758860227184265
-20.777884903179736
-10.974938879241526
-10.735234852044645
-14.093823303069941
-30.605418262217917
-93.2160604104715
-11.238084978231697
-41.286749459143806
-15.273390320412272
-8.084594882359655
-23.18858586580599
-12.937943624986879
-8.172170183324571
-26.215872477023325
-14.237898534994914
-12.162137688978799
-4.125358330327416
-40.28653234501196
-8.024202734724888
-19.215629361056365
-10.935231507025922
-113.5771272683299
-8.012780681136503
-20.13166877851954
-76.21975458367244
-11.317031746900891
-17.847552184344394
-32.51029728865578
-4.820221027473369
-28.36393077495259
-17.523050127636346
-21.835319355573688
-8.187480623684626
-21.949604432502632
-9.931670159138475
-15.19997783695205
-21.66632970733762
-0.2685925440961926
-17.779569953698815
-1.1598757094396557
-18.718796381826408
-63.086993953344844
-13.321121106819714
-10.035481880776164
-24.874787337011444
-14.926667583977117
-17.932242512736632
-42.316370359820084
-16.50262753264821
-33.18779732049857
-36.10115343830709
-9.172322617097649
-26.468742993523236
-23.902148510383476
-46.663465688183166
-18.495480826043266
-28.405941956366565
-24.302363992539465
-17.77806505423736
-0.9651015254936863
-10.95206181601176
-12.099245651569031
-11.739014679310067
-8.50165289183789
-63.73542935164636
-18.852417625182195
-20.396729168760302
-16.378166136242246
-3.8367194586157205
-14.970393840913069
-8.822260578751598
-16.685012840757796
-51.68668163160019
-12.292884616499215
-23.988480983680265
-53.04656976435791
-11.867423272876737
-40.824742168171944
-27.338681630457888
-13.888376864752026
-4.0810760253771265
-12.998363076364516
-7.9353155714969015
-39.682763161916505
-9.27715836117095
-10.155216788278166
-21.512626260164467
-5.383329032120967
-24.01429553637641
-12.691845586403199
-27.633770932224756
-21.270548622257845
-3.0525465640829856
-10.665912362077142
-24.781576039479503
-28.970402432163354
-17.372321030619787
-18.151178830137056
-13.204675824016965
-38.47464077898789
-43.12771045845533
-12.279173414755798
-71.81567610092183
-5.434019638252086
-10.059041645211018
-9.641808071811688
-14.227511391005118
-2.2036223486764146
-24.316530361101265
-15.0398669721889
-14.173922201676126
-9.705320556310385
-1.59096862047769
-32.597019209284724
-5.25370766334221
-11.551981164098969
-35.007041024524774
-10.55703789156733
-13.011440907651952
-43.002882419326646
-2.963269454042578
-15.834811023584296
-16.15913420659215
-70.13464016883705
-35.66012447830003
-2.4934975952728133
-8.889155817292377
-27.258170799874904
-21.869738507754285
-9.177631192582858
-5.356317546691388
-13.084797001080895
-52.66206651619492
-7.536293353438924
-6.133181558149854
-24.94200385593113
-30.206789701763018
-15.810813768158347
-10.88536573173557
-10.527451708010581
-7.155325730239596
-7.693766829577504
-35.70662695339413
-91.12472857316511
-13.779376969216138
-31.72884110446669
-47.99561803721259
-7.854096897649163
-15.230375233044525
-3.6169120297117066
-14.367333031691922
-24.702896167951405
-33.30458346213784
-16.42972791991262
-40.55124329154236
-17.629224635354802
-9.183647376314546
-7.428801245015489
-17.458169527233952
-14.158725113439951
-6.407130322990771
-13.96292127542729
-14.275329697358053
-13.592964066274119
-28.227747528019293
-9.746256751707849
-5.661341997844712
-19.019636771054778
-7.117142217375517
-13.462408829218782
-4.886790426952213
-60.66901151110005
-33.572914827495566
-17.985208089026088
-36.415652844320455
-13.81431891444586
-20.438931704246166
-25.31007953476909
-21.64245430582581
-49.44849779609532
-17.796334643010432
-59.87520280964695
-14.001693208086472
-10.835910466062117
-48.47504816981109
-13.152211467301312
-9.275625731242839
-30.45179585745647
-15.643008074409003
-8.759540093283807
-61.684635950925035
-10.867477775939776
-7.959530683985741
-42.32297971022298
-20.331862430000538
-12.863878287448228
-12.866950419194474
-19.961771542068266
-9.497083470254069
-10.247619869884893
-41.45157729595715
-25.043867452191503
-12.570875683596007
-3.320413738951436
-9.923899287895779
-13.693399963714727
-10.59444530010276
-12.586645042835466
-27.560823150762545
-10.500038427228366
-9.989059843889184
-34.52128737854825
-16.486228621544214
-71.37660457317092
-23.841288041532128
-58.57825853235867
-30.99977405308304
-25.949377890378553
-18.982796899477712
-16.77823869912802
-18.69354689119718
-16.890794671761757
-17.15750962573257
-35.83944166478661
-6.057153463397197
-7.664998248715222
-6.443353007813645
-35.239952809739925
-10.57631260232514
-15.887502898613533
-19.155224817354807
-3.8427951349208334
-5.140935080592029
-19.735419329688384
-14.33219474673617
-24.073209869951715
-15.724315582701875
-21.85006259420586
-11.014127910869686
-7.853021517923396
-15.986977967103659
-12.664364119153669
-68.55680295481973
-4.142966570005431
-13.988210537731241
-9.031537870860099
-132.18067610726146
-5.104696836790424
-7.754388915216334
-2.624848503657473
-10.683899945421423
-4.542419600036375
-10.319988047429879
-14.22513552111878
-16.82042604756932
-25.44785839925191
-13.086741733875833
-38.36409098652766
-15.733986765485964
-23.34447226382744
-13.411288796598823
-9.056469020973273
-14.505129900094673
-8.572054878203453
-19.952734960701868
-35.57974088220941
-4.443994446156187
-16.95862803794665
-10.961553525739921
-14.601809310188228
-51.62839493594992
-3.6321355947410012
-23.233154743571813
-39.269489733135806
-8.467476514509075
-0.5114195059335369
-81.5200142479813
-16.81297229234019
-8.104249145950215
-31.792493236373723
-7.628896996296389
-10.786050160795233
-25.3892780986737
-6.646033211978866
-4.727031948203312
-10.88872059746146
-24.106499288158073
-20.660438480042533
-6.803653116613158
-3.632562204410504
-27.889031222904695
-20.06933276823912
-9.864558042351737
-16.202163475508524
-12.579961229749324
-37.01057497421192
-29.908802461421278
-20.805007891006802
-6.389467118111316
-48.40661407834977
-33.13516127685427
-21.69510110375952
-8.382900900776304
-52.12650218325716
-26.427677776664407
-12.671387869359412
-34.30733279078648
-3.780474753452869
-18.498378177991327
-16.01405908835358
-7.164749830042702
-28.044250243950746
-37.067503109448644
-16.69940079233578
-16.464691415020766
-6.23037082339634
-6.57106513503384
-39.145621829746524
-50.011188736169
-31.326495230149217
-14.273426302888733
-14.08027621196652
-28.83608091261802
-7.332460086545271
-12.474347251437543
-4.221762989243513
-17.122161636794036
-15.245916633406985
-18.353545946761333
-19.479603137227215
-14.273570129617337
-11.121218061049566
-58.57792986377654
-19.063441514997717
-27.948228206538808
-29.633349715769718
-14.333097454646378
-19.099490441135078
-13.2224650851434
-44.676784088286986
-2.4231381672065964
-26.698495890448733
-16.998025816772504
-13.176394170266086
-11.893220008359982
-11.088442860647858
-9.175733571244637
-95.44572971328954
-39.36173351398893
-50.85661758042226
-16.7411168701949
-13.157238024759042
-109.08739362306069
-35.212338360213295
-10.398776289204914
-16.803513594273625
-18.994872008986704
-9.503392624617174
-32.34617512781746
-17.470730603085475
-28.915078958534224
-25.489863618829887
-40.333190964000124
-56.18253111883714
-16.437488965657344
-21.281536868341806
-36.64399877103841
-42.12924573811106
-4.267136011714686
-2.986315647622879
-27.77314135044179
-25.16844029671031
-44.23773040940784
-15.699566163903457
-13.586196079183557
-14.253294391470622
-5.3055973065764634
-42.23095295408696
-6.318070127212623
-33.36927560790083
-48.86325278287389
-7.3005469649959505
-36.88528499981505
-32.938335376327814
-24.55332181742105
-22.178541434815457
-11.734610707473154
-17.93070232408311
-3.5833479691727828
-16.210846618397465
-6.435542837989832
-12.987554765689747
-61.50547858767582
-18.382170878616684
-20.842493532151444
-29.978981646992327
-12.790395169123677
-4.566065365899727
2.93792691706567
-34.91686889586895
-11.77652564624091
-11.36397475855063
-12.531748472451707
-62.11731220161296
-57.62517742853176
-16.030838464672488
-28.35025331669074
-15.153570588335588
-34.93952408625972
-8.412089781416459
-23.904207800126017
-24.700149096671403
3.723471552373908
-16.59489337193065
-14.550248070838915
-1.91567361909693
-68.2993712645696
-25.67831001616581
-23.70998367982923
-31.73077146723527
-5.084208889391513
-26.835465633706658
-30.715420886324953
-35.188270897632535
-13.485926103110884
-4.779479523308849
-44.95110746740863
-9.344079613823222
-12.517622758934888
-7.3850354001418586
-10.764834246915093
-38.21161759474697
-5.019911273313898
-2.0319179712129904
-13.974548227324412
-8.916024888134723
-18.093163262056255
-14.238611778704463
-10.345628238771871
-5.028929810901658
-19.721526855392835
-3.828348579093245
-9.854783675658684
-23.243055961806537
-12.740847066079384
-17.86386851793136
-15.867926547522822
-27.761774743485915
-2.879774437477387
-10.904695902922859
-11.142507204580237
-12.517981419758613
-11.627834107888217
-9.12454661790624
-8.892908368153677
-22.321094881163216
-27.395310902964283
-22.757055477063314
-15.11079313791163
-19.900070592442855
-2.424138131682574
-9.919368675007783
-28.973262057074653
-40.4275060071553
-25.62379121326499
-36.76303140418512
-39.33153508831577
-39.46404882786794
-31.028106538166497
-9.54808664165895
-3.3115485290223496
-16.444786977227473
-7.475480089339593
-14.629648318377507
-58.6631358225947
-11.122607557186328
-12.02893168095104
-3.5995239627115323
-11.747831323085345
-26.224073308177676
-37.1055575310242
-30.642746186976666
-7.580210066152343
-4.730379136253664
-4.927321100297921
-52.81968333763001
-6.629855041888057
-18.828026986488485
-4.096160912711626
-34.90038259686104
-27.922963733535383
-11.335800495723833
-19.45293321627515
-28.3723981180069
-26.203207173856395
-11.725406388997875
-33.10490098158059
-21.140639976852846
-19.042388975877863
-13.17249383959933
-31.9407966710009
-8.195084557578461
-21.425687773847752
-10.874427481140225
-49.934120755031245
-6.198421581889695
-19.51697553801989
-9.863663793742237
-35.634549355217246
-6.975083981734493
-53.01528839795496
-5.969097468755968
-18.57363301812199
-25.519587396843008
-30.375245454088716
-7.181054025409902
-17.406231151670152
-3.5439037023099216
-77.41477023695876
-27.805077443708296
-29.915524586991967
-12.699792660582968
-9.013511777740707
-11.263616939722262
-7.066233223092422
-6.001055115974095
-42.95497877365605
-4.444749480897916
-35.192418267667165
-21.516586669541248
-19.28723536655635
-11.681142593629989
-11.593420781481015
-9.088958451247883
-14.995850350219293
-14.902290525649732
-49.69073136039561
-10.34886902907855
-21.270848184684645
-2.938348366319694
-5.233397036890273
-23.18991089155989
-4.533223518720909
-12.012129361981506
-31.172517944772114
-98.65400552966021
-16.084731747487968
-39.08130495755761
-26.30904791700985
-50.93568482395673
-5.198717247794107
-51.91178100686852
-33.464595265684736
-10.327253377151479
-5.753368776302516
-10.576196902700417
-4.360794197147259
-25.539362686950295
-10.68290021551701
-23.365591574272592
-36.10740104029944
-5.361880591050261
-21.75200274460811
-10.421995242358001
-12.991334029100083
-4.2737772440070545
-10.987078859644724
-32.01956640594435
-5.522838362866466
-13.995964081587594
-11.375718537264888
-7.699618624311203
-7.735409052834528
-3.529412107668293
-51.59514020537904
-18.27759260874151
-37.38131320377893
-6.799362525614541
-16.87997712983405
-21.448994242635944
-17.42523729536937
-24.24173271523718
-8.743232688216464
-151.6437510869675
-38.58437956217367
-104.69483816231707
-29.017046223514008
-35.279406277626755
-14.72052275746301
-6.639532616014632
-17.869310531404007
-42.76572234709441
-12.70246590566021
-7.754437246821661
-7.374696874873948
-7.584089894939959
-27.638316527753272
-10.557843209056516
-34.636588137434444
-13.436462698405165
-65.44499367811765
-27.75330320281372
-14.302227286177148
-29.828624510635358
-23.98984878485721
-14.150203733133088
-9.701839071506308
-158.42374325350156
-7.216880833760966
-65.44825867637168
-26.45406683450751
-23.436143807257796
-21.881633780421826
-20.14055946170636
-25.46099344450914
-39.413457267781666
-13.360873906137988
-10.538760662868288
-44.91191384383779
-11.33769464044426
-42.992811529717315
-18.166460035385235
-16.944835558049878
-14.547583290156505
-13.812730470508924
-66.8131209312201
-9.431396875517539
-106.05739903531821
-78.30540764311915
-16.070670571448645
-4.7288033086758245
-40.30615012223797
-7.433176670819295
-43.21972043531935
-3.5023836905148826
-12.507988931050566
-29.459111238801846
-9.901033460684328
-38.01096636124975
-37.42692856325382
-31.295808516757916
-26.590119477694124
-9.000539337480795
-11.542935305481517
-17.453541769228202
-16.698783809070676
-15.596542830019182
-15.323745494780999
-6.846911816740725
-9.423956185575904
-45.16945930457098
-49.36807906716134
-9.965429886454219
-43.060603574154406
-10.241087261498162
-36.181296513982865
-30.346302182021407
-7.703678344637805
-39.60139862045571
-15.599858429459157
-124.99680232032698
-6.765725273471972
-6.775771401698873
-15.003246621164466
-40.92800392679999
-12.871472548571782
-4.4391226412244436
-8.184592414592332
-4.058286158422267
-24.831183859561037
-27.497921843359244
-45.64490830837135
-30.76316845125027
-8.037604009035993
-11.269269232264634
-30.746104621995297
-24.529097554100694
-6.993799436041652
-1.4375693903295212
-23.353248416401907
-36.661008280364314
-7.653682233101292
-7.935551554262143
-22.22948911189767
-32.3090772754722
-5.654656788600601
-36.94081848724218
-26.12850620772209
-7.0132667716010335
-18.912803879525804
-38.7116922162076
-62.948846026993955
-36.908871673075495
-55.277596336448454
-11.60927081948044
-5.398736865673215
1.0052682553715466
-48.02769090994497
-6.2791065841285
-15.81938326311234
-4.311595517427699
-12.601481719047804
-11.24464342154907
-28.655173596731153
-30.181279199670335
-5.459141664914683
-18.138814380180435
-22.640988890119235
-9.945604553805497
-22.70627952532179
-52.10267252929325
-23.77448076574569
-25.170485840793827
-37.41509551650212
-24.716934339861314
-35.2957513082714
-44.37507359773633
-86.87830047011865
-6.653751644802161
-7.302448038363081
-7.853690803276794
-132.00611670603598
-42.006142590198316
-23.98892541401224
-3.378494834440884
-6.122084801554592
-10.940850610894042
-17.193799503824128
-9.756050518673923
-4.331112186141899
-16.709124385072904
-15.65345552402459
-87.79134237526817
-26.11833233907187
-15.458344278760945
-6.842081068737181
-15.0937648568313
-61.96253483264441
-25.12471746505618
-8.370009880477596
-16.32543813484555
-6.076942192815674
-5.111136344592143
-47.33526683565029
-4.924995249003909
-25.557618400275
-4.781514522495539
-14.335817750018146
-12.277961868988328
-22.20910036739198
-12.896438777611019
-11.081771777900697
-23.549172278875922
-35.95110248943313
-33.165244083368925
-22.780528946777046
-16.254063031029382
0.7916681438937044
-22.34339467686263
-74.17542235955017
-8.634519536506017
-10.821756122322629
-8.560455545655588
-6.649266476093333
-15.383773223041812
-11.665210048292563
-49.74362153989694
-15.009655845005998
-1.609693687648944
-8.840609691176551
-6.802772456014852
-12.261992263873125
-12.570163150121907
-63.94862858526697
-43.81578477306319
-13.566504609010414
-9.329298787001749
-12.275163775642799
-14.976420720645763
-11.807081918940591
-52.96792707043528
-47.106757787375784
-4.069233219278922
-26.842130914966177
-8.83241270717151
-72.61591132322482
-33.23590013423279
-35.14431652411219
-4.894594368315871
-31.924928725367455
-12.46556622268992
-10.832975404294988
-10.397812389788744
-23.984081617022262
-10.51681376774197
-5.927853076976422
-18.3710426161417
-12.403824415731906
-3.014787921734485
-39.742984312801376
-3.677239921629346
-11.886301697782502
-33.67347595581328
-4.993220885035189
-30.609032538524488
-12.13705853103625
-6.778557101147191
-7.713299873312648
-17.155750172460962
-5.742062846135765
-3.202816530764882
-5.494376511714605
-14.446547145441306
-1.998958014089122
-53.30715652234944
-29.032875252168626
-42.39988982579158
-17.88246068381246
-50.47873179483167
-11.155719452551136
-26.645754963426064
-15.154576498900585
-23.686822851852803
-12.959480486665429
-22.583996799784938
-33.928502114716395
-12.68533137829763
-49.64108656485614
-11.416509334728884
-9.0959394961922
-30.701864673527965
-4.773664447118535
-92.11217449871505
-6.314513321005374
-1.7884864120080832
-16.96265040276322
-5.507812846503468
-3.834153086001713
-23.491957738394035
-6.096551940600618
-8.66158634858971
-10.518752085600974
-5.77369361439147
-3.188683303358053
-15.174058304012355
-30.56935589381429
-22.00632247354321
-50.990880286322614
-7.018608526084206
-18.900145454069442
-26.71592464125015
-31.364414529977505
-67.42979118614494
-13.248409134747034
-19.973046081079303
-21.536735324635085
-29.430079281150636
-28.431136706696588
-13.634012373472371
-8.088637984208498
-40.86537113283632
-8.25380595409693
-4.898796422796033
-26.03458417156805
-10.109938602075317
-23.608598448946363
-14.850207868569232
-54.94616107389017
-79.98262499605677
-19.137861978709434
-13.624738240921845
-9.800593478705126
-46.21856614595816
-123.51299318305132
-5.961725747619069
-14.78404662650788
-9.394620286777426
-22.095475264026696
-44.28789745720613
-35.88162409440775
-12.009414417744265
-7.798568682616115
-42.80376511088655
-16.623914575452535
-11.48259140686335
-44.66022086468113
-9.18800347192422
-18.04392532674524
-21.654020503867372
-2.688567698942601
-24.8250454515167
-11.915975786582651
-9.113112047108725
-9.989837658906065
-15.647423181230081
-5.116922202853215
-8.992061943340463
-7.515055759373729
-16.09524033692235
-28.151106038762332
-4.56227330895312
-23.21478429825577
-21.20890009625276
-68.50435890856701
-12.496313536733297
-23.274207109233107
-31.21458177023731
-38.27367151512117
-17.122294206862303
-3.8107656320909835
-42.63694063477734
-42.41380225902858
-6.589994194751169
-12.498889439800205
-8.03364044956449
-12.067428877059974
-33.62830468423027
-16.271911596032098
-7.220954691676791
-13.177925967970175
-19.707759336485577
-19.810554463751476
-8.079292893081348
-75.74355610610579
-6.514733004495857
-8.364170557042955
-8.244534662630054
-26.709075445797158
-12.642357928485238
-20.77071456247716
-9.523118654541639
-18.91087540686038
-44.628060078734336
-44.299304808466616
-37.25445362104191
-13.27289100955108
-16.964654468947877
-53.416073019635476
-10.967785450851377
-39.57935296371277
-19.50156774268034
-13.87291718139154
-7.799027636438653
-78.70615780923943
-2.7594778124815362
-50.95821926648179
-13.84066422360764
-33.772494457616894
-23.34698758770614
-8.1226278910312
-16.182362761584983
-14.385901783991919
-15.864202426348148
-15.202652478902369
-49.81585104503416
-7.424318961064564
-20.64145112999543
-100.00612463503391
-2.3215673126100524
-21.734357944231547
-18.773190426562767
-13.848552466374766
-6.3353624310239045
-46.15479137402674
-12.173997041158795
-46.668366468141635
-3.8309234081764996
-32.632685416427364
-4.663470692245467
-10.13795355645724
-11.252005879406193
-34.747245688804774
-15.908420013837832
-40.81180384238494
-30.7865889441572
-44.230390021644205
-34.10918623567021
-11.273783495665894
-22.028534748719498
-54.48247706806712
-24.52552516678703
-1.4874811051228474
-38.294786456414826
-15.276470494139291
-13.883434105398154
-11.77471237476543
-5.145478227814381
-8.742223548875293
-28.07218506998086
-8.908611225981366
-64.89272640569399
-17.75597094239672
-12.996867183795764
-16.130540849583955
-5.404907119579134
-19.241493289286737
-36.30424297673721
-15.485475801718167
-16.017231649213837
-9.426238852122644
-19.717874645463176
-7.708419765166226
-12.18002905489417
-8.995829033582211
-13.673623159564324
-14.798061849325196
-34.103478431344215
-14.242713327862464
-10.539599840279276
-83.56277184468823
-8.334948427115089
-14.47600840931425
-114.85139581374263
-9.769107931928078
-18.49404189500355
-6.369208487297476
-12.962697273737232
-9.94730412952668
-45.228674844363795
-32.71812860019689
-5.149139217669971
-33.35714391267356
-8.800951515230746
-34.454048711292835
-26.94050538888532
-14.612791315829213
-9.94345291168263
-23.910668184931627
-4.7014775178438635
-6.538242744309877
-11.75960050798721
-59.84239697666323
-39.856580842651105
-26.25076549562659
-11.426168371020728
-11.248145443216007
-12.59417306558956
-20.81023060165916
-18.748262332841808
-45.97393754660177
-20.223744111627546
-11.576393152741595
-11.119420066905448
-10.407860191823936
-14.294941303234149
-90.64437805133134
-4.0766238301958335
-14.585637121240222
-9.192977098576753
-18.224235581013748
-11.505648140103167
-15.499354858591232
-13.887679810716508
-7.985590469641154
-16.59127877517882
-15.040705265292903
-4.421324598160407
-57.31225750407402
-58.656656281570065
-19.0515869754726
-29.69408303762045
-48.30408213551917
-20.638650944722094
-35.3577537107315
-31.82527032325096
-14.301694711330496
-17.1610523945725
-50.67380979288488
-3.933145520306207
-12.870363794625051
-22.325269248185275
-9.515628900521447
-16.536994580709123
-8.201585494463004
-18.922684462702282
-11.279615283695366
-15.686421361461695
-56.262514910207976
-40.59574901073101
-13.345682743992647
-0.6734506872314148
-16.075633562859828
-35.88880446738261
-29.771862574323965
-19.78291748624784
-29.61574112911824
-11.557419493250354
-9.632440286204954
-5.079461545878794
-11.488639983240319
-13.188434992030993
-39.78543861595816
-3.6323976967683627
-79.06248899021699
-24.3863623440284
-17.870154467698026
-5.723377512470861
-10.661202741006406
-9.36409348448183
-24.534009268210877
-10.714856746797764
-12.832776646233233
-39.0998167374447
-4.726926002574054
-7.333519563542286
-4.80107521056011
-7.420130574240826
-8.44655467159908
-16.817954261556185
-61.81379889362942
-20.513213594248185
-6.117344203725825
-19.998823577685812
-15.980596238477732
-57.696171135285134
-61.66812471666838
-10.28492566697306
-44.41043509287382
-35.84687847026425
-8.084818650568048
-27.255048810972415
-19.900578904054193
-1.3273989999288567
-7.7492662710213605
-31.830836944261474
-33.23437334716729
-11.309437184088255
-41.23197401857222
-13.104984800429314
-9.345513062261032
-58.848145513983745
-17.829998541248102
-11.68515667773727
-13.945575922114363
-14.44751202145757
-48.58025154254323
-15.976604567945165
-38.63281914550522
-19.169461466113773
-12.916882964334198
-29.923529700680294
-17.742970721885275
-9.78449811443884
-30.004178281700025
-13.785837937010463
-9.331522289327722
-6.102435735989793
-36.40101208475857
-26.964682855334825
-24.888175400929008
-51.13815212905022
-11.020206139897876
-4.017379183266098
-32.945805743149954
-23.43480213580665
-30.38667503875668
-21.44480227263849
-71.90937733101177
-46.561033009711316
-58.22156577418806
-3.5448350039858716
-14.41136485727958
-18.009249665538864
-13.340545885507623
-28.04428586812586
-27.249514004753667
-23.625823801585444
-19.55709098941282
-9.423593254541547
-54.83563044442127
-5.517421982558216
-12.894906710304202
-50.85899577717236
-6.479967106167726
-4.436840671331718
-12.204173573051925
-17.68189079175189
-5.763183023976271
-21.904271169526883
-50.52259602973435
-26.9927086012744
-72.9763041092245
-29.572112397892315
-7.66359822389783
-17.335232340147684
-3.8500409720504125
-24.379374635165238
-64.95768549844192
-74.67859531876127
-7.868983299917767
-61.75935252751365
-14.457467512305918
-9.309723852949606
-38.490241964440365
-29.37285979522047
-26.073148522897082
-26.4375307018854
-13.797497825273034
-1.2288645352070822
-14.89919991281513
-47.485578622792055
-7.4236955380278955
-7.2608042621674835
-30.845267253054498
-42.338767429902234
-23.02216855045239
-29.993573444093613
-8.685009496818003
-12.154039431846723
-18.793676818541325
-5.904519302951539
-69.1915990188254
-41.490488503410305
-20.158233819335624
-16.802249089022876
-9.882881641513443
-15.124871302008033
-40.57023557389863
-8.489547201145365
-34.25261551852891
-37.78390443751392
-31.737657492281922
-14.699051429423935
-29.072316727428696
-66.22898168400478
-16.79788112277998
-26.52922756371404
-5.6657525931330195
-46.7782045629138
-4.6976994473443385
-75.63042703856323
-18.5280761892941
-24.852931100226968
-15.33838698935905
-20.606227696612873
-16.202862370552527
-14.1711465814036
-10.371881248883795
-13.106533652375559
-18.65904036092716
-7.651081240042844
-6.0853423070006425
-44.046519060063424
-6.374893955988163
-36.97183669143386
-55.10902896874682
-18.13706400936571
-41.59377433798055
-13.67906026786626
-11.69879318979501
-6.058682002567304
-13.936122730536308
-21.066106313467728
-10.437226396131475
-52.00539234110098
-5.923723645690026
-9.105283597809686
-11.345592382587826
-2.673285484664975
-30.07280076986018
-3.4462868256165278
-34.57733011490807
-66.16047626770968
-4.109715671793465
-14.986081854704631
-16.212111392717333
-6.348696368988827
-30.0139405760376
-11.006107456870888
-11.913358157875296
-91.05411358649941
-8.689049594343317
-62.14607436890023
-8.396858375795844
-12.793737396117944
-19.196489599767606
-12.173758222418073
-26.557886590202042
-18.167862939591245
-40.66114039265772
-38.659403146117015
-81.52809349824547
-12.748912362991565
-16.771732395980383
-39.1366456533349
-19.270876866066185
-17.241590421573406
-18.65323248156205
-25.349769539900837
-17.345562987518633
-77.49065908972882
-12.08967241424048
-15.70161647725325
-21.62531347950434
-40.17926645095636
-8.482824084160786
-1.5739276076310038
-78.25773139377098
-26.58796567501917
-10.728922403600803
-3.500877842970531
-15.657350661736915
-76.49780707037489
-12.787214674298855
-27.215850295031803
-52.73669160778915
-9.414046637067726
-9.268977298710368
-51.590032143997995
-15.463327720940699
-6.629568298229732
-16.6966825582565
-24.023833584007427
-53.98173812733234
-11.525761918673641
-0.17639764475942032
-3.1865936217985498
-7.414534224166706
-15.527516337646249
-10.960381977073341
-5.0310457692498805
-33.576570763913
-46.56387141805663
-37.667726112830316
-7.537030744740196
-76.3694101111913
-9.513439609713805
-10.602732324788482
-11.098964298018135
-16.911298699954912
-5.859095088754177
-4.443815441151689
-34.07937060375491
-27.209613573661763
-10.69664600341094
-9.350682705242242
-141.57934919802463
-25.077149834593254
-21.76185742809309
-22.765588486347383
-16.87643004010809
-23.569540079876436
-138.3272242058132
-14.484724856879659
-31.428286209821167
-13.099267920400923
-26.75980514943105
-6.822607612272968
-11.37091359180833
-29.40008953597432
-25.434519419753578
-46.088673747048325
-11.716130546363896
-4.347467354723332
-78.48875855432235
-25.460250600513685
-41.493857721661705
-27.387879579428986
-29.597239828062126
-14.709284509574866
-11.34399433009294
-6.891292181804021
-51.9606377498655
-38.05245280589617
-17.809745032977524
-45.579951772338276
-5.011670446233378
-47.00915681650062
-18.29262419161799
-6.1574093159039
-8.14639144449472
-19.933311052223274
-5.942306613481046
-27.648127705312515
-19.284703817216382
-17.137086878275507
-16.806849138949516
-29.15899876968461
-8.793917823819392
-17.24003131632233
-17.299038337781717
-14.225756266761838
-5.298925457794113
-25.954818032491428
-22.08730326671984
-9.773011566378873
-3.644156627177254
-59.1810582593344
-10.849418855838474
-6.916220564360426
-33.57044488600418
-33.00207893539474
-4.549014143367204
-48.24373149802119
-11.777641403489502
-8.618812110638846
-5.665220029748069
-7.472507963453265
-4.2289003123766005
-12.648227952981618
-13.616479995035524
-16.630602431566704
-40.68760884068603
-12.902597794980053
-52.19360078665523
-7.5758526025001185
-34.56884088807238
-68.25529032339284
-18.969645512522614
-57.46665122253177
-17.68341815482247
-14.645772011739
-13.232780065091486
-17.005502923015527
-18.560245673892858
-28.268888702077334
-9.570550156298358
-10.907573897330854
-4.322706540019236
-56.121252098276955
-151.89024575765552
-8.176638963347528
-33.4296389976609
-5.474228905230382
-7.8337352264298294
-38.164265794538345
-21.296818874578335
-26.072387221478607
-22.894762327735968
-74.11965175038425
-2.740411233896787
-7.27364539150278
-20.991848655412948
-20.779570815087826
-29.109171652553897
-12.862602462610697
-12.844433944280436
-33.74619085266512
-33.784502660279394
-8.463596087923408
-5.4701301551593176
-16.287570164774586
-23.65835229399564
-2.6204247231530964
-6.366787847446901
-14.655145305113452
-12.150924432884388
-32.352874243004685
-4.558643140693943
-17.50179050979711
-26.298067359753748
-45.25269689955836
-23.37171086604762
-6.215563152173237
-21.746055236368253
-33.49096971887007
-43.51838637157925
-33.968516493897795
-33.87341001875654
-7.144068967219525
-42.39684157027375
-6.031342903180553
-25.745143400841243
-10.340394373196718
-29.856172582061266
-33.45124387479994
-0.539373615641097
-30.83234176654661
-17.25700386946739
-319.55970003634366
-18.830149385489634
-53.55352032852802
-4.574550273579175
-10.656423619713447
-5.633310377158342
-32.19447175131664
-39.147762919040694
-67.169800642252
-31.740380854217392
-249.8813715756508
-14.634175362960743
-27.68453388808068
-34.370174036755714
-55.98660959313878
-21.172241995085493
-16.388558625377783
-8.72612221453334
-15.212537196621188
-24.62716932417697
-67.50371066857603
-19.02802704196308
-10.173569716392263
-17.35555748271223
-37.747534868308115
-14.325901185465202
-18.551719870181138
-21.95656278150255
-9.737190183126309
-43.94726124218698
-1.597211177537948
-47.24516116841751
-10.701812318547738
-8.578677247164128
-5.6087705328329776
-14.379885951587626
-6.661527297166841
-9.345629292077637
-124.66543193668325
-25.118113723996096
-12.596731116106264
-6.8699905337165985
-5.338794320494004
-45.66411294099662
-5.965688923247645
-4.256919785227165
-9.158812678777869
-26.550400857945863
-13.243264074813268
-4.898796422796033
-19.05768350050495
-24.73973335071776
-7.667449268118759
-7.448461910812269
-34.08683524232226
-35.72262581615258
-22.175398707244753
-10.225492964262278
-18.883470085352165
-20.915739847612787
-10.473616129684837
-7.676925938460495
-8.255781928288881
-20.136939439099017
-11.977707819386273
-50.24668824944858
-31.569930056829453
-20.61005631760726
-32.15121806563956
-2.9887252423934463
-25.360547174155222
-8.254119259460815
-34.17330356980644
-15.704528755985656
-17.444893144225475
-61.78525261013957
-30.07357095934918
-18.512878896926445
-19.67014767675183
-149.8368541381958
-25.265674556157858
-8.74591660849528
-16.168029885937884
-20.593038145607917
-12.97277632534097
-33.43608223321053
-4.067859455596648
-76.94062075642083
-8.200484218248679
-19.719778293360584
-16.31436589683477
-32.052480939085235
-44.69714623419313
-13.37911591586279
1.2045811376540863
-29.678623379126105
-7.423008338127996
-19.86583855196849
-3.8994205452551105
-5.5473674736062835
-8.04567148675451
-33.35652275505529
-10.558255787851078
-58.48260202444564
-17.288688938277883
-37.7016203545958
-14.941372393555584
-10.334029776666187
-64.26317516378612
-8.776131740586518
-13.608654791712345
-9.783972502308856
-2.4500709127875195
-21.290600368829228
-3.138183350220461
-7.891073582746619
-15.416005127305546
-13.336815434125613
-23.449516228133838
-22.57622678853387
-22.812705509603475
-10.314649978831065
-8.03969219331882
-5.477975758591193
-82.01255894710764
-15.876482665682431
-18.407832602324373
-3.801546721168551
-11.683354982415299
-40.70527074717336
-24.76965965683945
-8.14362565827343
-29.17513652101939
-9.455873531722851
-30.556337819683986
-11.77939198583845
-33.978206553364366
-6.0907988184843385
-14.679543608561506
-18.93432063689322
-69.66054178080715
-7.152046040233876
-6.631755784375365
-6.012885397084152
-17.2646589987029
-10.373878009967521
-12.224131242120846
-20.499672831559494
-4.3664221822513305
-5.615696459645102
-31.3417756180442
-16.049620815403816
-25.990549407282746
-9.79742201066296
-5.37296081736375
-5.719002523851613
-9.599232746632222
-7.437940437698924
-8.605518584516991
-21.43364065971124
-11.274979597988052
-21.606979818775038
-24.697866760040537
-15.928603087615821
-11.552821016952109
-23.915782759137592
-37.95164694446872
-31.76011548718474
-67.57119029212413
-4.729288739555014
-25.237951384038276
-65.83621888846025
-2.9273042411773593
-12.867298883556508
-9.503034936162209
-21.012464277147764
-10.444736957702633
-16.190931792076928
-11.110640950631398
-15.360715311546599
-41.12782355275006
-25.937318257891913
-6.941616688577965
-10.839448156019717
-24.625997393773783
-29.855782057216114
-12.391608454908573
-19.44718031439198
-80.38232136017277
-29.300208179973364
-13.438668658594455
-82.54179267617
-1.2294614645739774
-10.395391253066665
-10.041639617363396
-5.208376635856057
-5.844546031182265
-68.46547540851796
-6.961256875106665
-24.584551796810093
-42.80279818739323
-75.66939052195825
-91.85779037881996
-22.163050368970698
-17.276812233225574
-35.27531298981126
-7.649706525585245
-7.830096437143826
-7.8137508871953045
-5.468174646417344
-21.13561481179205
-3.8427951349208334
-24.634468630139907
-16.61611996167062
-22.5582802248488
-10.733580233652082
-8.069208321665721
-25.71240034310732
-22.09066692948567
-28.812611184459133
-3.083086999704053
-2.24996260195401
-92.54186794615005
-51.959563822364416
-9.680892307793922
-5.043506024255999
-6.651900059537002
-30.61290956984811
-5.1140655261900925
-25.097585066433073
-7.788977562033755
-32.64329951276571
-5.926304180582898
-1.8928314558920785
-17.018017327923804
-4.8360468368023675
-9.435428912235588
-45.43299300298882
-19.21171124203222
-62.40503801083719
-16.5948341585925
-17.451418874108292
-4.882606542988
-33.49019329048502
-6.482411737477584
-57.66557267674392
-9.184234417388014
-4.297425250785027
-24.769585042487478
-24.850164147969114
-44.214334988751524
-17.323880834538702
-75.10404455740986
-5.42563724702387
-6.279096373227018
-3.8339328915316524
-8.062920521787216
-14.295737409342376
-8.248328949285382
-34.69194168596303
-26.598189395841207
-21.383953842568445
-17.85538501556487
-118.28240240998672
-93.27442958191183
-13.977051093431976
-11.061391834691424
-4.985457736283356
-24.526635931353347
-16.03733119039281
-9.47821558462193
-5.411867482044228
-15.253077651943322
-48.83480384243192
-54.07817109431636
-9.758312723377447
-13.800881507371383
-5.696018285226467
-18.88026227822191
-63.590906123331735
-11.805001326003548
-12.459218155055753
-17.87876271528961
-16.612710244531804
-24.204316846323195
-40.48087090620267
-44.40955317742664
-28.040635700470784
-61.86052643841008
-6.676504049336141
-19.342257901207606
-40.60601171853914
-22.282980693602493
-5.362993760410215
-29.754665372866942
-6.550988608035495
-4.977017665847645
-6.920663556668446
-5.888795741626148
-4.7314818460839625
-25.622773654753853
-26.304447619792583
-2.111928829968802
-19.947302078931504
-26.501526407412914
-9.544000207613312
-22.462216183291563
-7.326133268852758
-17.003263592882604
-5.043604686486148
-5.141083423594791
-61.67767852071183
-21.332443984633436
-21.812213866777572
-45.921715122663755
-48.82219656822736
-34.07501217248996
-19.101227015323314
-8.349561673889903
-23.983278216525765
-14.965795183597388
-75.65269223006867
-21.682146210203683
-22.50051209482114
-87.42374529726861
-8.786051696413047
-16.690738186627076
-4.7603316729444884
-22.123001431046692
-11.126776381804635
-46.61224620642722
-27.532546866683234
-7.847139891730779
-22.045636955859603
-3.87316653388638
-8.700528050355954
-24.78961239136013
-21.277766734298048
-4.197382858605946
-35.08788731059352
-16.77934834493374
-39.192693361745505
-11.895807168648119
-27.30478228243385
-37.727307055499445
-39.08483325473374
-39.976825882861874
-16.634144701813803
-6.752059609859537
-21.725390154161648
-22.984970686483045
-11.20578912600208
-0.6358349223775762
-11.349959683450656
-14.075237225421086
-16.57664007849608
-6.218922362777282
-6.631942712527112
-107.65026425857883
-14.138728921415607
-42.511938763616996
0.6952688036582494
-36.63176293240963
-28.93864966712902
-7.420765117109045
-28.72015508380347
-11.525989505648836
-17.92157493872251
-55.80356535065391
-19.618819055622726
-15.597382706845279
-5.595845631717134
-1.639766339015315
-5.347089587713899
-80.79062418373391
-5.147506027820563
-7.673712939854746
-39.130449274527486
-23.40960237081597
-13.015747572812478
-43.36150964266447
-24.607645658249364
-3.0795640880221287
-1.3762294645157673
-14.314318026121237
-3.086171904282874
-32.02150965779409
-19.73379954255376
-10.550164570919344
-6.374064578311925
-19.763908640270635
-6.028554223954996
-27.679067092466425
-5.200469921411381
-43.31576184303549
-11.10323733629769
-46.38258521515122
-26.89295032768354
-58.106060046102876
-23.48601810315792
-18.347063315191512
-14.604023873322333
-2.8507911748496344
-9.668789880869403
-24.74041439895502
-11.255987339070556
-8.228470369973623
-18.10150800260544
-50.64072269285436
-35.88783917128544
-7.600248544933868
-12.585741201660712
-12.323759437130203
-11.611422558161937
-13.205981155262899
-16.322835058377958
-36.33480036198021
-13.906360660135322
-23.11797649015678
-1.4961110939293365
-272.7857693859594
-7.159054350761264
-9.347238078571374
-10.450839793022668
-7.902341458396105
-58.55078316277935
-23.04863529760329
-23.8636023014125
-11.713453164468973
-23.37894233012608
-12.408897129081454
-3.9539137843348793
-3.4562175090099028
-95.5737230604845
-98.57437844467611
-4.575686761036158
-11.732280619454693
-116.94946280190744
-24.471292516816867
-12.19800595978566
-4.187537627115517
-13.147190973330607
-15.114805643470481
-8.555294293198653
-27.344061183303314
-6.216162680524057
-31.78051150555835
-9.70235066304083
-12.753207700275205
-5.744550666696998
-31.279202788138175
-112.80852402649329
-19.469837944502085
-11.184719994199384
-18.697402487532607
-6.4355683892463285
-2.6361716969306372
-16.129157847074815
-31.26340715439488
-22.208706255773983
-32.047654938442456
-3.106928608756056
-16.635912339645987
-12.072977377642491
-2.8202544928683264
-21.319453769613133
-17.89082909137488
-38.85189032044283
-3.7173125597847685
-28.398082263365037
-6.325500132048428
-13.757707429181842
-20.17107785492368
-12.789566459345668
-27.41780978942217
-3.108233160640703
-27.553480241777198
-9.798670828823928
-11.632982863891584
-13.803320256028217
-11.158242668038728
-20.066432016325205
-35.72322252094961
-17.776938753086355
-41.391072833607936
-13.269542841530042
-20.971404749191006
-3.4983170039994964
-24.92199933369118
-8.594095654281912
-28.337306521021063
-48.65482593570956
-10.255773581045846
-9.35064334842315
-24.424266732444295
-15.466650222849218
-5.871179524368069
-29.088289148504426
-62.990538810463235
-5.969566187497195
-26.534714601831123
-10.70306342075279
-14.021389100322521
-11.6473495802035
-19.827781776147003
-38.18075170855176
-40.383206431667475
-47.14255954152335
-28.909735558737022
-3.865139448115611
-12.10278358878514
-10.982440182427887
-5.888736315640005
-3.562469276977125
-2.319837992953627
-58.80172169623065
-31.784461362401565
-19.30749267303282
-4.490976890042693
-9.926884054616849
-19.43698330698883
-14.986296886732784
-14.334443984415802
-24.798289785873084
-17.82950537201028
-24.594139976318075
-18.787134109478206
-89.48686179273835
-36.64796913028923
-23.626033482626553
-77.75376418177996
-16.246074769258406
-11.451463110794837
-7.782348311952101
-5.3681293090167514
-16.92270574262341
-11.78216184576915
-19.185154506371127
-7.852833017273774
-16.95703000909064
-3.121544505210473
-27.96863437979051
-14.910993776825055
-20.927740348051763
-35.19838647425062
-20.757841358654044
-43.9802566915988
-11.8954501932216
-17.767329855164608
-31.435302966413527
-27.594024548523738
-39.09425285534936
-9.569924898423238
-7.683110357605707
-16.118365424894495
-15.176655652187534
-26.435350224021427
-62.4588553977986
-19.725547900998524
-12.791238584048411
-26.204618469881613
-37.37243613125431
-20.735972897530264
-28.635161846449204
-47.951963089446224
-55.352177346525615
-15.48230838326197
-29.434060598397426
-30.6942804394079
-25.852561536461156
-19.78884010224322
-216.1014799046765
-9.65745482717849
-20.049929929637088
-13.454265617070083
-55.137843651206424
-7.205985539057087
-63.37645378513654
-7.6069560576619395
-78.67682493227655
-5.740890826205303
-12.107158703573
-8.929609168305067
-9.793849215974191
-54.653098184281205
-36.25468166340887
-21.45460321190445
-22.396194060245122
-7.3804962042405435
-11.05156285721031
-34.20517438014882
-11.110604399810947
-2.8269984879237704
-13.426189042205444
