-7.0841618895931155
-30.481478083358976
-9.637711195363174
-3.7417821842122216
-12.537477852013547
-10.444817802213796
-22.668186092543156
-6.780761069825485
-12.700250286520072
-17.89854509485721
-2.07933503212425
-9.279447846336941
-11.383569782651348
-1.5380259766678261
-7.182141539985847
-13.720381022223613
-20.730631936397202
-91.36054200891942
-20.669362539671837
-8.912206639053675
-18.923198040452746
-76.89816876275917
-8.643477425743441
-3.988534313601307
-12.302531462794324
-13.576761801960403
-12.11803496189159
-10.510626751305972
-6.304069936130981
-24.016097327376517
-23.09812864153476
-19.002649489350027
-8.411382615116029
-81.95289309312226
-10.17979274857768
-33.49981518945336
-6.539377122701779
-5.639742973425781
-13.68635957967988
-29.762432329176427
-11.09953178341494
-24.16494290336788
-17.85319004029925
-3.2322720512030205
-3.879618119103895
-20.644076135116737
-4.6662062499751285
-31.039273809328883
-7.873747915422024
