-20.424179126018895
-9.622192783410537
-21.78265688051027
-18.34876100117189
-5.747770017148313
-4.527236140094152
-4.485919061111619
-5.703226828058869
-5.773087240411584
-9.327961344084386
-5.157446778215811
-38.509115008459304
-5.044722467933256
-22.07460704628314
-13.022554731069055
-3.2441821392111865
-1.3103934705672764
-5.338508760962946
-3.214217875209572
-5.266164877072027
-0.39876088279215616
-5.605182720915068
-11.660268064463859
-4.52573711615895
-17.864093805798316
-49.83891001998338
-13.177307674388382
-5.543200552892484
-25.94602444638269
-45.09454042879557
-8.056595846989039
-0.9806276440279167
-12.753166459160363
-3.350844129991937
-2.52332016796953
-4.834330497618193
-3.652548034196303
-15.470626693335632
-5.088055481609166
-3.750783484479937
-16.34129316804859
-32.081334458344905
-7.201532498221132
-4.78884974451991
-3.2322830650385104
-15.847093233188499
-5.091762451243576
-8.160655024683116
-11.784227611411234
-30.686876349204898
-8.147079421484067
-25.5783001048152
-13.244213875222718
-18.585783648070812
-26.69994762202054
-2.6378987723833083
-29.748593797013054
-7.3703944627696165
-50.03676316083185
-16.904769522960667
-8.597827136931864
-3.933982335900033
-11.287214209959997
-9.37356375700294
-6.249165321380379
-3.281101150965009
-31.905662788053192
-19.696701166975853
-6.278723023657127
-4.16019230942171
-1.482550260002786
-42.61559939000295
-54.41169467088012
