-19.26053578462847
-10.359339122786572
-52.26647537937984
-120.28153522065256
-6.801938410471278
-126.6855218482937
-98.51996534792
-9.683821692032295
-23.136890459642775
-13.484206112658221
-8.257651904303577
-43.1671265022271
-55.194595754945496
-30.72530991534431
-4.396294444307808
-36.728160151947954
-14.188986106200494
-37.62611775699002
-46.45981914136504
-36.05413078831881
-33.73309580301191
-15.604452305318334
-16.347142367389356
2.791763341942072
-35.155498542341086
-19.739026038065898
-20.48460597277589
-20.599413848028053
-18.459088397473902
-82.00570084265931
-23.362601314560713
-42.73366086360309
-16.43485311960575
-34.09934409741541
-40.73849754825712
-65.98177088806456
-79.78594463976219
-13.702448273637213
-48.91827093976203
-21.733837735432953
-56.14681985904167
-46.74907873114944
-25.358313278578457
-24.956395695131327
-13.54056329447117
-42.57548569947225
-32.24072446431587
-4.750830875157785
-51.67024080084098
-10.081430319820468
-10.27672837622325
-19.28259538775245
-57.93007620295684
-56.48757698083688
-16.02647018374747
-16.219876869114525
-28.742624492224206
-27.99414512921138
-11.00196910371216
-17.087036813535693
-20.816352279484725
-32.33921642129549
-7.024699018577419
-27.708898123277752
-45.21293567850288
-37.40526994888007
-28.936629886867877
-12.540879893043343
-18.194352940617456
-43.29229835758715
-15.257977796448396
-39.03450431292733
-63.593538069788444
-35.32815238717316
-52.25148033546255
-17.75258299356458
-20.331701602870393
-15.7227255672273
-33.987934805983144
-50.361842503038034
-25.624062258646248
-33.93999044377597
-29.465283302207194
-63.9479799452376
-20.229352456255413
-40.34524453815471
-6.870135630308942
-21.147357547556734
-24.803662770163637
-12.092254045925037
-44.32021195139395
-47.2941524104759
-30.436199471119433
-16.032778978054818
-33.42466994619692
-81.92761428647985
-55.54509892722437
-4.1446117688414645
-60.68426450308231
-26.547712721624812
-12.277047798941819
-53.85635761628954
-31.616733277176394
-3.31446393738564
-12.525543123596417
-17.651206397901284
-83.75342033192598
-32.13480422488945
-47.70469086999874
-14.430176209079251
-28.65417201969583
-52.23994877310462
-60.05795961058702
