-30.657367498362607
-16.306275354154412
-10.690697580794785
-7.3774678764321795
-90.27494143520953
-33.51803920835789
-23.73980147022753
-14.15616295396832
-2.2747367372739498
-15.75418821459587
-92.18122416029227
-42.47021202225298
-11.09501384920871
-43.39032686288297
-68.02890755173708
-5.782187571172858
-20.675690103052325
-9.553058532953544
-48.018282981108236
-30.122100807700406
-9.533252238395196
-13.755437699714365
-12.96421049482041
-18.207831327719365
-4.788469107288093
-22.313508141463025
-17.166523339315443
-117.6796141664243
-8.17328329268428
-17.3074240674276
-81.45475746500477
-17.699650073504756
-13.129294854274812
-19.16439071207892
-35.85552871109194
-12.335710748638038
-10.006740258073066
-4.006670551787854
-43.66598751360684
-46.38262711035969
-28.148064811944362
-4.1617999877708005
-82.04144795998315
-19.369591377998933
-104.27445319529802
-31.787660385778285
-22.161154112771456
-4.17236104434949
-29.919034658571075
-16.445158928008496
-28.50622834917362
-11.240722703045032
-22.032443881686195
-6.166055898195323
-14.060609984760637
-25.417638391976407
-14.140964174335345
-15.381274930269397
-6.219258584415587
-17.94278204062417
-13.0062345373748
-14.964188451987038
-68.75352442842014
-30.282435353631303
-15.145587872803997
-2.386622576076267
-55.59864659695379
-4.033765963026471
-56.92058108958519
-15.08629814272712
-16.96369181724474
-8.921563495417022
-5.2729413179842375
-4.704167736423413
-30.216337269687735
-15.307622588095242
-63.8693153065659
-8.222669860696993
-39.650300657135155
-8.509773973517985
-7.084335542581894
-2.8157364593087504
-17.079938175963065
-61.25015987383711
-9.371795495406861
-8.956829702276254
-15.084950884652873
-1.582961496071967
-5.249438815244037
-28.811124811710766
-28.262578902481106
-11.990914829673141
-24.609780497253297
-29.61195759320582
-84.54540967324164
-20.30522684383279
-37.04658646136763
-39.55709861016813
-33.50602063547851
-31.007952949305807
-21.301885573980744
-6.960454255164292
-19.50548419665039
-32.00892815356454
-11.9332167025986
-6.9102118976756675
-27.64653209734389
-19.15040164146458
-5.866671597222843
-24.50967363876807
-15.314242899482837
-29.65378040580867
-23.916067088952943
-17.390006406630402
-92.44196006507863
-100.99541080726824
-22.540632043587884
-59.9760186193285
-41.3821116417296
-6.882815947509522
-30.125686900570216
-30.24114160851428
-38.798859275374
-5.199761696600955
-45.3679384625928
-2.8921374952498167
-22.183832052209745
-87.43557549910514
-14.09676430112702
-25.492214448954993
-2.2943734864245386
-6.748804391511904
-53.44927066717254
-11.0759562903286
-18.954967366633625
-24.712009901618284
-10.489838574260242
-7.605171812192167
-6.496600621030256
-12.751706404111042
-39.71920143306053
-39.71792205836175
-7.8066100024378695
-47.045322635498046
-15.794308263989937
-61.18855784128341
-14.349381872037538
-9.945515365397446
-7.714134857531702
