1.1494968534906893
1.3857487192186178
-10.008326045527578
-8.719889747641497
-6.509741509842881
-10.32642777855217
-5.454843256719589
-31.78042680187576
-12.731259813503453
-8.358126375250945
-14.625639390285446
1.7649762009029997
-4.490217176037166
-6.839337768504239
-11.843287459559827
1.358837104983896
-2.8060656169488545
-42.15924278171303
-17.069719196426345
-78.92356612453634
-11.376642572802044
-8.778676805107265
-43.41197271869415
-23.614757874858213
-18.982628875977266
-2.036216211743682
2.2802776749161024
-14.658657434042683
-21.534284796032953
-1.8490999458582693
-5.1415851821474705
-11.417519018411735
-36.167723574502844
-61.541535253328384
-30.49335824971743
-8.116553279467354
-7.088163628633453
-15.96399300483018
-43.24920603552301
-7.601514661826776
-0.7858740626808561
-35.309646947336155
-42.150566751204494
-5.422867736943763
-13.50874780147879
-2.6870118701976615
-19.00010293967649
-1.989185952725824
-11.408831125559992
-30.251156285573927
-1.5658441256284032
-18.969645512522614
-16.99188214071073
-12.325680027500843
-0.23834216881071255
-11.169671885491468
-0.859647372099915
-11.308689940311517
-7.117762251559273
-9.735917562853432
-3.8746632861652612
-31.82276913545686
-11.385301304144544
-40.88188909351416
-4.388912858352158
-3.1639238125805065
-36.15298488050091
-9.47391088732794
-4.484791058699722
-25.05660926304388
-31.481226903178786
-2.598263412248098
-0.6338199281087898
-58.43826984470107
-19.181172792285803
-11.774202162619353
-2.983190436244788
-9.38658401812636
-2.6501456495840414
-10.305640572371498
-1.9721218760073433
-17.4009319441199
-9.431617890113515
-8.82509743710115
-2.1718838460076983
-6.176917429303428
-44.74780230579616
-1.817687153524386
-83.43384617458454
-163.46283222392998
-20.98288036291105
-17.001322403799197
-6.516025180443504
-5.811589735846524
-2.673984175832413
-2.3082921447205464
-0.10940016000902776
-25.133570266801033
0.7858497718232826
-10.935037133223084
-1.336189211992991
-26.794461232503046
-14.877596771484342
-30.547506558346008
-7.852178707062887
-44.030191782871725
-1.2957737913217087
-1.177367516007277
1.371900588243084
-11.342679328414846
-9.19825070976244
-1.9463384502174674
-3.463501895305519
-32.17885558551628
-35.67078932083019
-24.02769788095054
-2.056992804154679
-1.91435691944499
-5.321223081588434
-11.316790975612633
-18.585116627542675
-22.850809939514136
-3.7621649287573016
2.7371750352952136
-9.403787083223346
-76.94062075642083
-12.065194369552813
-52.73959578793656
-14.550478439142145
-0.8240668783459251
-3.931741607033323
-10.165672921464601
2.5498210110054877
-25.030250894843245
-8.29235408018503
4.074286161202987
-0.05077163037845094
-36.47348452042384
-27.068774820362513
-7.370243476036979
-35.18618299024927
1.7424222535474836
-7.969625598906815
-0.6677920483511599
-1.742035720118526
0.36704429533139205
-7.537958983228351
-11.40213561630541
-102.89000790028007
-16.510497295600594
-25.725312770670076
-0.4064534396075373
-32.12325655920152
-12.172677382556785
-28.265908307663313
-4.884004427531481
-32.66739727859455
-32.300140245069876
3.202457653173974
-27.22199590605229
-12.797948067864835
-45.50117121652589
-5.4501669332372416
-21.848293511478985
0.3170885506112581
-17.17367436012494
-21.761949328718707
2.5867790995102666
-7.957169043616317
-15.04070196951061
-14.860925025807047
-27.113382967129354
-2.5182388608247743
-7.426909462711468
-15.22832792140317
-5.527682685575521
-16.480216537676043
-14.193543310651929
-14.742988702129988
-4.849784419196133
-3.919231149302464
-35.07082141059952
-4.042708930728734
-16.604354538015023
-3.6723601888710005
-55.031975149857
-44.1276849017159
-17.486046745590123
-5.275472816671618
-4.491348326694812
-8.617165016975223
-32.08947712725546
-9.307516581313672
-11.41412578415505
-15.229590472306644
-2.412782122761697
-25.207377092117174
-11.917767668710248
-5.668714493849985
0.2596257040362225
0.0630627742160736
5.848254311621782
-7.980168021360099
-2.297509067873645
-5.359208818997248
-11.328273818059843
-14.103695481970554
-2.059875948781961
-10.206902690985554
-2.3921709355268015
-26.072652668829605
-24.462327884965024
-0.4308770045945566
-20.824474717587606
-0.4497596831334367
-6.922476107166437
-30.889810727242875
6.693860863192396
-12.717192559270261
-8.264123605439742
-9.250616121187113
-5.892204286611425
-1.9389380728790337
-14.585507066362782
-68.2286777137662
-20.232966146892277
-17.811454959259443
-43.224761193895674
-5.438639328707289
-3.5525305974680035
0.0910939029224309
-7.897769017778577
-0.935358711833796
-9.72308730154168
-8.182021628536466
-3.9552570573768655
-21.324029723994435
-16.77072132057926
-1.265656333279565
-16.1514298140986
-4.106081776337396
-4.6219193423521086
-12.64291270971357
3.60135076134391
-20.995987284257716
-11.306338438949355
-4.183698912484695
-5.467384441499651
-113.22166294320078
-17.370214387214133
-10.974192328762209
-8.541854222651171
-42.1790268158299
-8.823556304529168
-15.616136206809216
-4.298139282045167
-17.247796515378344
-2.691499025666308
-2.0259151899321997
-1.5659299707889873
1.1143934839596479
-24.043571038102726
-7.034031765031138
-13.160021210845859
-3.1954424546256517
-17.843288204794845
-24.70205606329646
-2.7857989849000417
-48.945678000179726
-13.358880568879
0.8982639481354914
-9.177381424847859
0.40910711435017694
-20.772368322127914
-12.467955912899999
-4.655426372230687
-36.69705538100122
-13.644562839091998
-35.29140755061922
-7.409506258082757
-2.004074414832555
-11.681683103090784
-74.28165973737431
-14.109105354407355
-0.40684365438704156
-48.721351399704155
-43.058667508972114
1.4205937013268262
0.9588765715039496
-16.93016817885483
-45.56588307115839
-22.485556594432207
-1.0262088969295287
-8.341241828365137
-26.399506538430387
-6.759180017747017
-32.81871556295107
-14.39758681792022
-4.520249677798333
-8.611839820447823
-11.426081167075695
-13.014755180026865
-1.5421820468137197
-7.510136083401486
-6.0928476228357535
-13.178540854400055
-2.7679543550898704
-39.33999975891576
0.5565451958040958
-45.66701222772943
-2.3216757925185036
-2.9473824774466686
-1.3747018466844798
-10.055248448724187
-2.8044107192018535
-2.306237503461023
-61.46683690277642
-1.5694900819206599
-36.16034861757979
-16.21446820446386
-5.507565440663674
-7.4410194989364875
-15.257501002807908
-1.7288560822043577
-2.937287770571673
4.144419877640963
-34.144462047438395
-25.033825484040463
-2.5551481906247613
-3.9751496145580023
-7.83397605247525
-10.818328876722926
-0.2866242438120644
-26.54814674204163
0.10694908252299916
-18.10850877342499
-5.768752767584065
-4.358673357214654
-5.088716247267553
-1.6299616143085633
-6.391548510653747
-10.846328952513144
-24.309246252400676
-53.85865388858994
-23.257887413880596
-2.4353621857558143
0.17679475866982872
-43.42822813960658
-2.486782357047014
-4.029607699168078
-32.959779116190575
-12.399581705959356
-4.1321253688049255
-3.374369453582915
-26.171349963727273
-10.861378585146399
-3.1087017530994
-17.88041019231722
-0.3940891214639558
-10.142947428491956
-9.603654460622998
-20.08444305713652
2.493642308245169
-11.060746858374674
-0.9900273447699574
-3.779213130435559
-11.586736516813462
-10.998515810499976
-49.95071682457809
-7.960507316751658
-20.616525363388472
-1.2143184405443734
-7.00051170721854
-44.6009433156658
-11.440394587266287
-18.773311784485863
