-5.798371469472278
-28.472475264072266
-45.5950298401018
-26.685323249206135
-32.78351465984865
-41.77123245673284
-51.68719012620019
-54.501511284252
-56.88853804204412
-28.354693103751295
-21.751329198676036
-36.7859740717865
-33.87305827786955
-53.26398511139602
-29.961878635663062
-28.400798377503918
-16.815846119736495
-42.7839913049572
-4.363065357574796
-34.73213856444468
-55.11133881474421
-47.94155563866093
-19.297235581912865
-82.42788156374253
-149.5433004793428
-61.158214147731584
-23.427456030996854
-25.945732958249714
-44.712801587300895
-19.980313085721914
-19.558532441520736
-47.439921601126755
-24.11083382373744
-39.662136232950125
-79.65798742769587
-7.729692624737792
-32.54403287087825
-45.80513122336175
-43.34581180965962
-26.022675907222254
-69.86403569808697
-10.280257208653405
-21.319728913678166
-83.97767560118312
-21.937789470561924
-32.768643244759666
-15.794692712500204
-16.812769734308176
-54.44272146786294
-25.641288510128277
-13.347489737442006
-68.9293208764247
-63.75185049223713
-55.28316520332502
-114.42524712857633
-50.80732087757376
-19.413617645554684
-32.0380909192164
-49.55410790812239
-42.57439229047744
-13.922367414954051
-6.532067839624447
-26.19263666340226
-22.39614029400892
-59.17692619293325
-29.722068342348418
-18.428522055191863
-14.906641485440982
-99.48880326291506
-46.86599633995709
-9.567166868211059
-21.90621662506776
-38.37163686155319
-30.49237576220809
-10.926167648639122
-42.5235992910913
-24.016956771182823
-30.23860965493445
-9.2623071360975
-11.731239740300614
-14.450102213972391
-16.611757013770394
-49.78551078526288
-7.34304235439256
-9.249818115348178
-10.790187910354232
-67.11765431226574
-99.75627130095782
-38.73013357890781
-52.8034211477824
-36.96367758042895
-44.360296094575986
-15.832725916962167
-14.394891087523986
-45.50117121652589
-53.62902547322056
-11.47530399172691
-89.67135600135794
-30.406430247822605
-2.899185734736139
-46.421645016091354
-3.0589485254934226
-11.80377679116497
-40.780477781318645
-80.9750088555424
-60.39961225218649
-100.32910818274863
-25.12519209006616
-28.4290640038553
-44.56066276041312
-21.386126086443383
-39.39318240252434
-49.05554374482753
-139.69310166258634
-29.850232984650557
-12.786984452307173
-10.969614515478671
-17.70389690269901
-30.480412987572794
-21.056100203288768
-13.93192346356108
-24.272155510384497
