-5.610226559674777
-40.36103486381053
-14.474981767948545
-7.2883779129498905
-16.758712666933366
-0.5359433673887766
-2.2644833877560484
-19.49226665371816
-2.725902900298495
-9.629260386131078
-16.009851207368975
-4.470518857134153
-9.808273701286408
-4.431251863511699
-4.681012357176679
-3.38094027251979
-28.734097925244324
-7.200092568948675
-3.354951147326005
-0.5359433673887766
-4.306553063049363
-7.789165646132217
-10.00756717264766
-29.11179253371852
-0.971651990533541
-29.614221515332183
-32.314547993792566
-8.198542709143494
-4.544777689875045
-10.25957840953732
-106.8032837117633
-17.88367145848592
-143.3410018556653
-13.105960113329699
-5.061499641948894
-1.8832845783086605
-1.0982549241942536
-8.079690411455223
-8.885085337194996
-29.45009789383044
-2.568639274219691
-3.5719698551734176
-4.84568286969133
-9.608855058997522
-6.944595612647601
-30.667594226583578
-0.07901890014140861
-3.546896727705587
-0.03458863792211899
-10.313346352220417
-8.656519704465682
-20.19522571643462
-30.195030629925338
-15.672630748547256
-14.641932796025056
-2.7905623971593596
-121.45468583153591
-1.5157083030645866
-18.151244840101665
-25.62693921897664
-35.06243283472209
-4.407202875199589
-5.346010907138134
-5.628298997175922
-6.324298471582648
-13.607189809481316
-1.5646582112828258
-2.410461530958017
-0.4874603867623605
-12.62020989558526
-0.6864201818012687
-20.723124735734366
-9.609874247379928
-14.06368297615836
-4.30165220586074
-4.3056385847574346
-13.657371194686956
-12.580865208172725
-19.08685678029301
-13.478402071493361
-6.878445942622245
-10.159578819564693
2.8900731096760945
-13.312043045086527
-13.713466334505679
-13.309669740646
-4.716695824557057
-1.6544792814922462
-2.1571082316690084
-7.557514441874513
-11.378723390518362
-2.367722336764605
-6.459737785978433
-4.1942668122100155
-27.502866772963316
-8.01883340947068
-1.6596419077080764
-25.95246557936216
-4.5483273903631884
-10.900064324185898
-10.665055596294831
-17.31532953352115
-14.370756977276397
-61.25427750960511
-28.71146786301459
-29.28729154028536
-58.7757779380093
-21.653612007241875
-33.65513141097747
-9.447100842119204
-9.086232889356353
-20.417352176705446
-2.8463609252351385
-3.91915496946947
-2.2482404327520866
-18.287501147656705
-5.471792711986647
-31.83021314942926
-15.628074575220017
-10.789153221871041
-0.9219930381223278
-38.379641718812216
-16.51675294234481
-6.810318028435671
-9.373771577508323
-5.8123237592627595
-25.060721226030765
-4.627576070102822
-2.614130320258705
-11.473529868084306
-4.441107958767889
-8.233935250897169
-12.420546840056854
-21.38521457803255
-4.451314184030896
-1.4705391382014497
-5.751247793932116
-3.089045438827456
-2.616239112657522
-6.009712600139367
-27.41625367880051
-3.7165799393379206
-6.916592911454646
-2.045757582655131
-3.2510826042611094
-23.489327610420297
-9.445497403546081
-1.0994257303663022
-5.949315995400605
-12.089514731654909
-3.55437240668193
-30.76035378977372
-8.177475850910586
0.3756892203863426
-13.324793061794619
-4.231305170583133
-4.185945315592198
-20.594670948801145
-18.793809809781415
-7.254292183165387
-21.48544441841265
-3.3869175502642603
-10.299842918332512
-15.200982785555905
-13.221248041637974
-7.678627342781934
-4.8144494424867625
-6.266230389306449
-3.071491343984599
-14.257668115141826
-3.3538879822432732
-8.406880543623762
-13.44980993810938
-18.575782474285486
-6.766269846314209
-5.78541102178568
-5.081394305427837
-16.904522168931138
-17.174070392927344
-5.234298992849076
-4.6458739424766975
-7.7647262550046285
-5.542070406233357
-17.656792378952826
-6.048629069056416
-7.2898544051670395
-30.36266424472415
-1.6389810929421311
-40.971880067254
-3.009307164201701
-13.407917903189203
-15.223418618279778
-2.666379310679815
-12.861958444223124
-20.52235389173107
-11.180623011754014
-13.126037189593584
-6.3549689527079725
-19.672160558564993
-3.6769541130026755
-7.320410908110532
-2.6460614413593344
-6.769221076401782
-8.103356314906375
-6.737445415808741
-6.753289858677408
-12.390511462324667
-5.731064926134566
-1.3403717097892003
-8.186606855264428
-15.02735196883111
-33.16408446667405
-14.834550437962308
-34.62498737165881
-102.0016472272313
-13.45066229293556
-4.960218898883672
-8.363704067806268
-5.465225709924318
-7.7972163869044016
-7.3833918097097735
-2.34949878558306
-19.668016626099504
-0.30304832758134526
-7.1791239748445825
