-93.07312019051999
-5.7727209937122055
-16.544401207556618
-158.6820957490317
-7.438732622043531
-8.188207765909628
-33.15948582090104
-10.56735891950527
-33.897164557753946
-21.436649837960562
-36.86684224446238
-21.581464770409887
-16.115021247942337
-10.413996634815312
-50.19577924590259
-26.504858692056015
-16.68271292385694
-23.834412152617862
-7.24764014711658
-10.126465989749764
-23.45970850575196
-33.86243846532483
-30.24303742951382
-7.598027996496452
-22.199420896587863
-60.05388834801643
-21.86299386380224
-4.133694669258661
-15.616912014768943
-22.722334443413974
-33.00642989651077
-18.6096795845676
-10.080394583316648
-90.06979411697652
-69.66523835695105
-37.579115431664064
-21.054786289974462
-23.12956401281712
-42.664175341562675
-76.67865175468125
-19.93389636962145
-39.928867826717585
-55.352177346525615
-18.656433631892078
-19.589262340464632
-20.962807750118174
-42.408160838145456
-6.604734420497844
-10.69664600341094
-21.49934435165734
-8.388221782033458
-32.82883187817616
-22.477500237999575
-49.00081458254637
-26.243387693591924
-54.994965552465345
-19.239106358119095
-22.13209394324597
-61.99359617775197
-6.969474760696137
-40.891154556456
-24.22947904295565
-33.45673837538823
-11.166775755585235
-44.14807194503716
-75.76743694823494
-82.00570084265931
-36.89464988901647
-23.209061492707118
-50.8206541719728
-17.734779473684718
-10.533426195019745
-18.073982007212035
-20.995696824828336
-24.31465500888469
-4.954129345628295
-18.515236250291313
-28.95833415808172
-44.010063882412815
-102.54182566529857
-31.03380861818857
-29.209237714789435
-34.58955194611334
-5.0453272570337795
-56.55815221086365
-18.116546853375084
-18.298999678638026
-36.07133533936662
-14.85067183369686
-91.36054200891942
-21.221942885723333
-64.24220044531886
-20.617068203274027
-11.893665821101347
-28.068418823593465
-27.27765264131284
-12.250480766327142
-47.777373093302096
-38.28514679404665
-8.472405052461678
-39.999143321820526
-70.43751393328873
-25.62930828907434
-114.42524712857633
-50.80732087757376
-25.09893388657869
-66.03942101732991
-9.052621731604923
-41.23215720703464
-79.14958935219285
-22.86844868548163
-6.995596936446135
-15.872349476178442
-24.380564795149052
-11.213287525110045
-7.984319426579075
-10.500623262036743
-30.25466608378376
-9.362795864564344
-40.97377451846119
-11.948032141425847
-18.55911556029219
-15.267274095677072
-26.03507785286431
-33.646201650097936
-36.94283365413576
-32.08971565388893
-16.81745567827427
-28.9931187733375
-34.036930538745644
-61.678122466403366
-30.410647489295204
-14.152862971988865
-13.263088863747464
-28.50266855848288
-21.383138142606267
-30.332467383274242
-24.02639371320354
-7.765834218538217
-20.183722422224594
-32.60875269346574
-59.17541609354828
-32.09917686313612
-27.004271592175535
-35.342259310798596
-18.189618697012428
-31.87578318239215
-49.73183850817612
-12.376915341325311
-11.082237506515419
-20.139764792270388
-15.195925559949625
-43.29229835758715
-8.297905004785772
-16.370455747693256
-35.63367491749926
-88.23050806457061
-22.587308855949008
-34.203000352098194
-10.986740380279437
-21.989199650157797
-29.776251944043192
-12.641545839357025
-19.302262441276543
-23.81574707924577
-12.179199011724654
-26.543156384372136
-47.68649208896215
-31.549475507582844
-128.25136958368446
-51.5382922287004
-14.768520586575702
-24.76435175947163
-17.982418964218745
-11.76735148854938
-30.713949279323405
-66.89084032159427
-24.775819465279135
-23.90289007060957
-82.89382784598145
-16.739933716652708
-24.641291200427048
-50.35262241758527
-24.319465277356226
-16.15615313950803
-46.568430894771275
-10.964035760794161
-88.08356487760787
-117.0422835877403
-8.4218756271053
-59.93839189548386
-43.0087886869328
-55.772072781391515
-6.36039954172485
-8.443121016140584
-10.515247369744602
-26.714109151526337
-137.76738137117013
-12.165238462219543
-25.186804713953624
-65.15415393444475
5.474578205058522
-11.864647145580898
-14.915828059569437
-8.173521824992351
-33.328988673010066
-84.3077391361775
-9.01795666868397
-12.152978728554197
-7.94574183161106
-35.93512171288146
-32.753338136454495
-11.54940111141031
-56.8835814148966
-113.10332725200297
-22.854506624156887
-19.942336986121756
-65.31889700844107
-38.39503197422796
-15.921724476514845
-12.926902016008269
-24.618088088727408
-36.394588728951675
-48.692168739042074
-66.6533575485203
-43.71193207259451
-24.7295907639427
-8.688449295046098
-51.71340233515227
-8.362215247663888
-4.599959647684028
-70.26706816749349
-10.359566778606654
-30.870658360825093
-53.20424288309422
-20.39035077570019
-28.303090763547402
-11.22102298408986
-10.175087461885944
-38.85003357290508
-16.135242996477118
-23.537677751821455
-7.142320617711149
-180.16466481999686
-60.06579716118862
-27.80335617342281
-15.496409306257123
-36.63666780343962
-40.644467510627464
-52.996669043773935
-26.58310834660075
-5.893867193830861
-11.827063511064388
-14.676473998109557
-29.19122982237779
-17.397116404561455
-33.52557927288235
-59.59828884608173
-64.7210312520577
-55.85546315388258
-23.326650867396435
-74.70783313610025
-27.0613546673149
-12.804414959174144
-10.032117689934706
-25.37639100321491
-20.058580567089514
-66.9784561896501
-46.60213169931664
-15.341374029273975
-37.97416025719646
-31.2588671597323
-6.9451781210909465
-63.277606192870735
-27.699378092034852
-57.07458363267042
-76.6250851337274
-22.538994663212417
-8.431972068947822
-41.700306935908436
-27.183059755174614
-9.678556666172566
-8.674433228230972
-17.24496515291855
-33.13670975160285
-9.7285393371979
-28.83960875843067
-64.17282881516863
-22.944432533051035
-8.212389183695779
-13.92987498215978
-36.688015791842005
-24.968432011098727
-110.67520358687494
-10.398205554476311
-14.572672474183975
-52.3893070287973
-103.35231526827228
-47.971210300590705
-14.030840102694352
-10.942978953388879
-24.547572259415933
-71.7954417304564
-40.18773952207072
-15.182327580462191
-16.516399708086524
-21.62180869819911
-15.60155887423094
-59.3865098273493
-11.644681367823798
-27.064244181752457
-23.600345255027896
-72.71721303748501
-27.59113196440436
-39.307999430632805
-72.0345602903859
-42.14964103086291
-15.280080959942184
-33.081362058002284
-50.871078103583535
-18.235861777576915
-5.876736091573557
-31.825641671620104
-10.926452529653828
-12.821534577328212
-9.994918456060303
-17.069205927135428
-9.752535625998572
-18.061685542798006
-20.809619364666275
-16.004192020110327
-12.337108150714453
-6.190192814815523
-99.5841955741881
-18.127018576826003
-12.788332527628906
-10.638966243387623
-45.936141386925314
-15.07829558323016
-27.040251160669072
-24.553684412204206
-9.79902889918526
-46.73892408545402
-17.372019095537425
-31.175300357334205
-20.129801994701296
-60.79439984766145
-25.46470972341862
-49.363113999102275
-44.22891184775213
-14.050336317984081
-13.960035950944416
-24.171641687853924
-22.290244450756138
-48.64315469086333
-26.127608184585394
-9.459478065562422
-8.900288525073183
-33.008634357433216
-38.69080567322503
-55.7675587632077
-11.951404452910722
-0.5582627029948931
-12.27686402292902
-19.297485959086504
-10.866871246027214
-39.78961666599532
-34.429878240156796
-32.790723824545516
-1.8818842291677749
-15.336753078149712
-8.673423263667182
-18.70105479687627
-12.560320959016703
-10.890012859289492
-9.960108487344963
-12.698914736873803
-11.736452763019447
-12.6459967928984
-16.366048957940976
-59.1705583841385
-7.331506364179269
-33.513403948755155
-22.872144699009322
-60.13405281766179
-54.2177858234984
-56.79010952456805
-22.608649177483215
-70.54075852083955
-6.8929939999120915
-21.691247480878978
-9.492267453114522
-33.70719948334632
-20.79509809443903
-11.209824454391175
-65.66851630225969
-22.408789272721595
-7.907431084105576
-20.729571595942073
-38.09082482880881
-7.183853165735266
-12.589529174805039
-45.45895523870017
-56.26475465938528
-62.470553587671105
-10.98382742873447
-42.97705242793687
-51.51697454344541
-10.963370115173404
-13.391502990344103
-22.27900460895492
-48.25133581229415
-29.596762597214756
-31.653533292214206
-8.541384092846021
-19.471115661401466
-58.20400306512354
-25.434362116631952
-13.127728758081822
-9.104122386251376
-20.674156575005796
-13.966047563166102
-10.750621105301247
-25.024904418953835
-14.181711421229567
-34.16807908754459
-34.700715177408696
-13.825802892653526
-28.42714541390608
-44.210912269160794
-23.502873316196254
-59.826220573756935
-47.220310027875875
-36.25531704262633
-86.12156637554999
-11.844144870220122
-6.560629189875561
-19.810431701634887
-36.59310444470324
-32.47356999636838
-122.59420254945596
-20.201868089889754
-29.009815684177703
-43.32426634229777
-143.46031710672446
-8.731265322431446
-13.763044311383211
-64.28434913970509
-49.55069478003119
-38.02796163806831
-32.178796002547614
-34.410973156340724
-20.055428289648315
-71.32041529915871
-17.42702605430569
-44.43596629782042
-12.520217422827937
-27.91256370684003
-6.446627372806011
-33.668053415830656
-49.91859226110385
-11.228826036303241
-18.646535224823943
-23.607105344986458
-55.58438160969817
-21.135924953531255
-9.393418648324532
-7.9814431078274275
-60.80157420284677
-23.254936780752598
-18.08067532173137
-20.554961772170753
-20.27307060513926
-44.9126395162399
-8.135103721111534
-19.079856404240946
-57.38705350100496
-16.247844377900613
-12.135703764882216
-11.300467795836857
-39.28138260883017
-28.485757555672105
-38.431042129274694
-4.330047203647894
-93.88385331266801
-29.200135139319777
-7.899540472365947
-78.01013668215812
-30.905351790740532
-29.148201556528107
-36.75040383883451
-44.607103617947466
-48.91786096961925
-50.42122621175278
-11.082437271317302
-54.196877614749255
-7.464454278417346
-24.071145705164813
-24.907318489892095
-47.66125859446642
-7.400878364094769
-89.61831032975657
-40.0036752160245
-42.68710553738651
-48.122304048575884
-63.0239829699429
-30.195483917698493
-19.609702958494868
-7.398341450126487
-49.81585104503416
-36.5761108908245
-50.032036933541626
-32.706827563630675
-33.64651599074175
-33.80713192091857
-18.062355549441612
-19.262016125694043
-29.905838676682343
-18.056350123822856
-14.358810696166621
-38.18820151162907
-42.46648467135505
-38.43666377925656
-71.8551153859937
-28.082860942721332
-84.62857030154514
-10.907884548382206
-21.25943436955034
-21.655136884553222
-16.97516939462168
-61.815965838031964
-13.906635762330746
-40.7248825224042
-46.786677039454815
-62.117386875069144
-34.397011145707516
-50.345682808318095
-122.88418420782953
-14.26915973073989
-46.49654532545507
-60.08469486206715
-8.16066252077868
-14.533924580185978
-28.96558402284966
-45.555219707633626
-81.53784161560385
-10.334407352835187
-37.07725676095159
-66.39265204608725
-93.79801272716615
-22.66820595750927
-23.453611468856074
-35.685511128910825
-14.95973055649828
-21.203854496742736
-12.587466085869815
-10.698486801012086
-18.98431828985497
-23.2475831077223
-15.966478864422822
-54.243274981083175
-49.89820667323266
-28.691723121259887
-28.438617601920072
-5.79932968133067
-9.38682843384451
-26.110444121722008
-13.494770113706661
-43.48817339695986
-18.4477869076976
-63.69353829886263
-6.697775653795018
-40.96504595847726
-49.944504734461034
-12.69278144341416
-20.302023498824905
-82.14446113891056
-23.741310321362338
-52.667189955260426
-30.6524070172813
-83.00028810411341
-51.73995132136244
-20.750628692573155
-16.996374287589145
-5.517514321530805
-25.02806011783025
-20.070085965270643
-32.01662898933775
-25.196290641514636
-8.61761813771124
-12.394166010772839
-77.51772000738991
-16.30672106881437
-42.55635287901395
-6.957810813107512
-69.04745238933832
-50.046068333804506
-12.167294437653982
-23.965927511262514
-12.868127985792073
-14.580020664043557
-76.22547465750857
-34.924255315871356
-24.035313724552974
-29.284105942909857
-40.556544859401924
-23.695371685315926
-19.833193028196273
-15.002093082220238
-37.18244653221277
-20.611324170798785
-34.70045916108914
-30.272386086431347
-26.13981586822849
-25.48385610036497
-38.956021913536844
-12.94479963209698
-19.105402808629325
-22.343296592035582
-11.68523072668449
-58.76967053035103
-12.72381190152013
-62.51181259534941
-31.68813127110412
-17.533433494203795
-33.434405063509544
-55.04001799118192
-9.351677351680314
-9.384791080420722
-6.439073071143873
-79.0844712612089
-27.78680953754903
-33.455453353582826
-43.55928846536501
-45.205075498191725
-7.935759181289877
-46.20148113426347
-45.30749028475486
-54.2569011328449
-16.02527056237376
-7.925472548630888
-40.74054648828567
-21.01546725346943
-15.598769506403006
-21.35177683771931
-41.15047979287589
-35.75211655009488
-17.42576467820483
-13.193303906147937
-61.94860054066623
-8.297470374392876
-113.91288860016017
-25.419028331868404
-10.549534513563664
-24.812166691091917
-34.177032727424525
-39.51696709786748
-30.835075179699302
-21.335007212894794
-20.788437528254967
-29.163850031492895
-17.237069433970216
-96.77098485770856
-8.095828844558856
-19.584274339784358
-166.88490760686452
-17.906786475947285
-89.16363364448728
-60.95561562547054
-15.862384933232072
-8.77405464652159
-10.332872117068982
-54.53591059582201
-24.028721755348396
-17.533411715550066
-38.239753482061914
-79.0465936675863
-11.59288334580078
-25.979496047960662
-19.442598164333777
-45.3587333066201
-5.400093395286336
-45.920028938954616
-45.45845840840103
-25.770602212478575
-60.01501232527198
-30.173892042079313
-23.48543972294699
-24.951462978225983
-70.32540608884636
-12.204149062762509
-65.94585834499433
0.6374282375883866
-21.681629174445433
-63.638429210742
-29.99802559651574
-18.92487267501916
-8.485198641021734
-23.500363327431327
-41.34602182921544
-40.4031316466263
-70.03447266384855
-11.093330245946538
-34.02176880518184
-11.335612836653867
-15.735445887676057
-40.00278640211949
-24.30254613848605
-36.082307605694865
-87.66660374287176
-7.198893743212297
-34.85760101961741
-32.14262275440037
-17.141782754147954
-14.540328775139049
-50.62680859394914
-38.725481598866516
-29.163934879859163
-18.17894145514577
-43.98028375140979
-47.46366207231176
-53.34459635492509
-7.224616478022855
-17.324464036341556
-27.569515845033663
-38.722555712984764
-41.67299392897867
-31.921039934032475
-35.435110714229126
-50.61579394651535
-14.48152880536891
-39.464033508853475
-27.68809024908293
-20.507176341721678
-22.700055708937587
-55.36996672396742
-46.95374208408546
-112.68093133093319
-18.499365242547842
-14.859209342223847
-36.95306366838987
-143.21386523283655
-12.974638406762173
-31.578779896498563
-20.717416486807256
-17.711437316433734
-16.884813372214417
-26.52993366368833
-20.406151766863147
-9.556575959157932
-32.85192938838803
-17.58154449009885
-25.391519583763078
-6.819944703865047
-8.64221903327675
-16.945560566846062
-112.34018193545586
-23.35018151353148
-19.069671321714893
-169.52867552496684
-18.278969548609066
-76.9045325629507
-23.228997526732847
-29.007511422019466
-21.678203318382774
-72.46073892469941
-38.964051906331605
-55.12309589692297
-34.7050036744855
-13.877678058194496
-21.19802771171609
-24.09055341976752
-12.16619086902647
-35.8283272051601
-22.395950240844208
-8.908783568666625
-13.467764792735084
-29.37426741373211
-83.46224591872893
-22.166940041069555
-26.097379161028712
-9.783083269792852
-32.96270478396191
-60.7633562829635
-29.605979870412554
-9.884846782733028
-27.229408307292214
-28.20094847594606
-93.26862114529986
-9.850017070476706
-37.754045605107144
-12.130554632773407
-11.549771335894853
-17.695081852570123
-23.428435995789417
-34.95004600787452
-31.670899897364027
-61.60847471658452
-46.07149196222463
-88.3760736206409
-9.253438926356733
-31.44271418486459
-8.872538442600026
-31.487350987879363
-15.220699452929466
-26.94175809147308
-22.484045622711175
-7.296324090704012
-14.495053106601151
-21.05855877634128
-9.558958480632645
-15.178140365732993
-9.382641643200806
-35.082449728671826
-31.378165921267342
-4.335450058492014
-17.87312279136219
-18.152854161259
-13.011223650163888
-23.356714980673164
-19.545224809784976
-25.831123300195774
-14.134643658083132
-31.169166686183125
-6.54116115089311
-53.34780551038712
-34.124350446247206
-9.594728818323345
-25.169293807301084
-17.037473306280802
-25.98504835631657
-34.70047351308582
-71.01195706590632
-46.895476283282406
-23.438397203344632
-35.154249150209246
-61.44273055731468
-53.994984091695414
-43.8571870165866
-14.333340899176244
-20.433704750053625
-7.767765539567146
-30.074778808683323
-59.01642109227286
-21.171373399666525
-18.50304106901634
-46.18824110865594
-8.582079682801478
-8.721842119039934
-17.949050985565
-19.135822014522482
-57.77601933495648
-10.669055618102858
-28.906373279231826
-22.87237526386619
-28.166516404825792
-35.49416195189963
-21.77485516023092
-15.343450186647065
-11.919772694332915
-46.28685885521021
-13.521899109963872
-24.604029294160732
-17.862290323382872
-15.077602180311963
-55.46124548524291
-63.303502357343895
-80.53702770241517
-35.678524374350374
-38.75687980306145
-33.683153549575266
-9.85146455385504
-20.367197920059446
-8.763543973998267
-21.680416574594176
-83.50945545907308
-64.49155155382796
-53.007166321657515
-21.935499824658958
-8.15440098750011
-21.134837938123777
-13.248578248957493
-24.447693786404447
-11.083887692208164
-28.12097222060205
-20.26251894469793
-77.68880257699362
-42.56491623680783
-38.613127185863476
-8.851862752816576
-22.413936164447772
-30.578863316237594
-12.09956443942265
-56.8301835854875
-36.8578587578949
-18.594544277180585
-95.98601359566538
-37.26564201946847
-17.20869373412978
-13.305961233749018
-57.3824118969653
-40.774083663883665
-23.445351369278097
-63.309542425161425
-67.84977592302322
-12.702956347687946
-19.27052528298744
-22.468822652223608
-119.23013539695246
-19.750031650207852
-18.072834902720142
-33.538878496830485
