-24.613952321852217
-15.675674150990703
-8.757716487758588
-5.398461615530627
-26.691090263073512
-17.498435025602618
-25.16397119522598
-12.262636278403665
-2.3662525866364104
-17.950077144300177
-10.673447529226092
-19.792949119657102
-9.440349224353877
-22.961135637283256
-8.663070351900542
-28.199815707359168
-23.996701076160843
-55.11133881474421
-3.525731599237846
-58.69652422970679
-3.562665948991298
-38.783372244103276
-6.377386430562958
-21.572915600331353
-37.40814667887119
-5.361228586837894
-4.029322450939837
-72.20658940222832
-38.72421352585772
-14.477577366950664
-4.787175134996138
-60.05795961058702
-5.570583980819824
