-41.37053992984013
-49.1440728020078
-90.24377055218875
-91.28214959395804
-32.96719883093584
-10.527596314059055
-20.2179090522824
-50.405542775914775
-6.625023181302936
-29.90175838703825
-20.974868896123663
-43.38707820326305
-13.532580935342521
-26.19038443805509
-16.176216302855977
-17.982323883079353
-49.654860739000654
-46.864047952861114
-31.214461694024116
-12.272334671211494
-37.82325660571456
-43.63209047537909
-44.61233955709299
-12.245498715717684
-30.289015327475855
-12.883079830236687
-45.735076108257395
-29.45590177109737
-21.5300718099767
-41.51601581023406
-16.562952773035747
-44.82474487526967
-11.273411046556003
-95.53440299098634
-23.988309509789403
-48.54319035234986
-17.297574260018767
-60.3500641897177
-34.469214336804484
-18.763208749524125
-19.21729964404164
-24.162475579179816
-17.387990177345404
-21.1531694626342
-27.051969039897347
-5.211230436417138
-16.596671494356418
-30.8307982833633
-27.75330320281372
-29.278197506595973
-3.8456958789481703
-19.588289284752687
-7.846342871712397
-15.443325814222602
-29.329438732471104
-15.725907858217987
-9.429628537878706
-6.442291636494428
-76.04331720498502
-68.97531438970323
-39.432904872445135
-41.80195287261001
-46.59416693235282
-13.91492538883069
-15.759413177041022
-16.442944996064274
-44.28927887242991
-0.6048433747673913
-51.93381025809764
-7.570627206975394
-14.786326671076132
-20.70418469264785
-43.917169256398736
-23.95010730163135
-27.360343773814453
-28.17133983333338
-23.54670890205785
-64.69014879137775
-7.487073265183614
-42.992811529717315
-51.2958908239272
-100.98677248538577
-30.03911837047318
-17.352344502138713
-26.893308678659963
-28.22792610720283
-65.77100608797238
-11.55116706334291
-5.602583939223216
-66.61128964142729
-55.62643747976097
-23.331900563692002
-11.340888486054508
-6.747758604283542
-63.51906625276218
-114.42524712857633
-4.358537610088987
-24.140381825636066
-48.24373149802119
-12.334141697525792
-58.35824737296441
-13.744255923396862
-17.539572694623125
-36.969386508461405
-6.824341720196482
-9.821472744028766
-9.114889397863807
-35.1048307910388
-13.22810275906117
-27.342161004542497
-7.532705016713919
-15.785187193768294
-7.283216094719178
-64.10381768910248
-12.798319668554058
-17.684986488957648
-14.859185722460984
-40.25385980248925
-26.19457741392084
-20.75754320229649
-15.849292206876102
-60.55040208235836
-19.255202086090403
-32.622956088535055
-13.327568038815379
-19.972745858004252
-8.558609908359035
-33.017573600734984
-19.521453406798162
-12.728492892317416
-14.096544410485535
-4.433051431693475
-23.946445944855373
-40.36054398814622
-11.799315079606153
-51.51811345012746
-21.239294792715764
-74.11965175038425
-30.849257679130734
-5.190435933833957
-71.2045321730018
-3.117227205497229
-42.151500406319954
-19.050927550797404
-4.736905066618806
-12.689113833437865
-21.997706059604063
-4.486956477101803
-28.573975366504467
-16.33546185650924
-19.651875621458913
-37.78112532361485
-134.46975786381537
-34.63066699559273
-61.0842946190882
-15.673882455832684
-36.74147788100147
-15.86745004457547
-78.55103477746916
-23.071260666995528
-24.06144255312677
-32.158637316625644
-11.936158825183375
-31.280488702748755
0.5867387286570556
-19.133542523320934
-33.62377969744376
-23.90033245022517
-60.70317365681891
-28.58290592123607
-25.251622867047796
-19.467436663392945
-28.947323913666978
-8.270497752223916
-9.517791811650978
-21.222560584151637
-16.86425427674916
-41.91420692021652
-47.28467766051219
-99.45606326557193
-28.36044220337391
-12.998990847950415
-58.850447595186914
-32.02946095539231
-27.40081970392735
-99.00964326133068
-20.44015928075127
-13.12380786747904
-41.62784520803597
-48.75814475369285
-29.965882923404017
-29.775047162190575
-40.584550636131375
-18.834480210111167
-10.360577295454025
-15.565225011998287
-18.199092079780666
-7.170058339937192
-70.01047259862834
-13.346900554962689
-24.746465821488165
-57.11316372926333
-38.84764511643801
-39.408732711048266
-20.88208062506441
-25.278770701969496
-7.939782012796398
-12.073966272412841
-71.7612844914404
-14.436064460855874
-92.01229283504442
-27.863559483865295
-4.334335844259877
-12.611843382744832
-13.965106186869264
-70.87352638652543
-36.87738611523595
-41.90080878100438
-20.408171654189633
-14.221601053087483
-15.00882494961302
-19.781261057597472
-74.8798682196809
-33.843794082589426
-9.281907771592737
-25.55665798581491
-57.07458363267042
-31.769469852461164
-16.15029053400566
-36.69219005361521
-101.76418898424104
-19.636438724631194
-25.202833841845894
-21.820383062798875
-21.22158607195835
-55.56400233494514
-21.457464147818527
-78.38707568722621
-63.60776731017998
-28.924708359547598
-40.03506920371488
-28.280902966166906
-12.282243245184867
-30.000158090974395
-17.292786015782795
-10.979294744294714
-29.629583999129082
-17.625405484758303
-51.27712594204231
-113.5771272683299
-46.26383665037412
-29.9077991685575
-56.581543125208626
-8.761389540210452
-61.05305695709696
-19.54407894298679
-73.51892185471162
-10.887077930672596
-21.370516817850035
-12.973793885477818
-25.739711492718857
-149.8368541381958
-22.242920018454445
-59.340432962471766
-19.23931676812186
-26.93156914002276
-16.78411220433455
-30.73269022389288
-29.369056859182944
-6.505485026692553
-20.19289989967081
-40.26470119574463
-48.15768838142828
-30.847457190912948
-39.666186394486154
-57.05349211708292
-35.068949951629406
-31.631766774345646
-89.34415615302574
-22.072489570094806
-22.285635165182136
-28.291430691199313
-22.67513023281957
-9.502950427857286
-37.558669468884474
-53.27232564594322
-7.98460804619928
-78.38749715567796
-95.8194866080282
-21.906772758602173
-16.56412489624981
-31.23547487134163
-21.962345395691795
-42.186450063426165
-11.943313847676004
-34.78271604353516
-11.250083510175024
-19.99631519263692
-6.707598146135654
-87.26962286294966
-15.62344176843908
-15.793258956236773
-41.60912326558714
-12.111385841405228
-10.425810398008949
-63.89393182675809
-74.92840945268452
-49.25382068490763
-19.2652609717019
-7.162558364153514
-56.72678929425395
-18.906527542762156
-2.3479624726684554
-18.045227465588916
-11.125098613805028
-20.52296265652916
-29.255570526554845
-32.979287103754395
-52.73654865911778
-25.39952169313935
-47.59334829329627
-42.839552076268845
-13.595487189546521
-17.453455541540492
-54.51108147940928
-27.40718880208625
-49.78150900475121
-18.701560255486598
-56.15790523825145
-55.152242453623415
-40.075185436652006
-28.837544410782698
-22.726870294092276
-45.08654613420381
-74.69309594312902
-24.987452506206424
-96.5813518275796
-13.612089164714368
-9.989421028700674
-40.06162492611017
-11.838598980347985
-38.41049356684517
-28.57941664880596
-18.758815664015035
-77.23346888625562
-35.79422031815065
-30.809444305295553
-38.491221221951
-5.635920521057627
-5.143378137456842
-27.223662504554696
-12.83809425866059
-7.005138579029699
-30.290085444053094
-13.855303778649878
-46.2130848539979
-132.87492566371697
-19.21212825539433
-3.857454809357067
-9.19356430809807
-31.239200307499175
-21.99942479591874
-22.238980165439518
-27.83582258332973
-70.36355611269015
-14.297613760046925
-82.54179267617
-21.022737015341818
-86.1453916299253
-30.385327946584756
-26.51322031647742
-23.673235577445638
-28.259858206035346
-38.88253351943397
-17.38644097609543
-52.016802199945595
-112.59561362924468
-55.54509892722437
-50.4456415832345
-5.975432848388472
-21.9816589919967
-4.732692194704832
-21.201775486677622
-109.19183838869245
-28.976835707753217
-21.587315368498697
-30.021471977666273
-47.48108157755385
-52.13774488895488
-55.44058090119543
-56.34613356688341
-17.860122108930128
-14.581149874099776
-20.211071292501003
-32.8626936328054
-66.05241686920253
-19.414065686973927
-31.55691024294079
-16.464613467173667
-58.391250568047916
-30.15181025134132
-8.053045265333049
-45.10881662743535
-65.59228421885763
-26.0050631401075
-32.343690449353005
-6.9746882218382185
-33.550464749320234
-15.276503937490729
-30.859236672796992
-52.58322599810302
-41.81855711568667
-29.27358424862214
-32.26101324697432
-6.8345979621407285
-34.006724002881725
-26.34347228018743
-35.56567869551373
-139.954629071492
-25.524581800600195
-126.6855218482937
-12.764495810939042
-42.89064879293382
-26.206063447968173
-6.776577325384389
-46.66838020578518
-23.00212704790266
-49.88096220097478
-4.047451268181525
-9.19078857446091
-5.588603888211931
-23.602775765356206
-35.76396531735047
-12.115018980442693
-15.670122760069063
-57.65172251302725
-18.200802677715906
-61.35822668383365
-56.677382052252845
-36.86708197163987
0.9062646317849443
-9.221231664759062
-47.548622227464186
-30.389470666516406
-41.94558332320184
-36.276683574338094
-50.36570770508494
-31.69337997237887
-6.94010749962275
-23.61213706469976
-35.55532916184375
-13.52260188709289
-22.446777184228633
-22.859455731484108
-25.215510081700838
-27.955898196274774
-5.19303708986805
-31.492662990540794
-38.51434259274732
-11.76954604716758
-19.674617080767025
-31.395228968980277
-29.245616809859815
-19.147257271120687
-10.850740767404556
-20.107165478390275
-60.051776574038065
-9.503985038937369
-64.12287926018215
-1.4781319364431913
-9.261841220970947
-12.362217169281404
-27.216857322733283
-16.921873655115263
-23.64329501851867
-16.872647888818452
-20.54724119055725
-18.68524595385675
-11.437659963245077
-48.79240153087473
-0.9023657651060177
-7.570904438981135
-37.41811277948864
-23.60174844132409
-14.78146338450206
-71.67222122527404
-41.49507548518808
-9.593757237809292
-27.48199642669259
-6.080033405624717
-11.916773896506609
-22.425217499472524
-27.329157712117418
-6.2604060467802976
-6.749537678579012
-38.46812981653997
-37.31419655633393
-16.930521862638727
-22.99375437695479
-1.7930955999537954
-21.657101763050367
-12.792417004589444
-20.463353862829543
-5.638282460423076
-71.22932791577142
-16.483031936620378
-62.59108200797731
-93.61801745439027
-96.06852454579372
-72.41753934757247
-10.492001374016468
-77.51772000738991
-4.4541016160321485
-24.79574864401217
-80.23957631785362
-33.08213619410377
-25.95899269062546
-11.960025671446965
-27.492074785601513
-7.823475000988301
-23.582693592764134
-13.016260455667341
-78.89956700739418
-35.60417944058588
-51.744329430389065
-65.38072429581058
-13.502876677102979
-9.251554919051005
-47.365851496107005
-20.203086887570137
-15.292163318513882
-22.398134489286953
-59.60918814823384
-13.665780459799633
-28.301378583207054
-37.18244653221277
-8.364483073497558
-32.08375159731288
-25.683669414478185
-70.50645199689615
-47.64079711509216
-23.13637702225487
-12.924701627301447
-11.815355637162352
-69.73347239217765
-7.444946537246799
-26.054657133165946
-20.093311610907623
-22.297037009537593
-5.40991588762697
-6.141523511855995
-19.80517807654698
-15.481603253424694
-11.37448843489655
-10.737791857332514
-48.30408213551917
-7.959064506964442
-20.897487890805383
-75.88085728985476
-14.072912646780049
-48.499134578760206
-23.323419625186297
-65.85371854770425
-26.030513010633047
-39.07962990510718
-25.742935660514515
-13.35853205116573
-35.50642144938217
-18.78674588585667
-10.99643438356018
-44.39130074634753
-84.33667037542946
-31.009726586378665
-16.52922497618911
-26.672119038172585
-47.42422639653883
-22.768326829720657
-93.10785361170555
-6.265887974784563
-39.17550739563077
-26.12628674313969
-39.208359119035336
-18.790396743653304
-20.77918007474475
-36.21356646707045
-41.49259088290413
-43.94046955027003
-25.492214448954993
-25.745709218449694
-18.794837509797695
-61.17651249106057
-12.140384875735108
-76.38807433419336
-69.1037967595929
-31.55840200049508
-16.882761039373307
-27.53504340903383
-42.076655107691344
-20.248699198495334
-24.895368314279946
-41.79122153955744
-65.42508195941684
-55.97598456389435
-70.84424399214682
-23.235501885018586
-19.25021492674933
-7.505237677896568
-41.08116538026882
-41.65046353290222
-60.520318989450445
-28.14413190619508
-35.369269535378834
-49.91580005862541
-13.573772812291274
-37.321062550655974
-17.321749601534513
-63.68961959793118
-28.72291012827048
-9.855099457799891
-11.201359674137612
-21.29980729149887
-20.190071097205653
-10.246942211960546
-36.38265350374638
-18.107954041244437
-9.985673261361535
-17.324464036341556
-21.948501377604142
-9.30373489672909
-32.331616123133806
-39.0449210573941
-9.283837077172059
-16.433077971382048
-49.637240815097805
-49.59166283052894
-29.444633725373063
-24.105922213609794
-10.876816926475017
-24.475528476738067
-21.632178729560454
-54.32463359975518
-3.9067039509200385
-35.32060727483196
-9.166180808130248
-20.989338867098
-19.780464939114623
-15.778205721407298
-30.357386396405527
-62.55684197303595
-18.716655447586966
-11.710226252875891
-31.423870123672327
-40.87521288296443
-6.822789161941358
-24.670053844044524
-17.161176047123178
-57.02912692556163
-54.046436281362865
-29.5126751215909
-14.634387929450606
-9.0184773242101
-62.700688228644225
-53.083294934771885
-102.03394155283904
-15.458313995393395
-22.39798065362022
-16.872868946157208
-10.999356813159237
-5.230298897794231
-38.51821898387456
-8.216697308475865
-40.56943178200014
-18.32747389951198
-12.407110905517618
-15.960514635881731
-83.46224591872893
-9.052465018013123
-4.550929478050601
-28.985476117704266
-10.646476053878345
-19.438288745033837
-98.88759546655886
-16.982312012665428
-17.102048197938576
-34.86658097052039
-34.20680011709921
-74.60493625249084
-13.797497825273034
-68.3442011221135
-32.02743190590705
-33.14350230476548
-63.018609168762566
-10.129918319886954
-42.089238739609215
-56.38837115663413
-8.877153366178927
-19.242172809616967
-37.44751255047558
-52.27142686193855
-24.20263844232133
-22.68587314032971
-23.990689127601623
-5.077745553559805
-27.857454900726214
-17.94764342299029
-58.8876975518651
-28.024492668423566
-54.90864331543832
-28.182905029106287
-14.84124407894767
-11.49135901099844
-23.48679114773693
-12.33857760524229
-51.689492517833095
-64.16951152959153
-63.234776066471504
-39.774735160162514
-43.90631436362373
-22.584680642882393
-26.330719644456718
-67.3113881321913
-52.81968333763001
-10.977996459647374
-22.497672800424702
-31.992321212351875
-9.375189766854906
-25.424218547021784
-164.88636611088668
-33.47715160475166
-85.66262420209405
-15.564678620018595
-95.66487486592536
-20.341271430502314
-30.339194483713726
-53.08332550154053
-31.59231147385637
-5.847490058489011
-9.609197108576156
-39.47567450966445
-17.23580799063258
-12.451378291971322
-19.315386055936845
-12.675582783368608
-21.73830551960824
-28.869951128861263
-56.7532140240812
-16.836055808135022
-62.447147418951495
-35.68874264569526
-22.587556607835392
-24.3581873145963
-119.74496217883858
-43.95664143168685
-36.828997242526086
-10.2241892099517
-32.51514926285163
-21.131677058816656
-44.989219254922716
-16.625290653865125
-72.49175557196496
-9.689955950935019
-43.63854973670083
-5.11209460497585
-20.969541359530254
-30.34574397259764
-33.2055033224312
-48.884031960898966
-66.35970295468864
-118.78378656818478
-6.409719857312355
-61.100246639608386
-18.56470885885217
-15.636005460004528
-26.116372798271712
-14.584516205762
-23.75850086801374
-34.417527044015664
-29.7127210637608
-95.04134187421629
-8.837647690766506
-16.64900441450675
-21.868674375881202
-25.833886078447833
-35.53275728132595
-20.50654404124406
-35.40065471387546
-20.735017365623207
-32.19265595742149
-24.43252206954223
-20.437484462195687
-68.01795573594363
-23.85869010805999
-36.95310101648374
-42.759896872731794
-15.272897532068656
-31.39518388516232
-10.84138434389948
-235.51858182452386
-14.909722529132473
-27.4020970365469
-22.130927743903392
-10.979099989690008
-54.43367097646277
-4.823442705220488
