-17.138588537874693
-7.287020664716166
-25.649480042357503
-18.971186286207345
-61.736372937804234
-23.932976505701276
-11.027474559552894
-55.096863729686106
-25.01124826424114
-9.586112010286964
-3.4480672547171594
-15.310883141287277
-52.12143996381033
-6.029009170592128
-10.566246608294506
-7.878730506023762
-4.141305002681443
-8.267336694128222
-14.158383274573026
-10.417827430207515
-13.475597041731797
-24.965981440325933
-15.574909555991178
-17.093944726190813
-29.45555950063118
-5.969992591665347
-3.138183350220461
-16.055746725453478
-5.697196151314128
-6.60538453851915
-3.3028499141630556
-25.5298630900474
-17.333787594691838
-2.4596948305491346
-20.957200426782165
-64.41787179422815
-29.44257000307698
-7.284697861689925
-16.244689148735006
-9.138621989331808
-25.01019608189968
-12.58788812488204
-9.176696276671558
-10.037995295563187
-25.141162424129007
-33.03355983189654
-10.346404613974713
-4.703035113430713
-32.50497347796687
-32.115494110475474
-15.088328877842446
-3.447631050287779
-5.4379513699937245
-4.760735855812984
-9.746289678919728
-7.815884748354445
-18.46101712811142
