-40.1427370009411
-6.130088258388761
-4.96060137418304
-7.890826776850782
-9.55283398384949
-2.641423273935951
-53.003894283353745
-9.586584609747069
-16.683676514283597
-12.21002485599049
-21.640327153382557
-14.546713825100053
-13.871978569768688
-2.0782959503055674
-10.718996182807405
-15.434347191403651
-6.511351431330663
-31.30540341693663
-58.11678545675161
-19.400167294430194
-10.906556510233226
-7.9072938849417485
-23.15896580516082
-57.40287042732075
-8.497269388900522
-2.9950216918995296
-14.03320402938426
-5.173403109445439
-14.917294166193235
-17.627715046406216
-30.694060126250204
-12.868119842363662
-2.6822097663215634
-4.339483227938148
-26.415981444197154
-4.490783764185496
-21.136564099316697
-29.260223605654716
-47.87140787835399
-3.513396501750785
-8.934909489907204
-37.49788934870617
-12.937497153208891
-0.556534642899011
-4.708596121835264
-5.466406312811534
-20.89618824419631
-11.319722149073506
-9.142514317579474
-2.819736931887025
-374.6953708573662
-13.91943588196082
-38.938581514977926
-1.874923368621682
-9.938557019436482
-6.743159140401641
-8.142325140252655
-3.9237666080817366
-3.695308996712799
-33.00696012882105
-1.921830560304271
-33.13631453847534
-14.405221460290935
-9.556680135857384
-17.862937926784117
-18.433624613361932
-16.42093322250364
-61.295696055356395
-15.19261224313845
-18.872303003373464
-25.079370362145134
-16.337833221499785
-18.742440447965592
-14.086978502109599
-35.34105212982938
-12.022164036742415
-6.627548249335282
-3.038000388094016
-35.325795996855284
-53.56861741060814
-38.261647713692525
-5.884613144021164
-6.773335251786218
-67.53196558066296
-7.527844347210826
-12.178724061144262
-13.701548979496636
-1.7604788217276204
-11.365222752112457
-9.826717444638074
-17.10807198385671
-36.79180888804787
-17.728967842084366
-1.4805611394890639
-9.122143855052352
-2.275478360857167
-15.721258032866983
-9.947968205194758
-19.71216357372922
-13.148068929559116
-4.909004302330003
-29.271059227613648
1.5034486337797428
-21.69506652865511
-6.6370181343551895
-49.590485741306075
-24.120651885099832
-12.174950343658889
-5.5534554335408135
-6.347746098550319
-16.66713594680457
-2.698451862757887
-13.319269440401941
-9.527557000235342
-9.801752814045084
-2.131928597989339
-13.649430226763899
-4.3424082251264435
-26.484906247966972
-4.936483810991263
-22.267785810607663
-5.180923732142638
-15.329645640459505
-20.630319246224975
-5.745877876852354
-45.73339319273997
-36.20371134564104
-7.347202847095181
-7.9711015255501
-5.074984304766248
-4.623539013664852
-42.85616805783076
-8.013569907260864
-7.015581284311445
-5.840519148499718
-25.216091950241417
-3.855687696718877
-9.388204344210953
-11.33888439570725
-8.401099036177937
-9.776976083616985
-2.4590993343550345
-26.587619935582588
-12.328675802591437
-11.606311859781064
-10.180253079652893
-4.898576822433075
-81.05299124738426
-14.891104105350815
-9.348715652534734
-9.887700464614987
-5.197371079670767
-13.960945674856834
-40.34121605988617
-20.146414464145042
-7.688255957073298
-22.73947924817067
-15.887145668891318
-7.959232391801038
-9.184536035168827
-19.990008445627055
-29.447547806167005
-36.09899257506022
-18.08374871695342
-10.66876446899642
-11.041347881516371
-11.030831148946113
-9.099490987142628
-10.97839541194589
0.2902699598710233
-8.533480265741078
-11.573364024090505
-21.921844779887174
-9.598807947691125
-37.24054938404312
6.163839777844542
-13.53976284002786
-15.636503223440911
-4.194631666772867
-12.654481856731552
-5.2229698576484545
-31.869001782862593
-16.314592120327042
-6.379098244899324
-4.180756835413883
-26.858305543772033
-31.261744835402702
-13.776170551884084
-42.32996227615179
-8.352316471873216
-8.432316772236737
-30.8632367589807
-29.332933559786227
-5.131143370807113
-35.32697941445652
-5.3262893291714395
-4.034751718431835
-3.1917567878683264
-33.09548786945903
-42.212163558638444
-23.534484904373024
-6.346560451825427
-6.158071004562751
-15.177844378389484
-23.108190679430383
-19.158579937993498
-5.464253212005311
-17.718727849742795
-12.591524133602329
-5.808116940169254
-11.701946453941448
-5.839287761532716
-19.743346959872504
-8.924210429003322
-3.751558770205088
-4.666025124664564
-5.391451595825217
-6.706118957643337
-4.480647364173468
-16.576711921059044
-8.718021165279021
-12.622634394787848
-16.046343842718482
0.8632423307570108
-25.33846986784903
-27.271070436177318
-10.594638330723182
-10.465511273926149
-16.919408001976727
-8.086233986377648
-2.44291151504632
-27.14673647959202
-8.483894280678033
-5.641158839095166
-25.87274236719419
-11.69991764610337
-3.333322722545419
-49.12126617697842
-4.4730087993047345
-25.63799964860711
-24.329218389724467
-18.30275611703456
-25.919773309591747
-5.761955604937321
-4.280720402636195
-5.464741740626655
-16.416102906643996
-25.609399632081946
-14.49082122751369
-22.27737164773698
-4.627012494739649
-20.74141174101858
-20.78676548246612
-22.500912185076572
-12.10533563077122
-17.07146464052489
-7.555244035473304
-17.396941679912832
-21.05283276084686
-6.569674085069228
-6.583071146941342
-5.737165908964791
-0.9646367363775451
-4.437597749164062
-11.395986374404341
