-5.072961149223483
-19.879872311169972
-5.314162264724232
-36.88937758784692
-9.30883288661856
-26.452125925920534
-11.357221253479247
-11.302721413892725
-6.256611064947188
-16.238410435595533
-19.479916430812445
-12.585329721713864
-86.00928017907853
-13.85903670798701
-6.482287875093326
-14.100240940872814
-13.71140886790411
-28.524746128891277
-23.448911111426124
-17.388516775262936
-26.352004378049767
-34.60238273979055
-15.749688170651961
-19.545756615224512
-30.89143224167638
-34.7022607722802
-21.289590402249203
-9.446210585278108
-24.967207743842817
-11.700779384807696
-15.281203974568324
-20.886780247822053
-13.268701552967888
-25.45074161047412
-118.95352576907901
-20.246469107542026
-16.28297049620136
-12.621103291394498
-24.27518768202386
-6.70661830699955
-11.810231812893537
-6.1543712719359975
-25.950703880826364
-11.154592707884003
-21.30321791852241
-11.949223856929414
-14.683512179731157
-7.070651601142153
-9.587765235676736
-4.807030061016126
-30.46072607658068
-14.390867876046206
-45.851512696643596
-21.0728805414199
-13.813019458096443
-19.115410588847812
-13.138597943493036
-10.53062284453428
-41.62209293757166
-8.064985282805686
-15.275305877989448
-38.37623612162485
-79.26346717305185
-20.12601933619323
-8.442824163018154
-34.446468643689045
-47.62386231199763
-10.21985796247277
-18.476546091183657
-18.846686091408312
-17.969165644927777
-12.02703726633674
-6.600269611271637
-19.143279767148144
-33.06336526495852
-6.185139198543096
-28.08424445511014
-4.855723174099862
-9.923214956074347
-5.990820401690369
-12.102799246879972
-15.401521574063166
-6.8337204717355275
-35.28160437182753
-25.68139491329464
-14.590779233245616
-13.258226590228706
-7.353733293083241
-16.692504134079687
-13.823918703759484
-35.52883969175196
-40.10956431806868
-9.863297634201938
-6.228906958357207
-27.980719416921804
-23.021435770760505
-9.325238442052402
-30.427273965130915
-6.831229793445957
-4.727774661637313
-15.767020626990805
-102.53998730492152
-25.51514663467894
-33.59218744414113
-11.370677653057077
