-10.390133495127577
-28.52619150483639
-7.824798155658004
-9.13450245607943
-12.455968451424402
-12.641654734220813
-11.933450564876743
-5.707704790791827
-32.4956841889002
-11.410911647158622
-18.489563221791766
-4.243500344472812
-15.607519537855085
-8.902368409762154
-28.49086848813357
-10.434601649739934
-10.473018168105444
-31.74189307466307
-7.782047352676004
-14.673175089568964
-29.055773444438977
-15.375892875288875
-10.757407281026714
-11.638727651908797
-21.231860668704137
-11.005952599022772
-23.140762660317513
-4.441306064764148
-6.018690174418209
-49.29804175811994
-24.89803153077684
-18.078804654431792
-15.48995680880284
-9.937751175146088
-40.85215298848246
-7.346731115245373
-4.949688955009562
-4.621180229814329
-5.632180485274042
-11.226862318929756
-8.426994177099767
-27.376997542970134
-8.542034676019691
-7.61313159081696
-13.545680867147484
-10.73292890404667
-14.313532053559955
-13.61785063440922
-13.948911622741948
-19.122358062874586
-11.676190749881302
-29.826298472264106
-12.91021572397078
-27.45033670277131
-5.35293865253927
-16.58389613944379
-9.980113740050957
-7.419199484972546
-8.111407804391789
-9.686879450014153
-18.391508187453415
-13.50155436060087
-7.4276736001375765
-9.447843464818686
-31.77200249580534
-22.848962287973993
-21.34723363596277
-28.968170513702358
-11.215647873283132
-7.592214888029924
-44.275663019834255
-7.0935826295156765
-28.931566947014744
-8.387251093918746
-11.58666964736442
-41.21095042495298
-10.713006379199062
-19.672109732741852
-9.649642028790435
-5.641114618849682
-18.851583992259133
-13.026181108098106
-28.692564361887875
-9.097993773607016
-17.771600985067447
-4.993553099827684
-11.317990056903227
-41.95930865068938
-14.706700363127444
-10.996871206893283
-19.287344588780858
-6.504144076722085
-15.931671473291582
-7.502168322687128
-6.282761243171337
-14.77732555081684
-17.360217589227595
-31.33475828098615
-9.114992043384134
-14.256758347473532
-10.295317068107853
-15.671014939716924
-6.556260010281169
-12.386575660916147
-35.636309425293874
-10.044851324723979
-13.329836576562252
-36.40130993705441
-31.14841537633724
-22.41239201341481
-11.712296269471224
-10.570872211814121
-34.685474485172755
-26.85936276544785
-27.159486063058928
-10.283819017477377
-11.709713003528694
-15.119792702331647
-10.131627057771812
-17.99908720334364
-37.86173776946064
-14.794186516439172
-27.122342862375007
-15.835093808992367
-12.848982074980853
-24.502184371028054
-11.615144171390144
-25.737223943446715
-43.49971063382425
-15.677444426152295
-11.185361951783454
-11.877705337217241
-30.75991726934783
-7.288005718732131
-10.804714981424748
-12.791756904151267
-10.129084889605224
-33.195267596303104
-10.431063906176195
-19.20546666961225
-10.40365850819929
-13.065797273933498
-109.58529557864506
-9.482406554835231
-12.309049088135433
-22.66877148639743
-8.05370873577119
-12.370457432276666
-11.078093565781128
