-24.301164054129824
-23.518519917143973
-18.999382526969654
-19.01400538598023
-3.2830284490639583
-14.831135518016875
-15.657513117038311
-6.17416088036404
-26.247415071473455
-56.283474351578164
-20.48503474573234
-1.5621303719553095
-10.445114043971325
-16.861922749143442
-37.82682318025253
-9.017742545230291
-41.24762337537033
-9.658820347189318
-6.390087180063768
-18.56328538574597
-50.77251741602601
-6.750983747726796
-24.45206470395643
-13.724967758390504
-28.499018865335284
-7.469189296420515
-10.222723071091623
-8.319436657763308
-17.902457477118936
-17.516808996694458
-13.75477290285751
-12.031776798305703
-14.185085374780208
-42.50767998940096
-6.760324357663795
-8.437918479806825
-2.4820612247497884
-21.536107359022118
-14.25634859861881
-4.549427175091643
-5.556573947027702
-5.338941474768045
-9.549204974940983
