-32.597083717875115
-44.39390296429871
-93.96174443552677
-37.221969968891074
-11.131306869645126
-11.853689407729924
-30.93900561784027
-33.628297422186016
-118.64075396336939
-31.322523830000893
-23.402234264456272
-14.500253427105685
-25.882554346674535
-28.280902966166906
-48.02338676879646
-26.28865099004116
-28.84390340541668
-24.943551094113634
-58.98064262163839
-11.24790383881321
-21.861145951228202
-66.2766304491997
-15.481240034003935
-49.7437289395196
-62.36224521526055
-23.21346333448517
-15.569548379649211
-13.100240166501543
-17.792905427950462
-16.730360479420476
-42.63820085667801
-26.034976014809057
-41.16905635277064
-42.29748070020087
-22.156552403831867
-36.02330103259892
-35.29528287598926
-22.025914488777303
-28.302184806990805
-36.54591279577511
-61.26405448994774
-95.23504309925865
-17.937398532628514
-53.1137856136616
-16.154532135741476
-10.899785773028611
-34.5238154521879
-19.320157344082745
-20.554151777600566
-23.140154688810796
-21.679281608995076
-25.707440919822027
-22.863286626048616
-24.029701654832564
-34.344004785378026
-18.308549123124795
-18.620353730971196
-51.18577340915659
-22.723843907169325
-49.272092866986384
-23.00996947051189
-13.4907289129091
-31.527433564711224
-43.88848202673383
-12.81643912062717
-19.527344518123915
-60.95514091984352
-18.40423695835413
-21.679620889555228
-26.095288277922872
-35.10340439838183
-21.267127927539764
-16.583161134218088
-37.02361563932504
