-43.863825674803536
-39.60805091625823
-17.481453340848844
-20.257327537819243
-24.590919794932056
-68.504710292953
-16.549366126336146
-63.69489136718387
-17.63446631946918
-19.16893999577743
-32.5530676530564
-5.1767175946493325
-60.45728671463022
-82.73559393260695
-22.287362196919084
-6.121792987135632
-14.83249378471403
-43.96032544496536
-31.63035148590151
-20.60205141650915
-74.45416229527675
-37.71635167318602
-20.261264397306466
-16.04835028372803
-42.2509250731624
-51.67437846061016
-13.493728395682968
-93.12012461374111
-54.41989661758659
-4.624470559585794
-27.949327721581703
-8.208890315890534
-34.036394888708315
-22.101826378492564
-63.349497687169155
-44.87913106188442
-30.082273440118104
-63.15212879682102
-32.625513908286386
-13.192367340242107
-38.77361269280294
-30.16494857698848
-39.51960615393898
-8.87070893942667
-35.69230814812598
