-21.503238166336203
-52.36560756804003
-31.264894373437564
-10.756832949059872
-18.24762394168674
-20.77112062616303
-27.881140572020538
-33.90954965422418
-17.547429168634835
-7.7910361628001095
-10.401976100649833
-22.446582657822653
-14.399567900011364
-35.046045071059304
-11.989204058951994
-55.538540347343215
-18.914398225898253
-46.10945890724296
-25.53137585401872
-8.39940169261141
-46.55585474118592
-109.96702039736438
-17.936506544736602
-24.647429390035693
-24.31065244044708
-12.6514100679516
-21.627682952408808
-13.93941656752896
-15.844923669375634
-9.328630255870795
-33.40654558585834
-11.46527904102767
-13.683731871358049
-7.6150113066711285
-48.70815595980935
-28.543247128894077
-24.840054538375973
-9.548004433230908
-6.1258246732743435
-19.294176979755623
-13.73203373436937
-25.851667407318722
-16.16007914546611
-14.676054452918386
-26.118665382968146
-13.059720590203355
-29.167402395561588
-13.435105416116079
-11.896669518704856
-30.053822208987484
-15.173418325982878
-19.76976477093329
-45.424144758547925
-12.045097611506648
-18.85541924746885
-10.404838308377643
-14.87781782284756
-30.680579272177535
-11.48579856118676
-21.13561481179205
-14.717459053144585
-31.368840617495856
-10.899965160743907
-20.219464559635462
-11.800189151572726
-10.2596200279626
-8.484868612825524
