-12.785443025168986
-12.10532503702213
-8.263652450568232
-4.419248443914907
-14.381516520183421
-22.143153741037736
-6.485567060776403
-4.97149547897844
-11.082876988464822
-8.860202177598598
-7.356921996756484
-7.983971462079033
-16.382726951650785
-18.5931576415653
-14.968916311945346
-17.730145877110733
-21.707060915570075
-20.216436288679933
-63.39281606126213
-62.199239635160104
-23.589724982254296
-11.32598021758708
-10.291036514431257
-44.28757318464361
-14.260831482509195
-10.466804351192517
-23.16398798133352
-26.995475631632072
-13.96176231666584
-8.863876941194109
-7.469406940391501
-42.89361899115253
-13.788850490548384
