-35.33632608029447
-9.623674683420123
-19.046117773854903
-63.69499734212916
-18.224436934933447
-13.9511906325642
-24.467652991955166
-83.38769108377956
-57.800192731952436
-22.740663423346337
-29.200135139319777
-16.679037147875224
-13.586005017948425
-34.831176971740135
-6.032413636880747
-12.64444576068754
-17.021268735190972
-13.85239247196773
-65.3346111471339
-77.36104780231466
-33.76304909959376
-37.68608780232523
-42.84698582202821
5.296605589236911
-39.9606131511613
-24.749235082246827
-15.123175070698451
-21.6402087640444
-82.82856824248432
-41.13086453718069
-46.672447495830376
-14.970580278841597
-12.269783692015622
-34.73132469930567
-41.62895694378611
-5.1267124286523105
-30.468585931087713
