-19.943353416758846
-14.026605161171695
-18.196986008024545
-19.37728301625788
-18.303581406198408
-36.61947240977794
-25.37974605142852
-16.575024680962407
-30.039231751380473
-13.4999175765573
-51.25937231135591
-10.252531227245942
-33.535959393272314
-5.186444701271206
-25.450649410183203
-30.6568745177077
-61.51946187768601
-20.597224815931074
-29.301387143257994
-29.641471430802007
-14.989748460834674
-13.909641883034512
-30.17349687530443
-8.43852037501168
-21.640758105147796
-37.86152627873471
-15.99710657910705
-55.772584847744255
-8.836684883905074
-13.487123745154339
-47.1759853287106
-34.01640756290929
-14.566969611317708
-19.603834888995852
-15.482114393962535
-26.00944087947071
-27.379071543535613
-14.216285770240408
-13.020476354811866
-55.06756573761488
-11.582297139501259
-20.1397659544198
-35.90652228626945
-36.19371058663533
-26.9066905277521
-53.03926221853625
-24.178930912039306
-24.424978686398262
-29.924575734767636
-32.033563841411286
