-2.4304447482440383
-19.8495019937921
-20.788685325123105
-9.811744343680987
-6.680705558635791
-25.7479377120344
-25.149090106388293
-15.099886107582863
-9.117390544452409
-3.2083702677519286
-6.646196658002802
-19.173411739479096
-13.167907473889617
-13.587905975491905
-5.880520454301226
-3.7019218093934128
-4.265623069664606
-1.0056216218588725
-1.8805999853876618
-21.503885693299523
-8.075255101514038
-11.077372180872437
-7.605848000703132
-6.946390209927288
-7.294456921864158
-9.759417959993666
-10.524505042658635
-7.749947616247343
-1.1231487832923708
-10.876362169617074
-8.72023293959775
-17.767184251535994
-8.99487179076474
-4.332016336142084
-5.533549386318899
-3.848874882225284
-6.54472342841286
-2.293020909850783
-3.905800244355817
-11.030646864444629
-6.583101131308778
-5.314015433067749
-2.44436553922619
-9.691306662196649
-36.39487415489307
-20.00329990893665
-60.16227586158166
-12.058462268687427
-4.674779369622755
-1.7791317279600112
-4.7178322866050495
-29.983873860950553
-2.2061698567885033
-2.796561713486603
-16.07570534525477
-17.922978321341073
-24.552816643359446
-9.62379167930897
-10.609346570776829
-11.065575971770192
-15.19965674738291
-1.4516366699210526
-19.131147317740844
-21.409035534510895
-9.253009073467869
-4.252817220590327
-6.020348140083589
-5.697972302836865
-3.3477454559388256
-34.91061910372093
-1.0644278063513943
-3.6998970042549475
-11.45001372773644
-1.5865962920222831
-2.971523349257821
-12.333998125668451
-18.021983004964977
-53.11087169655162
-1.7015120258993184
-5.189374892700573
-7.114263909277087
-8.893438942667713
-5.194933962977525
-4.107140612859459
-2.5244538573463537
-15.647563519930555
-3.5290904213817016
-10.094243011399117
-0.7417594713792833
-6.88811938269118
-1.9276060189161779
-11.006898988670947
-4.294563578319875
-11.174972628538718
-3.5036302739265803
-4.115059102953592
-12.36324194703827
-21.061463780745974
-10.527719229627724
-16.871716050551996
-4.315297167642185
-8.283913320913141
-4.17719127398671
-9.669009970441126
-11.34412949290807
-19.453436352852275
-8.836326638901491
-10.118201395208182
-11.486659529219095
-8.123972512546008
-13.194801377020394
-12.120378359565818
0.30607246014325745
-3.2731478307101636
-4.07232894662768
-9.45124166948963
-23.893105179818136
-13.478266755104825
-6.236501041725129
-11.984573033301753
-6.417428680823685
-12.210700101206672
-4.790036228747483
-4.613620749206382
-36.10751988651701
-26.22585579440586
-7.010766375963026
-17.78607973323071
-5.411415629035183
-6.905930742036025
-7.890632234489006
-13.160120541850516
-2.0111395886247325
-51.94452592456936
-14.476933136239257
-7.241378445572222
-3.3449968381743043
-19.59469669901452
-3.023137139537068
-3.5098298067175553
-20.438444350580756
-17.288311169282515
-3.4440412359023105
-19.953804025192007
-16.149293506850363
-9.115845699517383
-3.1847235270274226
-3.3809185104992756
-5.669498762260231
-10.177689535185191
-5.392467997899237
-6.083405999072028
-7.078199746864237
-10.88212385651975
-3.537787211765668
-16.542308293393692
-6.4660960558403
-5.0528651439774
-3.5754330595298374
-3.560449255354467
-19.18483905499083
-21.770357236690185
-25.819040165639777
-2.7928195727697593
-5.244982538584319
-7.082712080913553
-18.416798707384338
-18.923198040452746
-8.13568059995088
-14.414179652754685
-2.012916901123612
-19.9536024036003
-32.89741726992379
-3.3059360934195103
-5.28309865745644
-1.377990900299955
-19.652490383098883
-6.245409601531161
-29.486442895924746
-9.005975255553897
-3.0088812185813496
-5.4928930797546975
-8.9793248064181
-37.47770092621917
-1.7559045648613583
-1.5739608371138505
-17.63426005148856
-7.83912176761231
-22.46753505029343
-10.525280134914805
-9.456876934984143
-19.118560774573545
-36.81548510984519
-14.950169609202081
-0.9895128250417039
-4.710969288560307
-9.847794226323913
-1.1193350269478186
-13.801341958626233
-22.07885375051094
-7.906624381349712
-4.693936108633326
-12.045100784797539
-1.7811701307431238
-9.426173409345253
-18.673398898386523
-6.4319512018316845
-10.572571552874482
-2.8596744841121087
-6.811768209877905
-3.955551900560071
-6.964786507005887
-11.565763482040438
-2.476594299592956
-56.28966876954515
-4.20686829453167
-21.56630633631048
-13.777611063846738
-6.037920860486783
-16.406479912327924
-21.300582036067947
-11.040538541657646
-4.292715489767732
-4.648881454847081
-1.8558923939658671
-3.8164277658310097
-5.956397662826456
-21.656506923321267
-2.814397152344111
-29.447546221201048
-14.189645774028676
-38.67718253615929
-16.164187759651902
-2.0675798890671064
-23.413856512551856
-33.515025513649896
-17.688590516503677
-8.637252387825892
-2.3713076074798103
-20.189004893951246
-20.601341468042314
-3.680141347599359
-2.4360055459144774
-43.72469765859998
-7.909149790046503
-5.764563462659803
-47.295695340246965
-3.651127023484893
-7.0275095810433905
-22.12973714377992
-17.384150001991443
-7.527005207607206
-23.1956702663867
-6.025902747523158
-18.07068282603652
-5.4513487962924705
-25.457764635080146
-15.115616215356614
-12.327744499336776
-0.7627919895150366
-2.062858370049369
-16.835630081778103
-29.940415145110858
-3.385660241098024
-9.764551083727925
-8.119074498478843
-27.521296204838542
-4.493331277625359
-3.278464020042933
-11.069644242998796
-11.336389050008346
-4.66407267543764
-1.7451610448290027
-4.698416855852476
-14.761664118703683
-6.4000928119550755
-20.0216565087753
-26.704578449374907
-19.30729213320203
-34.3775642890372
-7.182637488743941
-2.8842785505309534
-1.1427923085529486
-13.845762799567588
-6.362223799887082
-20.0312752231295
-6.483328172297818
0.24751784744866706
-11.503909216769937
-8.35622384339244
-12.604046805100792
-16.13018907319549
-21.119576387200016
-7.130840815614025
-5.125578038858528
-4.309730221169686
-2.29900402003958
-4.908982026991422
-6.511343777388446
-3.87242624904701
-8.385689758337143
-3.851673300721944
-39.24956121624818
-48.48364737582802
-4.513689722820614
-13.116286713112327
-30.575467870855476
-8.674275970671697
-5.76357886763308
-11.239261600723244
-4.625543325296497
-1.4516366699210526
-12.067969899426078
-3.9658394871557827
-35.86491896487189
-5.98358262402653
-15.778278341183563
-6.582027113437225
-17.778349967249845
-3.9107086670199496
-3.1061629093860463
-16.577466316409176
-12.1362908109097
-18.56943027627266
-23.006027868496467
-3.7150981612083323
-10.769647568961712
-6.817260344616855
-33.145146358067734
-8.999734047320546
-3.9547057441908446
-15.897408935660554
-7.316009313477741
-21.062025345100093
-5.758362452171908
-2.570965168015708
-12.750855560889212
-7.854777078729282
-11.56192027163211
-5.952464513671135
-2.7402734408547835
-25.086972122956055
-3.6471194929919357
-4.315719186057908
-5.835835396261208
-5.815212584279076
-10.88373707693178
-17.208717368736764
-17.609706391753654
-3.844324729535003
-10.538065028983691
-6.954563451773741
-18.59141597860605
-23.40114512718209
-12.033749415368794
-18.50706079473566
-18.106060099687813
-14.031405300141545
-5.733134249509997
-4.895590720749377
-1.1559473012919865
-3.091600791827058
-26.039589766778853
-20.02411699984434
-3.054499630597946
-34.06817647498917
-5.413638573903295
-8.309814573521965
-10.891360871967944
-3.9486670715081167
-3.4034659560798506
-11.81107244728647
-11.331701750258055
-29.730822535688926
-2.845383386098065
-1.8165659441361393
-4.584571134540779
-2.882021476020337
-11.407580521338058
-16.16700821066326
-3.1330311008022944
-14.718059935069515
-7.802420596115704
-4.643849511060514
-28.08076630133932
-17.03660575143045
-4.5293218501333055
-3.703552955459875
-45.944450084715974
-11.76877167202908
-15.336974001387427
-70.79659864371897
-4.412388792733157
-9.720586972389132
-2.966701797981525
-17.80555619341679
-4.110253949596
-3.410534262805932
-5.874227139195573
-7.127607090511518
-4.6727437068190065
-2.419241481729263
-7.004217145612663
-2.947856171188158
-3.826136217797038
-7.211836418681513
-9.160044245315667
-7.154763940900762
-5.272709863096157
-4.290147380126868
-13.712184701866645
-6.418103080477965
-4.875124975171608
-13.704177894334562
-22.347912948242726
-3.789736479729846
-5.217210223035925
-6.418411738537794
-17.57642796507276
-5.080286926488585
-11.10789255732651
-60.53439602212889
-19.228552535583685
-11.268262491526627
-2.2764008607776276
-21.814505909733487
-5.305591425286435
-9.233648372061463
-0.7820987640490518
-10.594788335259128
-3.270282431012268
-8.681252889304266
-6.491255012813565
-6.515169380270727
-12.507861176039171
-7.4130237918347035
-4.3317393480562165
-5.419829024320714
-5.7378825197936525
-13.492807644362623
-118.84545509061957
-1.5954841330502723
-4.123411555218719
-81.10451479104655
-7.186611940853339
-11.657576907672903
-27.89020872712672
-6.146877270637464
-4.969846666432021
-8.564903079043386
-4.57992096272768
-9.114989882884352
-8.131974548826742
-4.909805346435274
-20.440001070501367
-10.874491302806701
-5.36945314357843
-9.301309716010202
-8.402188226188537
-3.591266846295694
-12.512005373301136
-9.624486978863503
-9.487101513482456
-5.2767479615064525
-5.084596913025526
-17.382280274350812
-3.5982525815676727
-2.631062252044633
-2.693971531161222
-26.246933924855107
-13.782933351735911
-4.224723499898799
-5.674232258194334
-7.550747180337684
-6.9125936209269785
-3.47216419230032
-8.080344092501914
-2.6675371526364793
-21.320758665550592
-1.8956073771453719
-3.977398901245249
-7.532101605816394
-26.104723748862583
-9.594822980653703
-3.0542068993806635
-13.350507016112857
-7.7713763057182526
-10.621287574846543
-5.809317238550245
-3.401906349333404
