-22.17668793462893
-10.920343377051097
-9.585614125779925
-14.063099233494697
-8.736032772057378
-11.247342225169707
-8.01350918715996
-26.44558964599777
-30.355173088193833
-13.41328844006695
-19.01142379255952
-8.087634718266305
-9.063385526681024
-13.116274121769376
-8.71202794171065
-12.074762828709547
-24.98311762688691
-8.195617372045957
-27.33294473973738
-50.456833884412745
-24.62859118866446
-50.58515234550108
-47.214132208807605
-17.827160125705856
-21.785852374110988
-35.95993030191901
-46.66499797409598
-9.364587604328365
-21.50682896672844
-10.291873116854749
-7.5818479323022165
-41.01506112791961
-89.60772812105034
-48.29512035267206
-10.14482370652557
-8.694039525477413
-10.18227785537696
-10.248559889470569
-12.30029086523789
-26.098575399327224
-16.87819257253058
-12.567322801821357
-28.434781247020982
-30.324004692979713
-63.65746479054122
-29.63198464060716
-41.04519508529275
-7.67397515337242
-14.928914952831104
-11.113035570279562
-8.270758520895447
-14.253195860719668
-28.684590688259206
-16.861623499800938
-19.91005430845525
-14.688759368993406
-12.485979264724085
-37.78246130986399
-34.75077231908148
-17.512621092048064
-14.198993647276836
-27.179982282533683
-11.219470545899128
-15.987985305238444
-9.322637194863312
-17.429450315548262
-13.036348079831047
-9.278050938318477
-8.961908290209648
-29.531377934672815
-15.243140372277715
-33.558596965317975
-51.32075154516118
-19.381111973646952
-10.437812597996938
-17.354153724975568
-32.55246707952785
-25.531412518139327
-58.27729759265503
-16.840750542231554
-8.923016721136804
-6.034096742172006
-18.033998289803066
-25.804678747997386
-10.952945503949728
-12.933392096685683
-9.162270702800814
-39.426110507489376
-13.255860680403586
-16.334521903489655
-18.816133684549516
-24.971217164122166
-11.660415237236203
-10.695730314570893
-21.32028778182113
-16.675508419895788
-11.052597706672922
-28.61484766609243
-13.771798188335373
-10.667888609698583
-9.364587604328365
-37.85187013777362
-11.38615855931318
-14.849257936872199
-11.904530545639615
-17.066127887576737
-10.338287380363226
-15.562533979124677
-13.7575048897433
-16.097537443269047
-13.637131239108552
-18.334858017588765
-6.400437067005079
-15.009092558642857
-7.261728162142149
-43.23753651244884
-21.297395252422113
-10.838316153988155
-39.46634278638526
-22.50912726747284
-16.327078485761813
-32.952086137760155
-10.186069386029507
-11.018187450910906
-19.04396322744737
-12.829821236984854
-11.437642507284439
-15.980583804919569
-7.589067579179168
-15.923745462740037
-11.52347369257568
-14.411127356974239
-56.92849327666819
-22.33198658872083
-19.985487896428467
-20.699384164890354
-5.876773277538711
-7.857590331655748
-12.101755853263924
-7.747169789922304
-12.799855025627215
-8.01089707287585
-28.66270362015514
-13.334878679031524
-6.6634196983842795
-36.993348565637305
-8.615644912767833
-13.858600022209762
-8.574953857401388
-18.236500490522136
-9.393193446097346
-18.2111847720188
-9.355999536793686
-8.011717660292968
-49.185395694923756
-33.50929977512745
-10.778839631910111
-46.13111653248951
-21.172586855149405
-7.577881394213929
-15.366331929586805
-11.31090374171479
-77.44008893388548
-17.417301874192738
-10.64449089717843
-55.83641016744483
-7.381942805351114
-37.447546098621935
-64.00132306238322
-11.082810559980985
-70.31793834275904
-13.62047793639789
-18.120647520948015
-71.44501844056775
-8.619115691893308
-10.017817540369009
-6.631732196441914
-20.683235143130243
-5.653985370169604
-11.250592367616377
-15.969873571234617
-10.780243164182771
-65.21393408738953
-21.906934395945864
-8.69990988453147
-12.852537900301412
-8.88752335825375
-22.633140925553683
-43.37300425500605
-27.503993017699393
-10.064167484053527
-26.300594851460726
-13.968984898685019
-40.03506920371488
-82.75004490375046
-9.594212149866765
-10.503978358633391
-12.429693655359388
-12.902473724214584
-15.0003063194917
-53.34784467593108
-7.946112068093044
-36.12288166283053
-48.911447270402974
-12.972946385676686
-17.14186124412857
-6.750937914260018
-19.942435069572692
-45.26839420508397
-62.86728303104207
-9.676386825292715
-11.218078942729733
-18.166006260689738
-9.246483269909929
-8.771217609739695
-12.260571290816264
-9.198174420623
-15.632789397629155
-26.57179537481152
-23.363690219711835
-36.0236752709428
-95.8194866080282
-48.27261071617504
-21.756144871763862
-15.55379986580919
-67.15055889586495
-29.11750273315171
-7.692052534022263
-77.52402007000654
-6.920384096197278
-26.50265313162189
-13.620168402343397
-25.87501554689631
-13.464689592114212
-49.8597030727092
-11.56668619829865
-6.092156056907033
-17.35856337466673
-23.815530165859307
-19.121028154085984
-9.020128110389008
-11.824974844574987
-17.866393527894747
-17.257443638258263
-28.232149041700378
-15.308300816793722
-9.706555002322936
-13.41959780684456
-14.812872014833237
-7.050944364292019
-13.934638565243329
-17.463171186601215
-21.5464947184068
-11.626106186111045
-7.709281730199194
-21.345906363968577
-20.897648917160122
-20.158529348611292
-12.550798871927759
-12.977689314382083
-14.689321042792171
-11.765921224904222
-1.6439177305874
-9.215284325483617
-13.340322935544103
-13.008740358155768
-26.81812974466378
-11.481839179695259
-16.859206940617515
-6.007088366523379
-15.231034245368646
-11.64597583498322
-11.873503040831237
-79.21898562792875
-10.578682138415493
-12.575613090769586
-8.420759536711882
-10.835944263839295
-10.212335747099543
-23.581150198204547
-15.324273623625166
-13.301183684878179
-24.241350403474005
-8.75406921458247
-19.56253957945226
-9.877076421621542
-9.104067109643733
-75.37479864014279
-20.93894163892528
-31.208259288941917
-22.2670210150327
-12.11031560404724
-28.434907695115125
-9.461741181440011
-5.365061633322938
-11.662731006356868
-14.650339934916719
-13.462791041585847
-9.970253694068148
-32.050521444255416
-18.25250209437137
-13.981464652036044
-13.772094734520763
-8.54647926665592
-12.249260552731348
-15.045983400261356
-18.92503757074351
-6.920488898828666
-21.394555920454014
-13.796532301182419
-8.794365776010947
-53.70166813097021
-219.58055164907503
-13.692721403674518
-33.31695309894051
-20.321529307404205
-9.608640620042198
-41.433059944661764
-11.208749843460646
-34.215808928205426
-8.701022246307025
-34.66297048816406
-15.073895309121111
-53.78158732602395
-10.218222228526141
-13.824686890332508
-8.049619557527
-22.025815387336543
-5.256367470998638
-13.771393199412902
-35.42273898198993
-38.52860802270346
-14.453314778083765
-16.712225862072398
-8.322099703688577
-24.691727052990558
-15.642129879788676
-10.702113755036411
-6.786343893703248
-9.786648527523983
-7.861518262922494
-9.181920727540776
-10.713984864245111
-24.13626672451173
-11.233063472066771
-9.336018221366293
-10.692498992077889
-50.378462368134514
-86.72929213398332
-36.20649517111784
-76.87560705946488
-15.610669357222346
-6.485291970013414
-27.741958152148325
-27.26270909203968
-7.57417793556823
-18.65193259711717
-46.99218512022482
-9.38867841565278
-34.87847576149932
-30.579945514690106
-17.06228348105285
-26.124224363280966
-26.776117994198774
-13.609954136482287
-31.379125007420143
-10.354959643819726
-13.995120866881031
-40.53098874321385
-7.650033931667928
-17.024350428294127
-68.30088674843456
-10.145930284022084
-22.782187924954727
-12.46662813378086
-42.48029504624681
-13.675478666991333
-14.074981458380929
-9.715609213672042
-39.18899522945201
-21.553011156383917
-26.55629126154183
-12.800231101755392
-11.403639258449997
-13.319703678204988
-17.11461808712217
-22.7804049722456
-9.536742926613137
-20.977331764220306
-14.669170875650106
-11.649249360654341
-11.247342225169707
-14.00447908060657
-10.800521826394032
-50.48658711755798
-16.749711882151
-11.570075060565983
-3.990372516967438
-33.82114523161127
-10.849236630927708
-9.505237741002194
-26.972529287721873
-10.137577530962037
-9.854296874752777
-14.418081184004938
-25.994836831536645
-38.70895685849178
-23.049795961366762
-7.702997582957349
-9.500647816515713
-30.171468138533324
-11.517015548401398
-152.0568987133106
-10.061975993893142
-11.339074292885192
-10.306654423820076
-6.593513580890474
-29.747611864135813
-10.95624602901097
-19.328611421892816
-21.61703539285943
-8.92099166567479
-36.97005838852223
-15.771769458235383
-8.316067572675758
-9.872712333583022
-19.365911384581786
-19.84706747982853
-44.918226584862445
-17.695726355161455
-9.654994358780884
-16.418687927830238
-19.005189225304157
-30.9158711387729
-14.062638627258991
-38.551691829503866
-44.79644837950032
-9.048233409930173
-27.377032861249216
-4.996367678425119
-32.02555506397437
-19.41016649763944
-13.73876141478864
-12.374597864662537
-22.05618489142095
-10.615197730292106
-50.172659411637056
-10.661971806892943
-21.13720947568212
-13.34234910432496
-53.99492417036977
-51.64558841209515
-5.588198402836379
-22.09671231396449
-11.184669413989008
-6.340215827986864
-13.374939395572412
-14.262645119277689
-38.61705487509334
-35.1826809069145
-9.053942998744974
-29.66670610033072
-24.05695833034925
-11.866129139785837
-43.920082091432576
-24.35545082919591
-5.44199747420578
-17.234374652756312
-26.06782069619059
-97.87862086339126
-6.920488898828666
-15.873153073849906
-33.62748331139393
-47.72250939862215
-28.59042580245607
-20.813234916082685
-9.722067892099833
-18.225534253500154
-9.493416766409167
-32.805065365994324
-12.934516592690589
-21.017186778568753
-19.500095998726234
-10.512211450115192
-11.935517796816978
-7.645623258340404
-24.19053690604923
-11.934981508005203
-70.42053404222331
-26.179447477722018
-14.301090204482406
-9.091188668010021
-23.23566892753702
-19.146068905950408
-10.144715277104474
-15.056819936696357
-32.31414706457087
-14.598000154958399
-6.986880025261906
-40.96779469488436
-16.14468887468983
-8.914256448531338
-10.16561047600067
-9.2609691653599
-7.978487294255523
-10.211666925695729
-18.568661251084926
-11.274287790603065
-6.523218990579063
-33.734410682786155
-13.4302594948612
-24.90244443959516
-9.364587604328365
-39.00097610030701
-15.018418397844954
-9.487464774698468
-21.84561261787599
-20.03032497078537
-31.04362406335465
-17.074220487598854
-9.005843040169017
-7.563093177003786
-33.065745988712436
-15.409687947002203
-14.641155638597452
-10.362732978727529
-9.876377230793056
-59.348987333162405
-13.144856482843968
-4.893244217679623
-18.713591603492283
-19.70443774517515
-30.487649128474057
-10.065680301532879
-10.647310399282388
-38.142218284898455
-9.208859473842358
-11.613883019548721
-13.2370382466583
-43.0182207267968
-8.686787666648895
-34.23374840033563
-16.820645886794672
-16.238762765512853
-25.85581298268534
-9.35421486762978
-15.634426000776832
-15.153633424639573
-8.283804813759568
-14.326924071637455
-9.261381990100634
-18.059002025242002
-15.745983684963425
-30.666717949097144
-10.732633555535328
-23.848207858681675
-20.781797510959763
-57.683603655317285
-13.460452049089403
-13.483002604729585
-37.15042516229105
-12.477000118466394
-49.178424220717126
-8.927761565270908
-8.195504765673975
-11.57408535340381
-9.958268875273964
-19.581720306364925
-14.029514626925812
-13.687481006511762
-21.738389004708957
-8.058108507156721
-9.445066810392412
-15.229276063172243
-11.200628275268063
-8.092186239504182
-19.524957461863146
-28.902989822699
-53.852736048188646
-15.205972039247742
-19.024012097071505
-15.6379413515295
-7.952104639428158
-24.210371273692523
-12.646488731232413
-10.37282140521414
-20.85482066477922
-9.653869098113779
-9.508705843360303
-66.7582279754849
-29.01258736693621
-12.015250287052377
-26.035294026722376
-11.963273383868462
-8.263566649678493
-25.351848699470793
-30.831185213462174
-6.92549232582174
-8.412710343828985
-32.689293424346836
-19.836157039308876
-9.215121258766509
-13.158151943096954
-25.417638391976407
-23.959089799250943
-44.122239923389934
-14.23088188088559
-11.788464111021161
-9.626263529762754
-29.530861528939393
-29.67477967867407
-8.572006395949716
-25.882548638857376
-11.707191451687295
-11.476196664320584
-20.742373596781277
-8.771792505915489
-11.355850449808676
-39.49486154389828
-8.795178582171816
-7.053543775182018
-23.62487706808969
-12.691105115369979
-9.845905987234548
-18.36619169672692
-13.584928284452856
-39.14177021034921
-13.131102372785437
-16.97942553330872
-18.045562268071876
-17.567482951164145
-11.114775187069167
-165.74308536224854
-24.643716094920595
-7.465060638278142
-17.457265905838558
-11.095107260268897
-11.599893861888473
-14.73940265150758
-11.477995975917146
-9.032512122470626
-64.48607457429603
-39.35714422219447
-17.663197415470155
-14.022921724634632
-8.127430319526578
-24.178197737587013
-8.147795567094612
-20.306565851152783
-54.68433282143337
-14.19579600096117
-27.609094547648773
-12.63098288427196
-9.251329064783484
-6.3973529436086904
-22.139590592704675
-47.991089026909194
-5.933541445542427
-15.262544902389058
-14.837506388015592
-7.998141806316149
-12.78475796928551
-10.63123678040451
-11.420509640694977
-11.762273018544136
-40.24203860456126
-14.696465544176037
-7.032094507696574
-11.212182456506413
-43.018191953220644
-24.870915934970103
-29.185638170438427
-9.967309313785348
-6.540981685926267
-19.05655161841625
-8.518606179465634
-35.00245539389518
-13.608360257308792
-56.30941248585371
-10.599627902661094
-24.465207077518823
-6.931895084379181
-19.498888403042017
-8.444984624565386
-10.108983068210234
-9.810485943664
-4.306644159249718
-18.222306532424042
-5.653985370169604
-9.595201942821124
-12.40406829027759
-10.305792470969807
-19.409357933855897
-12.758925996883944
-9.103021193806628
-10.079736584253068
-9.208859473842358
-8.77366108396648
-19.347209671673426
-8.019025854139828
-40.78160079830683
-9.315328653513955
-11.319595780529594
-8.253877488007722
-42.86554252574465
-7.779854671225493
-10.92394962925705
-9.861803984392433
-19.410879109834863
-16.9688388495926
-9.320749424048715
-13.796879877139414
-118.56841482796435
-30.502435801720825
-9.402734187917044
-9.967048698993462
-11.595021014381265
-12.376685073817626
-19.01397165045649
-13.906365711175603
-9.161124687218425
-6.269928589315658
-10.084153858127218
-13.053419287965546
-18.533566116721385
-14.62180748280214
-20.19165959767876
-12.37687404340622
-14.337288454877267
-17.586108673198808
-12.02340435539325
-35.57468633005576
-13.100403184120859
-50.36264324239937
-6.082948685636217
-7.104973454012794
-47.58865479786285
-20.029338561258164
-11.805343865395372
-12.648891484718972
-46.70490333774718
-18.127622523313285
-7.011516297280357
-24.88621287407798
-23.56717114512162
-9.056393584978657
-9.336018221366293
-8.363976761395886
-17.52073831828335
-21.836054667348446
-15.52923072628284
-125.58520019275404
-56.097783567389314
-11.230395986235868
-8.582182918248337
-24.42342480631457
-9.289779472171622
-21.296196194190134
-20.798408077762453
-5.943377953488011
-16.73615369559121
-16.54248640708484
-13.25249996940579
-31.9929603935797
-25.2755392784162
-33.391085059233205
-15.571900451580879
-10.910089853126589
-12.156831660170502
-16.580982186305768
-10.831504000779974
-11.764682579706875
-21.786228722325674
-14.273119040806254
-28.93761486119243
-5.543809759465949
-11.124315285669985
-21.697430385118768
-11.096412563482144
-9.902318636115082
-18.27335645845543
-10.887534924936922
-12.289548967191394
-8.703081035763669
-9.182368766613429
-10.362696289737618
-7.973819582611601
-15.734413603132952
-24.315280368455767
-7.965915039885518
-9.116162120308218
-13.239292314407509
-19.706752081954445
-8.581203917104332
-12.680431375000916
-8.108526987251292
-28.333773928924902
-31.455544882069823
-25.36795210402745
-22.869290238540618
-6.221118918533859
-31.835174981035216
-11.084664139849902
-21.343546407332344
-36.7966876833045
-10.746183517758709
-10.561367648998683
-7.8017537893598785
-6.510249120735872
-54.13246836402234
-31.12241736437683
-16.709900436932557
-26.374172456724033
-27.329056728553816
-12.820551946262531
-17.320961365774128
-9.70146804318485
-12.794942704725823
-11.654489608163773
-83.41389748469837
-8.919337935097756
-17.830187823555736
-22.721775627111327
-13.415819711935962
-22.180151526540545
-32.180098885052935
-17.52628005070587
-10.493122419067094
-19.44569071496886
-12.505158682325188
-11.83537974023434
-23.799941055301364
-8.247593113891165
-13.380178521001346
-25.93522203334979
-16.218696771511045
-8.194885017483369
-55.49109035886831
-6.045599245005852
-6.465582119557431
-74.15500580922517
-19.1689189671253
-12.54465588384074
-31.06373021862383
-27.96643206405116
-18.453313164917013
-52.46171141392842
-10.30051033154075
-11.646399232316686
-24.432442156626387
-39.3269263310534
-17.89454529438485
-18.38501433709285
-18.327172048084762
-10.17663985908779
-7.685759258072746
-51.969802614344296
-7.234899044227778
-11.641905270608076
-19.11951617408293
-12.688529845927683
-12.456359667811988
-13.531597757858965
-7.8731772297046065
-8.232585586103669
-13.045849706551794
-15.469407605095164
-8.031220604575655
-16.987592594633625
-7.568702871600904
-37.71645278166836
-9.495428499288582
-18.385644517984357
-6.734747462679894
-25.056535620920148
-12.070548172038182
-23.160816766622066
-20.78793574433274
-52.668287964449576
-13.034126019202454
-64.44066201734006
-11.069655623442815
-12.372040035241266
-17.224298903148963
-40.160821023682
-8.392984160116614
-27.594794241070026
-8.52962248754022
-33.5524898986855
-18.204649197949692
-48.607998031124104
-21.69614269724117
-12.665501667449966
-13.7664513577409
-30.250177977496136
-80.0201303126855
-19.697377985609236
-9.848882778105114
-9.091188668010021
-20.582869614117374
-13.772451854922151
-14.406014991278504
-20.16981138580978
-8.236371300276673
-17.453505008391787
-14.489153788339594
-23.114511054304682
-27.363566860787973
-18.44901143632299
-9.653620847300289
-27.514003885921152
-13.640297716231373
-14.810208127773913
-9.137970064047071
-20.120993116152544
-8.413084520223011
-11.748426726997705
-21.570186974774497
-15.987309448295282
-14.424466727532202
-21.273900833345134
-11.944498504897764
-9.478680135815745
-7.547454522427687
-81.80678544784985
-24.782287975290142
-8.517725538219125
-37.88987672127008
-7.422073528573934
-8.15229811746435
-8.145214610853165
-20.294705753011907
-9.583913256159546
-26.437052877555196
-8.043817380935522
-57.16033577251873
-22.331122382331365
-63.78626577010799
-39.50319050989564
-34.85111851739906
-13.638187354544863
-20.76034492152107
-8.632235205927243
-16.67008877519598
-17.66408348355046
-15.004428885344495
-9.220628666766324
-16.73978898276191
-17.058175308666847
-6.045599245005852
-26.48442370818734
-43.00489936983887
-9.392947854185374
-17.404631941836357
-17.943002546190456
-53.52043638305851
-33.79969354836873
-22.246256826921925
-22.913373203799285
-13.78247316964891
-18.71676499140862
-13.609924416471388
-7.428602817000873
-51.687602090131605
-63.81522895506385
-14.697519746178044
-17.704054464319697
-25.966915597344105
-9.954978905429536
-56.214865927702014
-14.122340148567254
-7.946004748109979
-16.84258340812656
-38.871628297671236
-10.238309044319383
-10.393894853544948
-11.285840461331894
-32.50839115665916
-7.501064702847002
-12.380992827983778
-7.145125445689732
-26.05798172746828
-52.9281465287022
-12.664426525880208
-81.33697133356709
-28.640077425083348
-15.383176503949286
-27.436781868026685
-17.554895129172916
-17.372321030619787
-19.839765087752117
-10.191103787874622
-30.57208164394752
-10.279153577021697
-11.165817950442099
-9.108891022206075
-16.68432152892946
-13.02121482411756
-7.852535491699918
-17.683617920271068
-7.403893508497584
-10.772711770183854
-17.58383738553871
-30.37870360977963
-9.132900125670652
-25.692164797144528
-31.574254495583858
-11.402439763369406
-17.160168624574975
-9.786648527523983
-7.225218731734744
-11.736591754264126
-20.101782354536926
-12.397138696809835
-25.632065991388533
-16.068323884056074
-13.402132971091442
-12.724604322488513
-12.627412542215398
-13.04171527933097
-9.376289485054325
-15.856850135289303
-25.51859675543322
-16.764402887722436
-13.466729535284378
-10.47026241890197
-14.932926188986668
-9.10787542906593
-5.855346211779463
-11.828987076600178
-10.734977338956114
-30.02617047106166
-17.91967598382777
-10.34233443060067
-10.19498934861458
-12.967322568822151
-8.73022025879509
-23.811868511428564
-17.155798776268192
-15.37518728184002
-15.310270189109888
-27.608376231139754
-6.631732196441914
-7.0336810289120875
-15.787165936037264
-25.147433424553938
-48.47504816981109
-21.001536717640626
-5.644149311317072
-28.76204994441788
-13.184411742732099
-9.771670458412832
-17.73813746564639
-23.487309805968508
-5.662795151361725
-27.590993022385064
-18.204823711482792
-10.729029576331003
-5.798672050285766
-19.710625457033267
-10.422906231602765
-10.286326157656823
-16.52764015401707
-10.249898332522339
-11.108168202172664
-17.802555066909065
-11.478813202129425
-13.611550809602065
-12.21589169522395
-16.76612688596452
-9.359393968907083
-34.13281420929053
-77.643532826002
-6.086271172839018
-48.494343940869165
-11.780499173428723
-10.119203678351282
-139.69291947236232
-15.518809935264663
-11.22520749501045
-24.461524237312197
-11.394291215397272
-16.769705928082544
-5.653985370169604
-37.478767373142986
-17.288511348369898
-20.42816137103131
-25.577201833713488
-52.15175319538162
-6.225518405785292
-36.22606389801307
-11.540624760208809
-40.53906840668584
-75.21327064712614
-18.978495540870764
-8.501157040618537
-59.25597380581664
-39.939759916727525
-11.445972109439328
-14.682158922590327
-31.395228968980277
-59.62907013364902
-39.19443727138187
-10.884994451384587
-8.983431952490044
-16.369956047414366
-55.92332799735284
-7.076414675679687
-60.30158474827086
-23.823106473520074
-8.9283585662859
-22.812166235444
-9.536945667780927
-15.14077099237045
-10.6134599154954
-9.446795297237085
-14.928954508690012
-14.513607542416493
-13.197460684342152
-14.636934594262494
-12.466001369667005
-36.02184844871301
-8.069566629156883
-11.127595660623491
-14.677251170511349
-60.667954639608574
-8.23196037853601
-11.804395984443726
-9.289779472171622
-11.486282556653753
-16.46507426213059
-23.37509599498908
-25.929795200691053
-21.04161245565784
-31.410189632730933
-9.17788207751299
-26.258475304219367
-20.30041148448883
-5.904874039560552
-7.271007434464274
-29.197059454675642
-16.554325363741246
-11.38359070623004
-11.159292757057269
-14.250786072999585
-16.933590945428588
-17.15203457283253
-16.63311297932736
-7.707747148000985
-17.748681167458464
-26.307548877337446
-13.251502484106865
-18.382334030414995
-6.40163401300887
-25.87809669589026
-10.552722354220174
-28.78101508286341
-44.110470563974324
-40.551748422230126
-17.416855847169945
-35.34781154413982
-8.126907270005034
-6.778196780717371
-28.74589167181373
-10.03164428628808
-16.646567426218528
-14.540273221918964
-24.84268130573192
-9.183051121440437
-26.06191888526137
-8.236371052160559
-11.812049184835399
-31.436579484777194
-17.147440811648245
-17.63596809529523
-9.570489759198532
-33.434405063509544
-21.827023940326626
-20.151368750053447
-46.826826633906464
-8.999131946080679
-7.208184690954379
-16.928298198355545
-8.820983478701153
-19.94752917628132
-11.105757801292219
-38.554871298197746
-12.425204118523222
-12.911838915481612
-52.21913364965239
-22.68419813151446
-9.704644132257883
-12.074929924153183
-18.51183481277432
-13.787443154054252
-18.613813181121216
-9.102392121048679
-27.857033369479364
-12.60782817887807
-7.3319046249892095
-14.284666381125081
-7.011516297280357
-47.151209123906675
-9.00844982844711
-17.267059130029615
-13.965461829897878
-14.286929404148488
-16.901190750989567
-16.381383679099475
-9.637261146511202
-77.93032791436397
-10.811787310680248
-12.592648627708261
-10.119203678351282
-10.90389647545028
-15.990674580298492
-34.81409071087199
-9.895803655856948
-15.172436328969921
-8.820983478701153
-64.10883322367502
-6.135187978602284
-10.389228451325815
-12.347737558674305
-34.66851935673216
-17.377870566087704
-9.015741355250555
-32.79958997252732
-13.115753784236004
-12.726486054253794
-7.963931064947471
-12.638162063508515
-8.665318480864299
-5.876773277538711
-59.89749118799885
-23.808785212579608
-8.644867202555655
-14.127298277820445
-9.086109630257454
-7.871139981788965
-8.36347984482057
-9.232327731524395
-9.186029182954618
-6.607101041058295
-36.85633993895522
-13.385342879613873
-8.155393493356513
-10.935577850980927
-18.957638611385992
-22.239525636297923
-7.2782625050162775
-9.080333193025432
-18.742741137376644
-9.247183689750157
-9.016385086476882
-11.967923968061276
-12.859432122443518
-18.11317943463471
-10.481546128638664
-14.0049693001577
-27.006521796343524
-7.457057915294539
-23.79214956230561
-69.62562085125764
-45.07345252178222
-11.812925494091035
-37.63268515037424
-12.385071086261677
-9.244727521132578
-6.921013288489004
-20.989338867098
-15.580827592507605
-20.194258592088563
-20.814806220148714
-16.526429564129216
-9.686845249317088
-9.17371303755316
-7.929414454950571
-21.97982747688603
-31.682393798173585
-10.53010540937596
-15.704392379224236
-8.906297711254387
-24.777823233718085
-10.237513438959963
-19.190206006193673
-7.0918039288549295
-19.99015425495192
-20.886780247822053
-14.403423958331013
-21.213735089104937
-15.842035276221448
-62.11799074335224
-7.487517644561533
-38.35334958400383
-9.504418949840945
-104.50566961501345
-11.860604180219003
-9.96748161880324
-6.700577580045952
-10.703076143556032
-9.61975598739971
-19.434334935499265
-20.59693364396622
-9.580644209474322
-115.32619311827627
-101.32409687946466
-8.987365091407554
-8.387265735130294
-20.39630486148927
-13.71895160075105
-26.97473972240751
-15.424650041354761
-7.6066116491830265
-25.735763177430936
-49.12082875759051
-34.31533816679326
-34.067118390736816
-10.221687949672004
-17.807230870270566
-14.766215048956502
-11.846635242808015
-51.17038978465656
-11.786997065494942
-22.39263519724275
-9.4976390911952
-15.67645564350909
-13.472913149231836
-11.207433004889754
-20.476461190224775
-11.706530426762168
-8.12607488914937
-15.897557685427111
-15.969567367070404
-34.3027094561851
-8.977420517682141
-9.839969805202754
-8.30919855578903
-7.011516297280357
-33.10490098158059
-37.31248176365019
-9.397288166826621
-32.68615160513304
-6.830755867812916
-9.92600434773236
-19.18099361657386
-18.79085384964694
-12.982967186400932
-21.40177038918284
-12.47478195167699
-56.019351698544085
-12.729433249888691
-11.401824286490646
-8.63745616289327
-17.66412054418233
-18.78364828776217
-13.699822429097175
-10.512064649419303
-34.89646759485072
-20.649314803382097
-7.627459516426413
-21.18092041990767
-20.768502229592606
-11.08011628006869
-27.92051915640447
-35.50941413018102
-17.002093100111026
-13.353249632573576
-10.231041247107928
-29.712168752764565
-17.815070364492925
-7.610423121844953
-10.690589848043425
-68.48745767347027
-15.112540072124364
-18.292147433678156
-20.20879766678655
-7.397565968013903
-9.24585310675099
-11.722989224617102
-14.27403644209784
-8.473453956690896
-7.043918157585173
-15.051339674045234
-58.30267996656985
-10.101151439806156
-13.170559999214653
-17.500994602558148
-23.885981743495815
-35.676790910965146
-18.340323861124194
-52.66016841487994
-36.329304083524136
-71.64043675990047
-12.317947541900136
-5.653985370169604
-15.957856057745506
-9.759918262373901
-18.423387871546037
-15.878669279002853
-9.978565935547172
-14.96389944202374
-26.207651704615216
-6.977037424449698
-7.2325995771552325
-17.99030257407746
-38.15515073942538
-47.00529384216335
-9.26682439295282
-8.259778228178593
-10.47398157611606
-20.566164403873614
-9.542962157386128
-10.916967724142586
-15.890838208341362
-18.398115995122097
-8.608199944211643
-37.129175117238674
-9.577209800287966
-8.885043479110449
-7.372644134173822
-10.007891345241903
-10.732568786164029
-27.289004891833763
-14.386781011751395
-14.770802076504918
-33.99147447799169
-10.401992170123709
-26.060323059272477
-18.673468294629526
-11.077484358211157
-75.0547256546258
-17.353162311141933
-28.45526242957502
-23.291018839040134
-7.628919093994286
-18.83288504152283
-48.7478056490716
-9.748222412659713
-19.450599902588987
-10.153440982884451
-109.99598236924056
-24.928816884524654
-12.55356479779355
-6.585032978636248
-5.567961398710984
-24.06161866647536
-37.74476770692591
-12.979095261931523
-9.962888604203169
-14.288421963098898
-9.188787804887
-24.427500721663115
-14.289028293233125
-7.118478833932371
-10.010238877407993
-17.60983415541924
-8.96568168283903
-17.363760110316985
-11.562209547564906
-24.511606394743723
-55.64049956021925
-54.93829850426923
-6.111060853889209
-14.742961764446278
-13.609279967859804
-9.669546819509423
-12.199433708251943
-41.32574647286825
-29.310257789986363
-10.560782969127299
-23.7273806503613
-14.444192726842228
-13.875728034701112
-15.316499556252031
-17.439853544696017
-6.109883443687929
-41.2788391897783
-6.618579148927793
-8.22741677999579
-9.348445300917119
-11.896258061084486
-28.16942861682412
-15.066133766905654
-35.63196803436189
-8.61346645072933
-12.318767560321604
-7.802423478815868
-9.418140641010474
-17.283557362970228
-22.484757197508188
-12.977484052195555
-12.151371834035233
-20.415765662761356
-14.20116405477297
-13.541129641811134
-34.92634462029991
-14.900301969415883
-33.375008645095434
-21.789150922971437
-18.588143172933314
-20.056126109736077
-13.141295822173438
-22.83388060480738
-17.606925159647805
-10.333211031578072
-6.202214960171916
-17.374233136964275
-12.199641435453458
-13.158974575263034
-28.53866097869227
-13.92272181380722
-11.725276630558296
-18.734636282297096
-14.659124526711832
-6.206232405233155
-34.81071039602517
-8.790779510697334
-25.624846912999118
-12.617898321337652
-17.965276831402214
-13.37494309317202
-10.260175647565248
-17.613729641693194
-19.476500019937617
-6.987869556555863
-11.68599858060855
-18.20716678010118
-13.731874366122907
-26.807931718863017
-19.128381437887032
-72.15987361809448
-19.292050615887053
-10.034396769051884
-16.492417393955133
-18.694122465755573
-12.754672119851213
-9.285301672794477
-14.78234030335022
-29.60778797304716
-20.053015302817027
-14.62456194090819
-40.404769732562066
-17.85215373196064
-19.644818627800372
-8.716987604044041
-9.462495924722928
-8.477129593367218
-6.820891629754121
-45.988867605260225
-5.653985370169604
-30.110822625931398
-14.248703101640546
-15.170309316143882
-10.908991523594892
-62.948846026993955
-9.055944100881739
-33.840057222244624
-20.555082591158328
-26.959319444743638
-37.28011309869116
-14.059055993643698
-13.03239463813523
-8.295389669853671
-11.46231236841873
-6.920488898828666
-13.92272181380722
-40.38364514141402
-9.333390323671454
-17.949320384193367
-15.705797904658555
-9.163360051184476
-11.422896444384982
-31.909127215191276
-32.041645436561254
-22.725046198397376
-16.13224982229757
-6.769604024346506
-52.18100767774294
-29.294064617835495
-12.344278521991793
-13.725669376028534
-28.48562587438867
-6.5342160505816915
-15.242125116830747
-11.9741450423751
-78.02541432200033
-12.201175735425814
-16.999893118447158
-40.8525313712168
-40.99895210507593
-27.21618723853592
-6.465582119557431
-38.01652411207075
-4.550992902843109
-11.030746095930464
-19.765731023463843
-30.398444871206326
-7.324666615058595
-9.665851299129262
-31.786906835952458
-13.603818665149246
-8.30770441157035
-9.798738078276818
-10.864788299496846
-12.172138246046664
-16.094607716436265
-6.9928941938561096
-10.140620351709098
-14.719180593754013
-10.105746547702786
-47.38095788459545
-51.93760915578622
-20.65270622410415
-23.326518080457053
-5.653985370169604
-6.941636255725603
-17.966120521470817
-19.11051087106524
-12.211355118406155
-13.883430709816786
-13.37179533191824
-12.185060959549334
-7.25488241506568
-39.97905659080284
-14.199282047820072
-25.786490813968648
-6.301352753968838
-11.202513868763692
-15.379804652302187
-36.304050625977254
-48.426115189415455
-17.562322387204276
-21.66845422839087
-9.823473080582158
-50.14745500994245
-34.11631050347194
-6.920488898828666
-14.758889046232664
-11.682488943784726
-9.88755890258946
-12.515748432966117
-32.37990290131237
-11.061592375530442
-32.79151867768891
-16.026621812753564
-19.602918646367833
-24.602096458413904
-40.058865775754846
-9.02913117233954
-19.33240546179156
-18.04938330727185
-26.18885197494426
-14.954797986367073
-13.09604359789148
-19.343407917390945
-57.46554487606931
-9.970387676074008
-54.01267416101152
-11.107800475463971
-20.796571632207108
-12.88105126389271
-10.158115857685058
-11.954736396474647
-5.653985370169604
-8.819716723839129
-10.218924692304135
-13.242203435899153
-11.745139261708502
-9.667367189292738
-16.38169055430883
-16.64490883858778
-39.40412745185484
-9.598693079164201
-32.399069930378694
-53.748283757061834
-15.964961253271913
-12.701451044523658
-16.23815812571331
-9.326610770007946
-29.91705656765623
-10.087438266652395
-11.479184585493991
-10.723385467130901
-29.490067153649274
-53.785078022204814
-10.50760480802352
-10.193227018858824
-13.267358698619173
-9.919420280019784
-10.525539527800849
-8.339400343284787
-29.769187141005727
-17.571739386183378
-25.355443146496313
-13.17056978865632
-13.570092870283995
-7.702997582957349
-11.293131788596133
-8.499651959652596
-70.88863545438565
-9.57439940946147
-19.09031674371672
-6.617576658056376
-7.50360309190586
-14.084715988503564
-110.57076617347907
-159.50735254757262
-15.601022640046377
-44.059525155945146
-9.0979855495246
-20.523281884716663
-29.45229703156812
-13.838551516334034
-11.369253328827893
-10.65568633101012
-10.448360303134066
-46.77022584328319
-24.35620521062006
-11.867162001696142
-71.77908789737786
-55.26354504219373
-13.441194828138757
-13.92331593883712
-9.679630630799334
-27.05665052060527
-12.102465586266328
-14.370972974213663
-11.91428917780408
-54.013719894306554
-99.07413247423113
-11.759208466428007
-16.18409077954554
-34.054617016701606
-11.26967829636065
-12.342976170947296
-10.72759803085694
-10.708589915066586
-6.1825004276163495
-10.05218564344772
-10.329715848953734
-13.42621748545321
-15.750855402186856
-56.33829431941744
-36.917207378232426
-9.31440823701944
-6.920488898828666
-11.209843575244065
-19.876724291104384
-9.496239849779801
-38.75648712660371
-11.99938955511471
-18.613094428532754
-24.376567406670024
-18.387591353029194
-9.74365271920229
-32.863235846415684
-68.50435890856701
-18.0218737180147
-17.217941312616535
-44.3949105101023
-54.78816014691519
-12.211714908503692
-9.097666839124981
-13.453546144217638
-8.26873644363761
-10.882829463587484
-14.470124194494993
-7.219289723016703
-81.54833470860508
-19.78878894535056
-15.551974047214225
-10.597528788469543
-19.54962532542462
-12.135834107412736
-9.486832550471378
-7.315784192220658
-8.26873644363761
-37.3961710501457
-7.577881394213929
-16.690609833967038
-9.119039020358978
-8.659944603376859
-15.22650367973623
-9.606599437280282
-8.813864465487027
-6.365228893298902
-15.964961253271913
-37.89601869556645
-7.251740822934906
-17.283557362970228
-12.189630263753084
-9.6181536661329
-14.732422191293676
-12.079768130652893
-25.991435070764137
-23.719882186937667
-19.344765906174032
-16.51573340175658
-25.62670589870983
-9.031683211699649
-14.245233963877599
-24.519440881422014
-34.496753442245264
-9.842952673286938
-11.209782315661128
-8.410773096924945
-10.274901040269649
-21.435329646840167
-20.719151365992122
-15.217335538136544
-17.644280330530176
-12.133838744539366
-12.357824885703629
-6.086271172839018
-8.747625982796139
-5.702678483253346
-10.48287608847542
-18.924657795473316
-25.269344969740757
-46.668366468141635
-7.375286061431745
-14.632521043494423
-15.720438395434883
-20.955397532129147
-9.686040249032926
-8.433451381978445
-11.002131017393262
-10.052230989327153
-8.012126960477042
-10.288206291718563
-8.680654807569844
-29.140886314121023
-13.636155935162105
-18.420793624998204
-42.611684642692886
-11.268505938657393
-10.466366279945802
-13.274339245552628
-13.91297284901427
-17.197698319283795
-20.716714594045516
-41.308713105515345
-27.76914600678696
-6.516696666670955
-11.920496887040876
-14.162188402255337
-20.396231656222746
-13.639858600394444
-9.331325258478104
-8.173360749917267
-21.114892453184694
-32.42037420958139
-5.751371596337081
-51.35747044435407
-11.59217159115016
-10.002480982629388
-49.37642958080375
-15.145581648356336
-18.484048948932198
-9.788406295385887
-10.19443422506413
-36.55819235979997
-20.55739734359771
-13.453067227456167
-40.1053768243113
-16.826085070601426
-8.309035491052029
-43.29662823293462
-25.345170296212327
-16.614514097746255
-31.771496574276142
-19.75179607038938
-18.25735814348062
-28.228181294216686
-9.240388891528037
-23.544174973846197
-15.421258044693388
-43.468754287900744
-49.38747292036897
-28.31662799313536
-6.48449348507572
-34.97158954773535
-32.518605540735734
-12.932105069401766
-7.129100320922232
-9.960629529419315
-12.755371425177106
-8.469913066381896
-10.850662069740851
-9.729903537495554
-9.433762027044091
-9.280128167364978
-39.29365226172046
-11.117796044025964
-19.4208729744765
-7.119027976433781
-45.32276360115304
-23.829388423761323
-23.477085958165848
-10.8181260212522
-18.00298226554879
-5.643727534676905
-25.847132976330144
-6.206232405233155
-23.73121126408267
-25.66799653460462
-9.71536163015681
-22.344481254968276
-6.467073169731644
-9.006752971653619
-7.073001617257124
-32.44446652900843
-25.083729333007664
-13.504597807827073
-40.50769625538928
-32.737101944120305
-12.693948063184084
-31.821443371880264
-19.391067251014455
-50.37321919220581
-15.193296278440215
-66.30205287242228
-8.255230226704532
-12.464871145464006
-21.13869371132872
-7.107864970746491
-14.345201985567428
-9.59525710632196
-7.789994858950979
-14.362649539653455
-8.444158177890255
-15.289501959452933
-17.104363741355478
-10.009954101390308
-14.87773290332229
-20.9444060375767
-19.51870520608331
-19.390616451849276
-31.732355767233173
-8.105676341022503
-5.872433562901166
-6.915302609630859
-22.211987615151266
-16.572309842800664
-10.360393107792712
-42.349541857900434
-11.494589304793962
-11.871778307184627
-13.806906934371792
-10.19672150677703
-10.801257514171837
-20.07497870725153
-17.004663969055873
-16.51799041089375
-25.15636386850293
-11.025107526926421
-16.05488110551967
-46.96014167893002
-12.253728729725438
-10.537823031234815
-14.71137759089413
-30.72661628908132
-13.714991091718103
-35.4838542864895
-16.173825983402562
-24.478433666858308
-8.614737492981684
-5.702678483253346
-41.11426125649719
-49.224006398319844
-21.443935264878416
-57.86254379611485
-9.484636926353048
-7.185578072050073
-9.151085234132427
-10.578682138415493
-22.548175620504104
-13.793318952570512
-16.54156286823302
-11.343855038083765
-28.20700578610599
-28.79349967002013
-15.165230694631646
-13.08268286305157
-17.801377404587644
-9.133675653529679
-11.987987290989455
-17.526722102884705
-19.795526797531835
-11.859410265648465
-13.871855290452677
-11.446290546535444
-23.84017968712139
-12.996184928220028
-14.236168288417941
-30.945864099029112
-5.480861222349173
-12.362004799619752
-14.226598064138942
-53.1185512147438
-9.144159970214593
-12.579445339515745
-7.100157283548918
-11.250113525637333
-10.711912433061583
-8.043530218442898
-21.273646524433598
-24.05273549939718
-57.02912692556163
-22.726073600383966
-21.98722101957073
-21.189640828239042
-7.959469608141305
-6.519161663078835
-6.490628451286698
-14.940690631803891
-24.58558715266067
-10.555818715188307
-6.684691286634683
-43.5151248434935
-8.507189424057726
-11.454506839850692
-8.780170305088166
-13.97143552639939
-9.22552818019751
-8.881163378544716
-10.746145756519853
-8.622420971010206
-7.0918039288549295
-21.932760878893976
-21.749998814576138
-13.209520153447883
-14.279835837633117
-12.77469360253316
-11.612257260626512
-11.105196863963128
-153.08909050103932
-32.02743190590705
-8.729831811593854
-10.967385188436925
-12.276134712673485
-19.716298716868316
-45.01185385029346
-12.728577509932764
-23.327203274391273
-11.208387793781066
-8.65375486518938
-18.712689590933046
-39.43328283191417
-14.35500761647664
-11.575438276687644
-51.33935804812827
-56.234120279126046
-12.082064015273193
-10.472341405123755
-15.142599659092536
-13.517708795574782
-20.7839681522025
-11.89706686752481
-15.038955383581218
-18.130772047890968
-44.73903635272493
-7.489620025359712
-9.098830690966103
-7.006840364074065
-8.478099936228983
-9.853764143341177
-24.970981639512715
-45.40713763292626
-10.368059549316417
-14.159049887075557
-20.251104853293096
-23.933680842000133
-16.475685719767803
-26.786878605425187
-10.507328766259846
-12.811472580245063
-37.38475137887483
-14.76334681683902
-9.460011755241542
-22.35269870284582
-10.721598220662585
-10.51173435777108
-6.206232405233155
-9.60064123180542
-9.890789042346503
-16.840245476408263
-6.957559316330358
-11.785754047109487
-54.77933961746044
-7.965427043071445
-13.256077356014595
-5.744462717935037
-25.09929192813749
-8.505064516905943
-6.869885852885029
-23.212322482377743
-12.26673999629646
-51.60421630953143
-33.19448029245499
-9.00101162810625
-26.750058916404136
-59.096653427479886
-19.268951147646575
-16.06894951874667
-12.709734180239458
-39.79404717737127
-11.502274431721759
-44.8961999680108
-18.491683043134355
-8.395201538787068
-9.600095699839562
-13.695704292532696
-10.73450850348175
-9.847110542773212
-10.720087711517715
-13.315145102848197
-10.544165528418603
-18.926652692603295
-16.616121945648718
-10.162005734010176
-41.58844263781523
-7.43284825317114
-18.418232680894917
-14.65014089747553
-8.66396469404158
-10.396755986197087
-9.418712480749868
-14.7296024591209
-38.203512091997794
-13.326724705126354
-8.28950952919091
-13.253223927097917
-18.94531844678881
-16.667523902359747
-12.055619383178481
-6.388908941070612
-9.995559093554615
-15.210254366401179
-40.551897215216506
-23.37381967663134
-17.087344209899516
-44.64982483578782
-30.64369719058932
-7.120096120318503
-7.721527884889495
-16.867367898351766
-10.079196989716069
-17.067441704231587
-18.90548785427647
-15.768928083236009
-7.618125542196444
-35.210957459310194
-19.85928974153666
-21.574541827873716
-17.100643257215435
-9.777804020722387
-10.226379502553948
-9.102392121048679
-22.717092053298842
-12.415273956655554
-30.314189571170978
-14.560167104843464
-15.65445230673995
-10.381918240563145
-7.397565968013903
-9.964530434704084
-14.391905669662535
-16.49054361357886
-4.81920799835007
-22.542822874415037
-13.629413107965691
-11.800109652234513
-11.23833298130178
-7.9614095980102135
-8.925141774935087
-17.274040627892308
-23.649463286667274
-8.367605514413123
-13.283416037210806
-15.719665671702494
-14.055231891668623
-72.57516137730151
-7.978487294255523
-11.8447314031623
-7.506049677108632
-15.875227414503339
-13.663346686946536
-15.424837554965233
-11.222951017679653
-16.889151247663605
-17.709830817326846
-8.839023472087623
-10.065680301532879
-8.342241894014514
-48.5038118398871
-57.88136462690376
-12.340152244896245
-12.660955949495493
-10.183292736246544
-13.674887964318298
-27.61787072804709
-19.96711798602774
-26.15384795763485
-12.779714475212208
-8.073592382048638
-14.65311731625029
-25.94507135000279
-16.460029467895026
-25.92699393239561
-53.53327663442075
-11.112518095109264
-16.441994406833825
-13.79837177697172
-20.030003630286068
-32.54220873033653
-7.75182202345701
-50.6896110083668
-16.477915205394275
-8.83538452669922
-18.924997935283752
-23.04189610662429
-9.314329523301573
-9.752709158396836
-30.621401283395347
-15.155554501250137
-5.4444207194693774
-1.5217005735507299
-195.94603243259272
-18.232594848684013
-15.296198780974192
-16.35247571583793
-7.803047451984221
-8.827764455952723
-29.65607695364687
-12.372040035241266
-22.597011956673388
-16.55248401539216
-40.8847108593086
-24.557446933790793
-8.36167752167209
-9.23520230839896
-15.03936131293155
-5.958097725020481
-175.54698693450186
-10.600763275668472
-9.480735558283998
-13.65511846170482
-10.706937312972196
-38.08891991922183
-24.13695402999926
-11.555382851285211
-23.738566808590452
-24.10565086584584
-28.544004852502074
-23.62443563931363
-8.383624279324396
-9.504379527398877
-9.367233013635884
-9.703404060743953
-16.40945026770619
-24.363632933826526
-15.04926843015167
-27.406989283997984
-7.995489433989974
-9.136231170268415
-34.592952158627654
-11.134389060394165
-13.623037538247317
-5.824970730930471
-5.510626196102575
-6.007731802385847
-9.730856822393111
-8.811560591192023
-25.600059043027013
-14.531065826537619
-20.463585106773767
-17.524099910363137
-14.872460683080845
-23.08968052679599
-58.19368199493402
-15.260167205119165
-27.25414226377201
-9.483067700979172
-10.404769935709847
-23.64843692262456
-30.433412472615828
-44.776503649067536
-15.296286585854054
-12.882277371911961
-8.954966901454867
-19.480952976958967
-10.203430229066434
-14.232625163952246
-11.122354153961803
-32.48843029361957
-28.183740621401274
-14.42874177576863
-15.916014218916404
-25.74211070204342
-28.945370522224227
-8.948370512967745
-11.220649534145112
-11.872543683994298
-48.74089195217932
-9.962411405576688
-34.58721959817248
-19.730176354081827
-11.739933397941886
-8.877332540629185
-11.324610626649092
-15.727458048971293
-6.920488898828666
-11.746693834415206
-124.66543193668325
-8.460359157080001
-16.720220301587364
-51.83993413991018
-16.856982533629086
-16.377997274633717
-21.96585627522069
-11.216335867193228
-10.937786850692754
-30.547506558346008
-12.419900182713036
-15.642852382243735
-12.693948063184084
-14.936116228753434
-10.328201527567812
-56.19180095252341
-10.301984564805064
-6.269928589315658
-11.890090412528213
-19.89780797917518
-15.005277670077454
-9.141872139170072
-10.967822652894188
-12.86926818129607
-7.38772990916137
-32.79695890814123
-8.26873644363761
-10.628260260627984
-9.49184092926342
-19.879160567708336
-10.497649812426776
-14.815110057388022
-8.327479281866436
-32.46896393520221
-15.257728648586184
-18.36988788344375
-25.315266893403948
-10.526200263020012
-9.21478186940494
-9.214203187059143
-7.839080728167752
-91.53420531528374
-15.031638493203994
-28.303839125120664
-8.780197947534324
-25.02070560140946
-45.82736044208349
-9.359552767492762
-33.62468370519856
-55.69877518031936
-31.63561510246088
-9.183306516078165
-9.975725631834532
-46.67075316691122
-7.937123679595346
-8.88467966278368
-7.627459516426413
-12.666936716915716
-6.895348658179776
-10.465371340815112
-12.71590251327417
-16.197769224128518
-64.26317516378612
-16.37152749178828
-40.757064126603616
-10.461284793379379
-14.947745071587402
-18.853119935888543
-13.251502484106865
-23.240331586097643
-32.77113901443
-38.45809492328228
-15.920187077075786
-18.45552190139447
-21.695288739880002
-57.89042551895953
-22.468539077232833
-18.5030597453365
-8.904135043984622
-11.047413992416525
-18.049220904630776
-10.78411755542144
-9.960629529419315
-13.311898945698834
-58.83193834444877
-7.563763332343906
-12.61288459353449
-9.838960852539575
-12.581799772461478
-12.359056339023484
-11.040095829048731
-13.22816330573784
-15.203715065438102
-16.69131977163946
-61.29265411732422
-17.249812168078638
-20.060429133600394
-12.948362396701405
-33.297046441628495
-13.568106673139535
-6.099883709505231
-15.739387559372163
-10.8009760149525
-63.641649931134566
-12.530830839669052
-8.727543835212645
-13.735484253790894
-8.613288318499436
-18.894936832675754
-9.898777506380183
-7.367790351749001
-29.274570494125804
-9.979633298665387
-31.59300921351897
-41.723678143343996
-14.400647315555082
-8.779756973433098
-7.9429372063366275
-7.7954188887120175
-18.984073334968908
-23.59897770506122
-11.272842926362456
-9.782942358100192
-37.69666449216104
-17.152075726220854
-8.83153947306743
-10.944085164885594
-12.64914784251992
-11.307970740339208
-18.158203695786366
-31.40641233846057
-10.178514405811912
-10.034396769051884
-67.39704427790379
-10.776579792796552
-11.270819372202618
-12.327583635506846
-21.384487513681574
-21.888924222624624
-18.81412440880839
-39.87253416363234
-22.973232074701237
-12.215922002968068
-11.81109874581079
-12.226525039246004
-9.836682472713216
-7.055719288330076
-9.483716509858525
-13.924668480332741
-36.905004103022755
-77.68315358722789
-7.795914257694171
-14.83453576364403
-21.6775294399118
-47.53275151754245
-9.65012889465758
-18.993500571729314
-20.878793232625874
-20.344030143846947
-17.983389772626296
-9.266104018740572
-57.472195167827934
-21.6111476169355
-30.599410902083196
-22.955854071285383
-32.21652580274295
-6.115566897804159
-6.7776839104889035
-45.8646907629761
-83.95403949460828
-11.761007491950732
-23.00382846579959
-11.32261464455202
-24.299232642930647
-17.121538322425454
-15.34481501110451
-20.849019598044144
-29.55976721876064
-10.079199035935266
-33.557350310065125
-51.959563822364416
-19.13202975495086
-16.20114768596912
-13.251726788904627
-7.038940657321866
-60.655369452843686
-31.248514776938144
-63.481996848427436
-30.031379768762076
-9.095432993211562
-5.790749306080085
-17.98978901098258
-24.181974026367623
-36.875943451577385
-8.624412582392342
-18.816735983221328
-11.730932638490584
-5.22769230513803
-22.249656574165652
-43.46411383069819
-7.397919916104142
-12.798506739605836
-7.553573616153028
-10.094163181980415
-12.808793611407891
-8.74073411367034
-12.295282933260097
-40.46895041935818
-28.805027929846055
-13.059353186173594
-11.389509855902794
-9.325019582365847
-30.283996351154354
-10.193898721456316
-10.037428115010886
-17.32807368634924
-11.280929525019758
-8.485460441860962
-69.3146373272579
-14.238098809427756
-28.845470609039786
-11.291901925839703
-16.96195611050879
-31.65790504173143
-7.670952908435849
-15.686779576563737
-13.967308707216405
-8.915504446802409
-10.748837473571964
-24.212405764741145
-14.631560273209065
-9.960423267092196
-8.9885366366531
-34.99917977363337
-31.9523793321038
-9.018356254023205
-21.833036758211094
-24.206354247690204
-64.54675934945269
-12.590864517037529
-41.5745387310784
-15.540324647641697
-34.216726804143
-14.367077747813983
-7.398400910331769
-25.844719028934247
-26.173266764848993
-8.257232170259922
-24.56775241189678
-16.612909099459817
-15.682901742488943
-13.226618983746246
-7.3636926450107785
-17.631977388106748
-13.256344984436083
-19.083706147597432
-8.499651959652596
-10.6731571563497
-12.67841455403302
-9.29103874678043
-19.783765457945922
-18.75057658898263
-13.023844252615385
-15.822981821200093
-11.660558688099862
-10.741969029196937
-8.10269299301498
-6.116520118606784
-46.84378024926763
-14.732932626491968
-8.895262135468853
-14.461367721193819
-29.698203612908497
-10.064167484053527
-74.94954807872371
-29.569055813858085
-38.814525297483534
-28.303555610126327
-18.00797250635803
-9.650198581892631
-16.307200776086525
-25.14784597275437
-5.653985370169604
-35.674694960944464
-29.154013409622227
-24.78961239136013
-11.79454718989026
-8.004238848748054
-19.122242598239563
-13.280284799559054
-29.940321695155568
-8.413423123753768
-21.345115177360054
-13.112541223765374
-10.092361054773772
-36.60123816911002
-8.019137835851383
-6.903649006372061
-11.280069554332329
-5.374898236088073
-11.2965490144303
-10.84884321893704
-41.163705225881095
-8.020692520888659
-22.643957550072503
-12.336818965567854
-17.067380827676505
-34.859265453554045
-43.46020360193175
-56.86710539758615
-9.825220016757783
-49.78673433262212
-12.480607519101053
-12.227007955818202
-107.65026425857883
-30.173200849283123
-14.220877092158782
-34.39520806185469
-8.445794989829373
-13.793990993017571
-11.947867719617893
-8.258478608144921
-15.136364042607097
-15.215642656133719
-10.0911928181446
-13.29207490151186
-23.3614716800642
-16.198472381753735
-11.680946398572893
-38.67808895862324
-33.57295781677933
-19.341124101849406
-17.646381526474162
-15.682917136806852
-24.410898240071575
-8.217693334286135
-38.43245671628077
-10.414074903338436
-9.18066520154657
-20.342793361309067
-11.158196618710475
-7.001326581089486
-7.8664002259685075
-11.166973312556086
-11.018647889180958
-8.872859121114265
-12.701683030766084
-12.329360271905882
-16.887296586108896
-11.06268480496278
-8.072754192807038
-10.102692305136697
-14.22045507801993
-11.156020303377757
-66.87451314394882
-24.34592426090615
-14.75708583157955
-11.210836409707543
-23.597066430351525
-19.030461259850156
-101.22893896090686
-21.110769467489458
-9.54664615784719
-12.816166971493978
-16.981430354237585
-70.03447266384855
-9.05029181335823
-48.54800669566714
-14.217031992748643
-4.194980808186886
-20.274333561683658
-10.368632871320331
-5.967762356907739
-13.932175641782
-10.593839096515062
-8.866370733008353
-11.406926896077126
-23.428843173441614
-11.201012971921173
-272.7857693859594
-30.071307223503872
-7.843390483491956
-10.135720873662349
-20.190071097205653
-7.744485135444678
-12.666936716915716
-11.830610490705196
-23.488899940224606
-8.635362452169323
-12.06454604068378
-15.508815965409068
-18.510084063123216
-24.416561336887288
-12.654240021869557
-13.184932943347215
-21.49757948316667
-57.033161061976024
-60.80702168596782
-34.378187233586786
-9.858948237770608
-10.905765376321202
-6.743624803598602
-7.518728512198589
-11.969062171330041
-27.08545684818109
-17.004502965582578
-9.118282104130593
-20.349014170514916
-9.824411766924051
-13.450759185513268
-8.251396320379035
-51.32169625255747
-25.413195544760008
-9.554555608134907
-10.58326771270515
-11.822300542705827
-12.862211360987043
-18.759809914590914
-10.930726345388573
-16.0723222346921
-10.012258790305086
-11.502172767118559
-8.507051272146263
-14.94725799276383
-8.325407158380989
-60.56943983851187
-7.172359742819175
-68.236315369502
-29.01438628610688
-42.24074231035074
-13.904665592167579
-17.942224273349627
-12.392322853440264
-9.439770393317282
-10.008535934063758
-25.83058075178332
-8.66303729042005
-7.366282435532907
-23.661555539010916
-17.062593138945992
-9.35805764956114
-13.57622457986056
-13.120543117008904
-11.8397459479077
-20.18882622497568
-15.713203751400524
-6.915302609630859
-17.95531454161438
-30.012395200472803
-17.427623088301267
-18.511900347791084
-13.13766816122995
-7.047036691619649
-53.165559711804676
-16.077237715692288
-25.439460042458045
-20.982309795010053
-12.790266536016391
-12.940664538456776
-10.863851075142538
-22.93505088599566
-18.09463047960903
-10.687871814041328
-24.767406090396737
-29.151195806424987
-13.435312136233065
-47.14255954152335
-6.66130295493922
-9.137336069870873
-28.61694609932703
-28.43748091414815
-7.447224920425121
-100.15341320565041
-8.88816895164422
-36.01812259481965
-7.120262648455957
-59.143205084943204
-11.739671132188793
-15.235329076196393
-8.805758567226967
-8.999131946080679
-32.510434828700824
-10.018359143372866
-10.54730876483801
-20.75662854826107
-11.009952612255068
-30.891140203821887
-15.866253557574884
-33.613242899516294
-9.626267370748392
-13.573028088407609
-6.687211320986301
-10.857774331988649
-10.004187576863503
-35.68874264569526
-9.325241721986874
-17.89797030494856
-10.53010540937596
-81.82158892694149
-9.955905706428283
-17.292370320041254
-9.364587604328365
-35.37531638177108
-29.65135701531327
-19.77998854859764
-12.27424836813273
-11.561225962835215
-8.03673509261849
-15.690126469825657
-10.879901510818533
-45.9296965988047
-14.67407745519126
-6.574474082379928
-27.002303095117735
-12.736882537135754
-14.796633243112092
-13.465219782117178
-64.49155155382796
-13.90615581037674
-15.349785478428856
-9.754876396506084
-11.0576517952166
-17.476255134849243
-10.006494720124314
-27.724606693625738
-9.00530875998644
-14.664526334592244
-25.217335320283976
-9.788406295385887
-9.62071290076078
-8.450482760164519
-16.91778846084751
-12.301596322785104
-17.252420590290317
-8.621590870134227
-26.49937030643029
-18.858393422494917
-9.076746756616343
-13.778629612358417
-9.758919764512225
-14.824628499387954
-20.0131900114723
-19.921818237474497
-23.1291315485681
-16.679092897096005
-13.808486518693993
-17.19694652097501
-11.510489579690617
-34.20517438014882
-9.66437953204449
-39.746059502788
