-9.356285612918699
-13.835067836499531
-24.432486532622768
-7.1540098186038446
-34.27411654954466
-5.95688622829323
-13.486405956105958
1.2762030557907758
-3.493239604712636
-2.3904882069591222
-14.311192400332883
-13.144769016713159
-20.34643539167634
-4.301094249954538
-32.44418874894547
-18.4648786525422
-7.870893658582122
1.7941724834585813
-26.244273068582974
-8.914746848156142
-17.611635708893957
-34.152824905909775
-40.3016903229458
-26.519026389097615
-24.461368501994183
-0.3822962198522871
-31.643919726043002
-13.66376014595423
-24.588946116743514
-9.029663437242391
-63.80103797757152
-12.441055355304675
-41.010190686263385
-8.901311241927495
-32.823834433627255
-12.510392670099066
-11.595509501893664
-17.81799272051108
-50.36908925235614
-2.7616679187420807
0.28741336669493633
-33.48945046101473
-11.628408734970566
-11.207197379456742
-43.69281865885724
-21.064197449670914
-4.134830815189052
-56.827944690656125
-9.117955580092742
-4.510925611646653
-13.26579472082464
-24.666196864137945
-4.4270295430686
-13.129309620978958
-33.10706511271043
-6.328152325858069
-27.70978974353548
-5.488943053316239
-4.310024523876393
-18.467159474982754
-29.608848976891558
-10.693938074455325
-4.646996077251375
-3.321535344732128
-13.390651193008994
-1.7904176010784152
-14.862160105168002
-17.399993503404133
-73.59787864769757
-58.40620234244658
-42.50411213570435
-36.48654639898728
-46.724923503819916
-47.09563900886808
-15.478021195149548
-13.297205880010994
-4.899955420505537
-8.611558237284013
-8.067189892350925
-35.835882793426464
-39.133781784317094
-16.127213968527975
-22.759539037500684
-25.683256391242427
-11.653778210475986
-3.9666788070588574
-3.709387774607502
-2.245219577718267
-2.879417104033365
-5.448502777590779
-2.686488998533473
-10.871220440477671
-69.08951922587079
-15.736195441766338
-18.277248216860922
-5.459314585397759
-21.489787501496174
-32.39231461108892
-3.8818887654857566
-5.705409751944492
-18.19462223791657
-3.0164578652809673
-34.39790740131598
-5.365262818014632
-11.397256388113444
-6.820071324610639
-5.1040606217861235
-9.455017556123888
-9.995363962226737
-16.417362386436306
-13.427593965024736
-3.8103767624206615
-1.976966226089766
-22.707357239645987
-26.250856824189068
-88.01259806559867
-14.749044817107803
-23.031445803018638
-27.138622429530482
-4.0755687069730016
-6.470063555984625
-24.45014263107709
-28.719463994503272
-80.9750088555424
-4.2680064976599565
-17.821086820714843
-52.42743984109064
-35.51274861961785
-18.02728757934369
-69.79097521701553
-6.525859084147572
-15.547838576220325
-21.751990683834986
-7.678226620794169
-1.6521085744024153
-13.67117317827251
-7.618537033570074
-20.12357674244192
-104.13411688606924
-4.654732803633545
-4.029207819904839
-2.732206870120114
-1.4364781214351232
-11.756858440516385
-23.96552472932367
-65.06849440028192
