-27.104440504674802
-19.919075859724646
-16.939896769680484
-10.630458729726131
-25.7479377120344
-8.886131134532526
-9.935704145845856
-3.102349011294223
-11.518654565440606
-7.5187430155627215
-24.98089640144022
-18.090660367749972
-1.656555505905885
-6.367960956520914
-28.5347079740646
-7.899287782421474
-10.247604162047404
-10.387176792089543
-8.122896092708615
-12.575311826005203
-14.75235369599365
-19.697973076544827
-17.43793830775898
-25.26415929471721
-27.440165365353145
-10.246671248596575
-68.97239863018892
-19.25095167645266
-28.923280350379112
-6.849394396362437
-29.940356209957653
-17.01254119844824
-5.044692426751689
-29.297240980383172
-12.430739509427923
-7.543094689429206
-4.718699171825843
-29.87083653874142
-10.541796735596233
-101.9523690757487
-17.93730351909598
-88.57048765468458
-13.268533977901912
-25.426518442652938
-37.10566014879766
-5.268997898404289
-13.664788425133302
-19.240775222823093
-16.981469412776686
-22.526193204118655
-20.264185770656766
-13.501667077630133
-13.76175981251359
-17.036894497632005
-19.878763226562075
-7.369688683651072
-74.75719478830678
-74.97957151546419
-32.68915564923159
-28.389056462279267
-7.210080429740502
-22.476728492474194
-18.82301288397815
-31.811638790980812
-15.549004895849796
-15.24927768493861
-28.76027975987294
-13.188252778510247
-23.00553462049308
-23.678259791710115
-4.29073402886715
-7.20771522971518
-15.227255370694353
-21.039222975798687
-6.700550100075309
-5.448332749472538
-13.73208377376861
-11.199537306213022
-7.382906857539663
-8.13963497691223
-24.796082816068644
-23.51403878058061
-20.776739757702384
-23.12185923275419
-34.424437342720914
-29.334089057910866
-4.826438285020741
-0.6661289964068559
-16.627467605409045
-19.535856851414568
-8.393891760065307
-7.5101553106155645
-1.2736569800420419
-33.544556949626966
-28.077809631611927
-17.726204098298652
-12.8473891783189
-32.109314534757026
-5.822465327706349
-10.322920497435135
-6.721878503432116
-24.64372285084407
-11.249992657504036
-24.92728510547278
-6.169240751994024
-20.212740816502777
-21.024209165431678
-17.364845555818185
-7.150989618225209
-14.490907199787907
-2.970593170784967
-14.280943363145111
-68.86536677102303
-20.166389637421975
-45.95352818784596
-47.235196382715785
-3.464822319844264
-38.06987742088921
-36.08475426045875
-12.382495297719784
-37.59912717695348
-5.095018371925472
-52.05633812397377
-15.227317267860009
-15.005099299191514
-7.758432895711711
-22.825036835129467
-7.6497982214225235
-23.014297552052792
-38.842693347040715
-34.3629051557225
-2.544997930622665
-28.292717626727544
-5.047507461561984
-31.09887712000663
-8.83130479414974
-17.808448702224617
-7.505842105097976
-4.882792790064188
-22.27459347466838
-15.69232082839996
-8.240929242759048
-5.792966503191844
-13.475700339482122
-27.41759222957917
-19.261096916274926
-7.170102621692456
-47.69444001724282
-8.108624658740892
-14.040895349955019
-23.849285850162147
-7.703091504255871
-21.820691138457
-21.85536807504336
-8.819679100858988
-21.34401318473509
-34.425853115931545
-6.445916218174236
-2.0379704807357606
-16.808564658058792
-44.79107407589826
-10.716559609161253
-9.227568801591175
-3.8672808772109106
-8.428860980702664
-36.94710573352061
-3.293610786230416
-37.7090303264843
-11.084771961110022
-6.728345755919546
-75.98118639477356
-17.513976116383947
-16.168783936831208
-8.573857666362334
-8.279867309083286
-17.370243502982145
-7.62208001735477
-7.0390232355210784
-12.930204799417314
-7.905902448853763
-7.378283721221112
-12.197887622446181
-4.41591129812131
-17.533433494203795
-22.885738230506824
-13.00997940888703
-39.32214755429744
-12.38866842604967
-14.014657190514315
-21.421430840085158
-48.01148327443059
-5.292234985401732
-4.486902109295485
-8.118367826289605
-13.18873990464078
-35.26558882178078
-10.442706945156186
-3.3369225625961483
-38.55917900845138
-25.462833609241912
-14.64980504650149
-50.33234766952123
-11.599636573416603
-19.074541939104577
-14.092566108768546
-19.20115572047808
-9.53726158175072
-17.526738834940243
-50.062825189962204
-7.516613398791555
-2.2117186841593357
-13.809049603916142
-31.32007801789462
-19.49148211532687
-7.192449901247017
-34.673046591920865
-6.218393596066961
-14.182758190830826
-9.550214641238288
-21.91572441937228
-18.185161612272793
-5.613082199072525
-9.083680173723128
-33.39505188122019
-11.314505894627551
-19.03768057610746
-15.16749904164724
-12.431730149486908
-22.34498267490877
-17.011522015901292
-8.645355526474926
-15.316546781612297
-10.01686750270834
-13.265423738594604
-9.06774593363814
-18.402784913543886
-8.010727600660138
-12.874319712276977
-2.1757910401233085
-11.762411530767464
-21.907545674028828
-7.757026464220195
-14.548524712758145
-41.133639934004144
-11.637739919265064
-41.13113086328324
-10.57797786734718
-13.79014993096046
-13.42217957471584
-24.250631361051333
-6.778974477026874
-4.422723933112627
-65.29934010539299
-14.934069561655686
-8.915310331656638
-17.129376966278894
-14.993858913673902
-24.255872866947648
-53.59444123004458
-15.611109328297399
-5.703782769052682
-7.077994474790648
-13.178193353234546
-19.487781432838442
-17.547573240516677
-30.359110544633328
-21.73328591646623
-6.023804736936562
-23.62444419397125
-12.437789031461065
-11.235784693229741
-21.197753341579002
-8.067393246617062
-42.187115470713586
-18.794289895625564
-14.650524745031541
-48.807417877371805
-7.762255652049717
-13.74259492371756
-22.691497465943428
-16.979144854464174
-19.982757325373267
-21.005956465833634
-14.746307054426099
-20.562166353772156
-30.519508571658882
-7.490944129060585
-21.386896522365067
-25.073776109564488
-32.76363585451331
-5.954586494711637
-16.36072007195982
-4.992245603602512
-14.28381436768484
-12.957061089888036
-36.89432533378438
-17.711221903833476
-3.923267289336799
-17.20173177998727
-8.442943903071898
-8.557743626525829
-4.744970642540588
-10.703885167550299
-8.286261014146993
-17.185628860753702
-11.358451004755533
-15.236937203363185
-3.7183755371107194
-17.587929112508338
-7.439881591941078
-9.505036862033469
-9.154663709231944
-45.26576445874939
-22.30566255164856
-7.615682227572425
-44.19499670366605
-69.41872259028007
-17.637668592167195
-8.04110077599247
-11.295016056242524
-9.252639724161565
-6.103985478044085
-14.252365927091112
-5.2148706743684725
-19.436243855671275
-26.409990255148255
-4.650088378303359
-22.706189389537492
-39.64916958968187
-12.033346862685125
-11.623469473549237
-28.432145915104424
-84.67105687244889
-9.56917386157231
-14.69312966196897
-10.63598232458044
-8.584420356592192
-5.31524942706861
-32.32735732027116
-2.843990237124253
-9.934567938900603
-77.39640839176103
-16.009481041778116
-14.703926218537095
-39.27656798147765
-9.395980769114319
-46.482982356866025
-22.80151734730444
-42.64996766449526
-32.37586879187103
-12.187640792083798
-9.61576131953625
-17.661111698478088
-16.973814510588532
-6.425809134217673
-20.786975723178404
-42.97384823023369
-25.976349084462544
-5.288433738714352
-14.33145981002094
-22.59289299964638
-24.19563109908521
-6.599552932382922
-10.067060549669113
-26.886474940871448
-5.390914599372597
-14.064082127676386
-4.00882197328407
-8.260013207504436
-20.135681950002688
-21.14338083828364
-36.00923649833229
-22.793924161524313
-8.104102869638753
-6.744979591388431
-74.47340555881384
-24.16438800142524
-9.129460655019255
-16.38313293730878
-25.699343901511796
-10.70109467900095
-5.737085778985133
-11.055330538860234
-14.050400088554921
-73.94383399906364
-19.126670402285807
-21.099402070341586
-11.354031615422139
-14.532789346251695
-10.59113051826951
-8.432065469651585
-7.505550766057545
-21.750605532395422
-7.487661915926636
-11.967682528417585
-21.98016706323439
-37.91008066303965
-3.1883358496589356
-22.78987092431053
-28.449625795069753
-14.657190844954751
-10.727982327537323
-25.97051248384347
-60.82084181397063
-13.44210200265854
-14.119737414176797
-50.35985273840384
-12.82638369589565
-7.570750781561588
-13.015781065630277
-12.562028914578073
-6.317970647497971
-4.0412493862066965
-30.44931460223111
-2.9605286490430234
-7.524731437665522
-22.3851503936897
-13.113953567543977
-7.575366489253404
-9.53832122258583
-18.059342519145993
-55.68420515109159
-41.13619207628643
-8.861393244439514
-10.98935443411245
-59.10136139897703
-34.32824819210848
-8.829383679471722
-17.36741200497297
-17.35651882497824
-29.803925885844784
-30.225562205842767
-15.72414336140963
-19.521643208052332
-8.204116227020664
-10.895182289954086
-9.224385774355458
-11.184370443807278
-10.893599055912057
-14.78264013178436
-16.901190750989567
-14.478554078046994
-12.965905269700375
-6.107095850446633
-11.31402930857696
-30.800417941866428
-21.57492846602016
-29.368087059066195
-4.53880894265643
-19.266327138828103
-28.037228068239944
-14.25686903757649
-2.3355514150907624
-12.120648365086723
-20.963575706733987
-17.40725128244398
-24.323234845343038
-42.25246440374623
-4.982816178314297
-50.79735335835011
-12.973827398037402
-27.05574318260287
-22.80471025256581
-22.376363863880176
-54.32463359975518
-7.744769564887099
-3.3319901759220323
-11.087853674230251
-13.067696664705284
-38.434812940735505
-36.3575194257937
-7.05051658098838
-11.328856988343984
-10.369467057389082
-18.765471184675015
-5.03097554065696
-14.393261418246155
-8.453419757158503
-29.733066266099758
-8.760778728448305
-10.824169504428186
-15.18486157376854
-19.884622355821847
-10.576945277110301
-10.629243984070204
-6.396686109491885
-63.559772478640774
-7.83973212636042
-26.111987407147478
-15.627366576112351
-16.74043014139758
-17.03254678780891
-14.307773868870106
-13.608439129136606
-5.874625510181641
-25.56470433623804
-98.7346439894464
-42.98043507373545
-32.48335953088191
-7.1712261985589025
-13.086045038857591
-7.6180656700807425
-10.3289159752913
-26.75595431406615
-8.162923612989966
-25.098296878857813
-33.82577874693921
-7.007282926114158
-19.862202634768085
-10.41630923419875
-13.086096214788123
-64.98617273553342
-20.592816049568874
-31.24794759456246
-14.625200017300088
-12.230598425132753
-6.627561088537186
-15.154082842294743
-15.218356245731682
-19.2004123653004
-18.325193248993745
-5.144852043243543
-20.88455430325877
-22.927718826594063
-9.174558537546723
-7.396472855706609
-8.641628049934871
-47.73600295310901
-59.795290462589094
-9.959848402583503
-12.744076600627668
-27.83165354478508
-10.101328316467331
-6.912892152177028
-6.273485001063361
-6.389849858733638
-5.393279841585048
-5.025264514322987
-39.24457926474386
-13.137682829545097
-4.079247663930082
-4.8356664423780344
-18.746787516018337
-23.789865443038845
-18.262954418723066
-13.46339045369923
-4.6409519971503
-19.99981227717009
-13.81647315519106
-10.00804041154772
-6.780084850251139
-49.83891001998338
-30.217673088084553
-10.83055455321995
-17.32434159455788
-18.461344337769457
-18.387166086852197
-20.22190899642396
-27.40746922746981
-4.633472692598723
-24.108659619141896
-25.51659085902079
-19.24402037744097
-17.453541769228202
-28.663616036788024
-8.442038473905248
-26.882574882869196
-12.538539340736463
-20.273230961737863
-7.852337620697589
-11.032608154893447
-12.431153842551762
-10.791882289095073
-52.18689114796147
-4.253970260896883
-1.7966384080035867
-36.527285826875655
-18.13604299483069
-83.86847716178207
-7.595862450787311
-25.63472664951119
-7.319604093784006
-3.2269610402247433
-10.121512703475998
-11.86540112536453
-16.69293615393653
-30.654630511552302
-16.628446504723822
-7.002363951616957
-35.02872169803467
-14.494030197774732
-27.308278855478896
-3.884962498054299
-7.707098515513828
-25.39964154198803
-16.85046970862489
-30.468211117522742
-9.046543829836546
-32.06043913508479
-17.343769808901126
-12.687619253684595
-11.743960022856502
-5.657576047927537
-11.019309358304305
-16.84558744882699
-15.93853878161295
-28.83021285781054
-15.969687888917827
-6.508031749901163
-7.989583369765325
-5.57739808815642
-52.309859460742345
-8.300303486436926
-3.574644501619867
-4.150201706089038
-17.591645001380698
-20.011363243067418
-8.380764744542587
-10.47651591436487
-23.377152720111347
-14.349606284108825
-12.034927095662065
-22.035512449184193
-5.851326097474614
-10.59356473362225
-11.834897240644452
-14.653248302837202
-11.648839252895433
-24.268366039145285
-18.518622778901786
-3.979153256639783
-18.747095398242685
-17.312265529503584
-2.408281613979485
-24.86697447673289
-4.176397266539453
-4.539627108899705
-125.38432741109628
-17.21131950893752
-2.514337520880922
-8.655372842974135
-4.128790365767291
-22.41882106208741
-3.5089354733668965
-4.3077984290993925
-7.8803621720133625
-15.24074703987429
-9.779702060598746
-18.028010310929005
-18.515575117379473
-44.406503032247414
-10.421652942890816
-14.768567566354694
-29.158078983878813
-51.41833969314433
-14.456406896069385
-11.34848176497316
-12.611192334563604
-12.43994684626165
-23.278858796565963
-31.687561934886975
-40.55899469420443
-35.77523122050064
-16.84438850211013
-2.9869854405059106
-12.945721106416991
-21.967291938267795
-26.589153521887464
-22.407895429714422
-4.5746887051029175
-27.164149152465505
-9.006593940594716
-4.538343633908666
-15.728550284534053
-8.477175185830545
-36.12287099483959
-8.187514705095932
-16.626620817929776
-5.193505630561296
-1.9573413728490483
-14.780890823859052
-11.495406252081883
-10.704960772471548
-9.290403898240259
-35.877833118259204
-8.300203736698567
-9.439936656245791
-5.364721505200418
-55.40975410702185
-4.517955759873754
-25.94602444638269
-30.85912832040328
-7.691412645952095
-13.618100332326803
-3.8070861914852747
-12.273401705751496
-53.51682811916057
-15.758348314325543
-15.534856042043746
-4.893152417174696
-18.7029240978768
-39.577331170845085
-28.514996488749684
-9.53077338024816
-38.69275868974349
-43.61660873164737
-32.236780279469954
-9.707392437005874
-14.327286043859386
-39.642324814314826
-11.132991497232812
-9.096288720565457
-13.45229619265992
-75.25688423896011
-50.37552407790282
-14.844281334598
-17.499946258232058
-14.322283373918227
-7.609976129348174
-17.032065466501546
-15.695032727975912
-26.029692731174265
-35.157842442147896
-3.172348560018316
-8.264429122978992
-10.689927009469137
-5.279747646512608
-25.977861573029106
-6.8550612954537575
-10.806985102456968
-18.793809809781415
-8.138337237149832
-17.972265190412905
-15.62657513947495
-17.811916153115924
-12.436145202189051
-22.86413429952868
-12.913451963791696
-8.46244048847595
-22.507396692711737
-19.08803654346467
-16.654075980217723
-49.73503821269384
-28.3917226307401
-3.392221724763972
-8.404319887689194
-9.289641458875261
-26.21868123275795
-27.67032292757813
-5.491278849183795
-9.88834694129074
-9.26746374148547
-13.616928304990795
-6.234469207634325
-3.078439351305128
-3.6566633230915278
-11.196676903156545
-18.400197636911717
-5.7106444103842335
-140.28067905608594
-6.978811978179886
-56.13364326959858
-22.65280282176673
-12.81612812489158
-13.034345203229572
-152.27358378089883
-19.32903664975356
-9.019877308339412
-6.325062647964022
-24.402539969209062
-9.906237669584415
-62.88773885226298
-10.85210766221488
-7.718888082985991
-1.4966490262043646
-30.86399410216334
-17.235947065801092
-16.466712205419412
-10.793420873301189
-16.02152661823975
-10.815727213692124
-29.352216690780722
-5.847994058651749
-4.099742133808288
-2.970593170784967
-6.806061609207894
-15.721741290430518
-14.090993005143721
-14.7640750606279
-16.463515155173994
-10.291714468785026
-26.754437592868822
-56.603455662190775
-24.004569167257284
-20.101348378264742
-23.731391078597397
-10.8618913607793
-24.67665545936584
-15.91030644308378
-83.0571046288323
-28.28236129717128
-11.892092579878026
-13.16131434295421
-26.547898318725906
-12.896206841535854
-18.96096690991995
-26.114401889210818
-19.858134629806155
-21.79697139931774
-13.241388458243755
-58.088550649826175
-7.712366544077908
-5.224717235042603
-8.081455244036869
-5.661626992036618
-8.998211936924864
-6.668298331588634
-6.187764319841196
-19.553627415712114
-13.373460455281972
-12.760971821382691
-12.369050061254164
-15.67618828497589
-9.73648210481388
-7.654043690645458
-10.13820893970261
-78.68770759008358
-8.964646001956783
-16.61879238271353
-20.537432352768615
-15.623775913830347
-12.077553084898192
-7.893591543979776
-80.5247369885527
-25.97045855484729
-12.787647029974542
-12.067050551708123
-16.80110220394961
-3.927034976533943
-4.320198403748459
-23.47960093069583
-40.84552376479334
-8.347515438945242
-7.284876308106811
-4.224880123156123
-16.102086391212282
-19.93509626775989
-14.153186348404851
-17.339521099955743
-11.8140515454134
-21.39219785351363
-11.37844884384752
-8.470697372841002
-14.111703268027794
-22.150110156563912
-3.850913918112438
-28.506413348980637
-22.95215864208438
-4.874654071699988
-8.00722793324995
-47.583010710473154
-25.960673205670613
-2.60114309633144
-8.738182348011087
-5.754892218684151
-39.22519685992276
-10.710736399709853
-8.669669746250335
-12.372893327690662
-21.09996131038303
-47.30861544442379
-8.165310298475323
-14.133014546981647
-15.238803541438394
-18.23294925592113
-11.391143781101217
-6.523550283420292
-22.688804406102374
-33.555292110816936
-17.096315989650112
-12.058767421168422
-3.823454013539098
-13.602273731452266
-20.259437965916344
-196.49892980727068
-8.828672363870051
-7.639234352585115
-24.401146484593674
-20.713664339755223
-7.635486486664695
-41.08097269134223
-25.863615114729452
-4.976168816266092
-41.97372251025432
-33.91883674342213
-4.561069008347612
-21.24804576468816
-16.10137843502772
-2.5096809139042575
-16.727274828494274
-11.588216318477883
-26.417950333729454
-47.09563900886808
-5.966219565522116
-9.20920022311877
-28.53750550187339
-15.441370372352468
-6.330712085273887
-15.33049512894213
-27.874386661143255
-13.229293044278563
-13.71598522469615
-30.16215100520564
-9.34364259621626
-9.842761587590877
-6.198360980585926
-42.03494144102858
-7.711235873406082
-23.412852713525265
-8.105831300565608
-39.65967669931926
-66.88287680455743
-7.819013116547919
-7.810000527543443
-26.783115173772007
-12.483184121650917
-46.72320542923491
-42.71603305205551
-66.81179894433714
-29.631140385436616
-22.51618744775025
-8.14391493682974
-6.506005757314034
-22.765697593625205
-9.703936271426263
-16.84935448386057
-25.619752716423314
-10.765826910075857
-42.94391006849427
-41.90305076520066
-9.783367103697197
-52.95985688247038
-23.453075202823502
-12.276683070950845
-5.236304178903964
-8.787354156436397
-15.649622050185222
-9.342178581187325
-9.048722070705514
-23.757891714686966
-34.2468137786949
-5.137669865505539
-14.310745069210471
-9.043873650368376
-12.007987521587726
-5.797631810612297
-14.82830976011575
-17.39064507219896
-29.034173504493264
-3.3032161235466715
-13.218737606819351
-44.02660262598382
-13.75703677915317
-17.75854892595802
-15.875717019837616
-18.58275510362179
-13.44836862684945
-12.740870973161831
-50.55629333422965
-24.279000536281945
-13.723037942466965
-9.134683759052523
-20.56901474525524
-28.858494926251318
-8.641356716457663
-59.39613004526574
-10.492099578621298
-37.24054938404312
-23.247571619020203
-6.989007919914206
-10.53846260816556
-5.032929998774782
-10.682227075630697
-39.933803172873645
-25.94657596683312
-30.206234434760205
-36.12920581063491
-18.608812467242938
-8.88196929662606
-6.568290758765346
-2.25054037769743
-20.7141683118158
-42.066893148858234
-15.179409147126984
-13.792947774294277
-2.8416437073109986
-44.0454131393556
-46.58934633681464
-13.599022362180046
-8.811282190607935
-12.616418911480837
-48.339318931337765
-40.88069886355764
-35.88591765044938
-10.463460910484637
-24.77700613104126
-20.560108262059707
-11.740859834367313
-14.696564455470721
-22.8265476435234
-7.7382563988333235
-13.270752099698534
-11.691807427448099
-7.819189228595024
-7.9567701730170874
-21.362317621781465
-4.8356664423780344
-6.830163808899247
-35.60894290799975
-11.271105683099304
-9.239165705101309
-29.02382217505649
-18.193341727495852
-5.367182621755802
-20.04265178037334
-9.364283048872489
-23.105588053628228
-19.42549048760894
-60.1923633348772
-34.33769571358682
-8.73133073066612
-8.167858921685893
-19.696656358007566
-27.444967641651427
-26.08931345548657
-11.212711187924523
-29.658032975322985
-10.70306342075279
-20.284001447777367
-6.644320414616474
-8.42944890144294
-10.950616834894742
-24.877728776365228
-39.487762127864464
-22.751906709313975
-32.03780416859995
-62.09753738087749
-12.559594260496665
-14.405953096381545
-28.37609630273347
-13.430785346614565
-43.7933540614899
-8.952977719134982
-16.598639123127043
-21.590079087356298
-4.893002449912008
-103.38742637274278
-11.965048610846535
-18.719334983628475
-34.56789669947154
-4.198457840461011
-6.594123221150267
-14.213516643860988
-13.769868019163049
-17.96516547934159
-6.818659099678829
-14.389194160921267
-7.83601238878924
