-3.0842573090012984
-30.793247542766547
-14.378076568797944
-11.009810869650892
-5.3071674356770995
-26.53521460222396
-18.687548393176055
-5.826468923176895
-7.175127930859221
-5.356886372468698
-38.98357935931375
-25.328605546140135
-4.928287666546192
-1.322405892861601
-5.31708476516256
-6.088815409818158
-8.981090526610346
-4.623296601565627
-2.679508279513278
-10.687687174070856
-8.91661380325788
-6.138888763953377
-14.301246400854847
-1.9880269938362836
-3.1388052749360162
-7.675031498800564
-5.160864999721065
-8.822448091890244
-9.092839138350001
-0.6304960667255292
-6.238195026023752
-9.01938042737943
-15.403986652138286
-2.9792634909628766
-5.696071284720051
-5.320826659176631
-6.961430931621939
-6.657347181907872
-7.4724179697778625
-12.45097286345878
-3.11179408218269
-15.723032625310744
-5.676404644370098
-8.420951012272855
-1.2609921334510583
