-34.21762096484132
-20.1319044414076
-30.71387621029331
-4.025096969304766
-5.560006692150167
-22.468973829443815
-14.967015662740533
-10.947873893086065
-11.345229696974297
-4.934984367078791
-8.391585852562386
-8.532368170957438
-25.051364667203053
-21.2078105701282
-4.7449953301165015
-7.464811359030155
-8.62425204124435
-2.642150444673239
-54.346256101444794
-13.355577566006264
-27.327671773532234
-12.854509419127861
-25.83751467658683
-5.6545807113240585
-6.75637591939653
-4.473353739280589
-47.41412207421207
-40.142160235255034
-13.148856386874506
-10.272261039917039
-98.55811523718599
-6.341336336863562
-27.78789635364466
-40.10310675632187
-26.305448583134837
-14.889860436088181
-3.6154605319980164
-3.7948367717776184
-62.95161761424814
-9.83329920515277
-7.889274688800398
-66.43892797732659
-11.317461622981737
-50.8428263856543
-43.74572342107516
-52.82053368247418
-26.259362002600632
-14.621310189929153
-18.313352878796465
-33.59813022470092
-10.149452209121844
-0.8069905617831874
-9.325085888041603
-51.446382434680594
-15.726267897802092
-12.983658903722462
-1.0465045933650416
-24.671368943463627
-14.35991332304327
5.600275447491227
-21.10322684572601
-6.5406371023047845
-4.86543771579542
-15.043496115783931
-92.31804285987579
-55.31811677579818
-13.564457589365542
-20.101636835100333
-2.3959804720960425
-22.29686550012395
-6.409101910675888
-37.82427124595271
-15.0969731549089
-20.183722422224594
-6.6930501685044685
-35.7937639937848
-147.87678625257922
-1.133750229996589
-29.396341425136455
-11.441808465458866
-5.373240527478844
-42.98837705407351
-7.850305090987677
-29.2045748212984
-19.110785299709853
-9.104319709403184
-52.297188777628094
-10.899268867364322
-8.848873878282689
-6.987563478249146
-30.163394285043626
-13.879054882684947
-16.789741125976324
-6.648532951299276
-6.95435606433527
-29.894747168000226
-6.983868315527008
-5.211832196802326
-10.016875741555186
-4.890475547472838
-6.015055956125467
-0.6109888758389972
-14.113291527668299
-2.7190312533865706
-14.16770372961365
-64.09149260964872
-3.5207852890100066
-5.101609116012374
-33.690932519664806
-17.248533874941955
-38.24624101040067
-14.351596455945561
-23.466000742985127
-21.15767864313428
-13.77491366577104
-3.3738735683911667
-27.922236622843883
-7.178103703815564
-2.2875850201618912
-2.167684152473356
-11.731528877417892
-88.1464424115107
-30.030130663390448
-13.70560739261087
-5.466725087946006
-1.9542546145593132
-6.8168427832037715
-62.926568789745254
-9.425870362955525
-69.45689284788446
-11.464382055763314
-7.4393920184345985
-11.045384073967917
-2.8065713873723617
6.025321476003256
-4.289954590302701
-20.115156679515398
3.583105973274917
-4.211936925630948
-1.0675078344392115
-27.305001506606462
-43.41466546553378
-3.858968243365519
-33.607033430796015
-75.32784331260237
-27.229226188363718
-29.779799832551067
-4.85444232689843
-20.58423428554492
-14.198328773436234
-70.18246471162787
-6.277446300798377
-64.66284501657569
-13.640347864859363
-11.183724791063835
-2.5196942576646637
-6.200006021162139
-12.605610183569869
-7.275080508121431
-71.05202649295843
-11.405745686204385
-8.639958388209353
-23.0320270968913
4.548532263325094
-30.265738537303168
-18.489061184195275
-12.364384415202988
-3.4763141763316217
-6.07780474497641
-37.52803293580444
-13.188828865143897
-2.08665907433334
-0.08801060716572033
-16.16165702828575
-39.25172063369969
-23.746777480618345
-6.521641326555509
-6.368453965872279
-4.136489986002033
-15.770844187698266
-37.54808827078833
-27.692838259418657
-12.050349165349466
-6.259110676819883
-29.60113636013642
-8.680483865802096
-2.299021184693411
-103.31542609440199
-9.303352697644504
-3.9549901615576863
-1.2304457793046175
-14.792538126696886
-28.247949881734876
-8.344034121659597
-1.19433428842423
-25.04580603787068
-20.12601933619323
-56.68166430994086
-0.2987568675225493
-21.387840395214436
-39.92564600988748
-2.1839394313593536
-4.937722177048707
-15.86267616450876
-7.981672926030654
-5.477279629049017
-61.836618988412674
-30.22411947625958
-0.5934759486138328
-6.177595721131184
-7.231023947919656
-49.208833225076795
-14.475952311653616
-4.465281972969001
-7.553251660308872
-16.0517953399209
-38.9679635948362
-4.323021667407155
-9.966722827887624
-43.0141784501266
-5.43858961315274
-11.888691129525663
-38.382751708039855
-3.7533707243033563
-8.830029170321163
-15.162921530405209
-14.377617684328955
-19.340355775319967
-46.87662569061437
-4.246411902850577
-15.485273469714885
-25.325312085939
-7.938275055193996
-6.063350329038726
-12.288496770434685
-80.08939910142189
-14.342947754871618
-5.937341681416755
-36.10757543990613
-14.283897084479207
-34.533438042182915
-9.695823343790208
-15.378219533670322
-15.102474895264018
-12.354711898405464
-14.522841110947416
-10.765826910075857
-97.16842952132114
-40.13115100066804
-28.678222487401726
-86.93080431701817
-3.4956374393783802
-1.5134061737748459
-34.47251396735226
-30.53339957820703
-3.610373732868604
-11.671546892087063
-36.15250394474702
-3.1909660804295954
-6.66999121177295
-22.965086459326077
-2.455065774082253
-8.10494005250353
-10.666330679245268
-18.409970045718065
-13.31199108236098
-22.330321800848452
-2.6002301120387057
-38.976746660101746
-1.4185402693648748
-23.530766588640468
-21.230575921109267
-10.06742065146684
-8.435654290075428
-25.616059256572846
-50.15094448488591
-13.221490916855972
-3.485614838770871
-32.0267216566968
-21.66188318037165
-7.6457395891893025
-14.237496841390065
-6.554278639735763
-13.4549628848598
-23.898993478686425
-10.333318708405487
-26.930361018775436
-9.15278249372901
-3.452525076598725
-30.878795635916344
-11.429389541849684
-6.4496850398572745
-1.6355454580374498
-17.155360966000497
-33.64429628230035
-4.1799312694661195
-7.903350529211709
-10.202279067602452
-3.9374946931315025
-26.346349485965284
-8.467153984898184
-4.202863330661487
-6.7928117069530725
-6.039390943797097
-6.393440768108185
-6.015771755282719
-4.374918437845656
-4.359935174465343
-17.94762232167445
-24.097843731243806
-24.743106074409106
-1.686103273554271
-60.32044609102042
-16.01789253070065
-17.49332232626262
-8.485289647120673
-13.860948170067509
-2.0874283448169186
-17.666114417514102
-5.88436582975049
-5.125101324886937
-18.070041095864585
-16.20902746682754
-13.424739568569349
-13.041627483245009
-7.616799079310353
-2.3117153455081727
-12.536749365311653
-18.87550515145384
-3.0619827037810645
-22.613647267336116
-16.129462531475365
-3.105352397633165
-9.9888692477878
-8.336352202666523
-4.833945164472953
-38.2618302372595
-13.123552299047523
-1.8326719287503717
-27.55040379548726
-17.34599931377647
-25.46169964287511
-21.435576426360925
-16.20657840639153
-2.681949759336749
-15.220020501773893
-23.04118569473344
-19.57962347157379
-8.470545214225652
-45.01208769117875
-27.840929385466378
-10.374319450948239
-10.221208125407028
-12.838570200916921
-10.86553837303976
-65.42508195941684
-20.845601468390097
-51.9054200611845
-20.44135892041947
-10.50439895029072
-44.29478302075595
-69.43096171806717
-4.49121622658229
-54.52717143191406
-40.61836462044694
-36.063412299761275
-40.72657807946998
-21.570428679918745
-12.21207198248752
-11.184422826769845
-11.158262998913662
-41.20092842148271
-11.30639369847067
-4.833945117358505
-13.95044884788797
-23.952688129420526
-41.54858612204369
-18.718625398493074
-12.212461567400581
-5.638318702595097
-11.444222991791445
-7.89726370986802
-6.599335437695068
-9.733909847367421
-22.273114485496688
-17.28178235308959
-2.0182942187309645
-20.542761464937673
-2.9405972457183798
-48.31302067524102
-11.945957081185188
-9.085267382926215
-28.778363034055793
-0.8058879152990837
-14.313035419962238
-3.85448116637835
-10.106746264507919
-45.32677029993838
-7.278215944350968
-13.316186749277295
-20.13756329059549
-1.303224560775996
-0.41553803620551066
-95.58870499954837
-3.7735794889397303
-7.186245091367735
-50.48166709092987
-3.6183001475385375
-53.79296669097225
-40.4275060071553
-9.175746086433017
-3.3571737746993136
-27.538096540376795
-10.82151111882482
-9.053493951078222
-67.34948645561542
-11.979491279858246
-57.32939810895289
-9.726115265708135
-13.927397768868277
-24.461323691445187
-27.638822509114323
-38.663672981814514
-21.888905847430408
-13.822697182157047
1.1379664107447063
-0.26175356678635014
-34.89978688051672
-2.3343079579378627
-11.111885221258337
-5.386659694091581
-4.476978537580872
-5.985078709990369
-3.7196100297059
-13.31475727959105
-48.37337436118441
-3.103083167163865
-0.6052351725498365
-3.824250877111465
-26.91722356742337
-6.236790102125277
-12.943883569986138
-15.588927064102698
-4.786485120512214
-10.432250392778458
-5.462950771385516
-59.9760186193285
-8.762205088727631
-27.35840264801072
-16.61658518781286
-54.64794800626976
-13.49664386676612
-52.53027652609669
-8.879247039766113
-5.827768269806112
-108.05030574916451
-21.031687938825872
-7.133315418049449
0.6609990458356912
-0.7411385909006295
-3.2814080705148143
-22.86654475709186
-86.5073673587609
