-15.833441447332238
-8.551215974219149
-4.5720683999991225
-11.92640975996703
-25.60371341899103
-9.373016424040255
-16.025751476205617
-6.550947910656141
-21.82198891783114
-2.2067102315090703
-12.613837645500912
-53.78737703754757
-6.883901865773379
-3.957278613389153
-9.23309465515056
-10.6693473456518
-4.343359016665931
-20.73639600400123
-33.767538378144295
-9.935564711374038
-8.425077175115899
-14.642188398192182
-8.8303257136745
-6.03729726432232
-14.393683271223994
-43.51235019850242
-35.374480134682145
-22.370010183667983
-2.7829884345243583
-12.000929371560405
-97.24192494695808
-21.705011672488638
-28.089684222264868
-34.097759778939206
-8.247245620005915
-18.45004566989255
-41.242959727438176
-10.312366972030688
-26.87186413425892
-4.4657913524533
-9.799498618011809
-28.404566747905424
-5.19931352935448
-10.267633211475623
-3.7073867560284572
-3.467548159866306
-14.161720551262698
-10.546618987753158
-15.710140840536788
-3.58454555953489
-1.9391472486713728
-6.96037747547459
-14.73305289023241
-21.31430809055167
-46.95999708751914
-20.95809995149341
-23.931353884036813
-16.73058218127176
-51.21298792838581
-4.7294086873994825
-23.590268739665046
-37.69974476312268
-19.504895204906067
-22.615566366505544
-21.360561815505026
-18.13586524973465
-9.496281125649082
0.7537700614116549
-12.099325600198584
-13.457979892993606
-26.483576685235704
-37.15120897148637
-8.527385287170397
-81.58041159464393
-53.61949336152058
-26.675694018401067
-10.338782286861507
-9.43532586318254
-27.460243106309537
-24.4528017336077
-41.51903899134792
-60.51919788574386
-7.031512523273619
-15.147011619434958
-15.265157607419262
-33.735468038170566
-47.7565421819778
-2.709868689318173
-25.554216966080084
-5.5468704933021264
-78.05446980574727
-3.4112476757024917
-12.460526121361022
-14.756896136598387
-40.4661776429973
-34.845070770360614
-11.613763879803122
-8.504862665573159
-19.021432250315947
-12.985237785425921
-23.058050244592433
-18.822210350900985
-6.6620379571920525
-9.393292332671518
-12.942689727995162
-47.20650083507129
-24.882897541404095
-88.03864456525518
-14.326229128190372
-47.806001660938136
-33.93999044377597
-2.9662970654405125
-46.18394937582515
-31.47117893877842
-9.645421307284009
-3.0075230261731054
-70.4527869294199
-14.76523324979712
-17.640849275135338
-21.197286931092005
-48.129053231114035
-5.587569246549183
-20.6041115743479
-4.736969218724927
-18.74572606008695
-19.373638856753168
-56.92849327666819
-4.083849045007524
-8.280739305541221
-26.0370394976309
-7.10901038178798
-26.870195887719856
-2.7323189268768346
-19.181021184844155
-12.253071110618187
-11.349090442184071
-138.62905664389274
-6.696343458160424
-9.055942659492462
-5.99195957761142
-3.2609572006912413
-43.83285339563349
-8.491145418556357
-4.161951161209489
-24.39758300841862
-3.654514336259918
-48.71732216288614
-12.299837001223771
-34.33734974057052
-20.72755595989347
-23.225873099245195
-66.7836715552461
-15.937763195762699
-2.848310345442361
-49.538564735163874
-27.80052591684154
-29.714038128060533
-122.02016980678174
-9.53728281120762
-16.17939129087085
-19.371426757638485
-46.09298346721369
-114.1729379417739
-41.81425226609328
-2.26258241984602
-11.32035488233782
-5.323470989927003
-92.30445598404043
-5.643163306314765
-2.2352688256165525
-53.248240382710314
-12.613030728769411
-33.27725632019743
-16.255756232958117
-14.92658228732556
-31.578644405640485
-9.895528873459373
-14.498490247015052
-10.348133345514256
-15.361332644202866
-2.110327202566261
-6.780372285570432
-8.843476282467599
-42.204148252141714
-19.225216706097765
-5.361160511061091
-12.974703959749604
-17.63484529947522
-14.390549350680104
-14.248891956460048
-14.009525662166803
-19.83169778539799
-25.027516854985322
-11.247235370064299
-15.12198848834304
-18.59084759635137
-5.31987308881589
-38.380776113373024
-37.524417380819266
-21.256139915211147
-16.061698830376148
-74.71911327603605
-14.252475053740286
-38.89767064047779
-18.13255357316677
-79.53289357835256
-32.109314534757026
-12.232032143671441
-32.26463501818511
-11.70899408624775
-52.39701530266613
-27.068774820362513
-29.352083529712996
-164.49665413642367
-3.498831692347302
-40.92947523880368
-13.751614175500016
-8.660706650224816
-7.796880713073656
-8.734815532649822
-32.2832986166655
-1.7984012689738926
-28.287763042867773
-16.542776298517605
-25.9428093700285
-93.046339090071
-73.72801942967186
-43.68009342017729
-14.68676563803866
-4.9355657442490655
-10.998953121463948
-51.53296345362946
-12.686569476577802
-33.74058264668139
-13.393475880488596
-1.4240967447489938
-24.91553976136665
-13.854330863010045
-14.134592166713919
-7.420437660670007
-5.97845369614248
-7.710015167470392
-7.666395230271632
-14.475952311653616
-32.71292141883331
-33.09656370336632
-12.130815879209978
-19.692677710894298
-33.108457381039464
-2.642418854653836
-9.808060352404818
-104.52958420551741
-13.267306431874152
-15.389798470535222
-17.684505845628397
-9.152009366870741
-33.9893393036417
-7.673659672387409
-33.38396427764713
-5.633604610604029
-11.623180276740333
-11.503477538747306
-4.260109841169256
-23.673749248793534
-9.276081365496118
-23.626593572302856
-26.889029916978085
-13.131388455955332
-35.94647312096462
-12.420984281025117
-50.34802112554744
-27.99907373094701
-4.070088347556678
-8.865977478731972
-17.07411466100163
-4.393525774069513
-3.0006234144418458
-70.01617586909862
-3.2993330488793227
-3.2528070275821483
-1.024928313947752
-4.436807567672749
-14.251541374745628
-10.307779523161596
-8.92530272794166
-30.484023597792387
-7.2608924525385845
-25.71689165594272
-26.08071340380684
-4.826118288376301
-20.76105257649609
-8.011778263858028
-13.007232966125876
-30.905351790740532
-16.319006974653036
-8.214245701745948
-22.144614420508717
-17.734165120613625
-10.76742448518072
-11.945527360690559
-5.7130468935404854
-2.1202069489464197
-25.20599433926362
-19.856646100884248
-25.994063453613578
-47.900858801732774
-17.090159282723366
-33.47128197656189
-15.773753648335935
-7.323592046277189
-11.782140152961617
-4.373863331105442
-52.383228180052626
-61.54005693092373
-60.797170354778125
-29.761823609235872
-44.518173591646246
-14.970000867557077
-116.08702842959963
-91.33858441608075
-12.11913645795241
-11.589077350505688
-34.9906289539726
-14.32401116241295
-9.206553448206197
-25.95756880989128
-17.522919235644714
-8.531904286840437
-6.977555427090534
-9.790421802742086
-30.805127319839244
-11.363388007480216
-8.31242516225305
-14.901015036394613
-15.238378932010454
-13.054985837956071
-32.04972550185941
-28.555966913002585
-5.095116653421481
-5.385479460945387
-5.758599523658217
-5.612718400020213
-4.959019473380159
-55.24118845442481
-59.463028794006036
-13.99691536875098
-5.4822136183505545
-8.68968942482627
-53.667192901600124
-6.794700676683341
-3.877929653215634
-6.986468469671117
-23.887293641921005
-32.00779547038728
-13.653454321961966
-62.19356024671589
-6.85784583436872
-18.297362235384337
-9.157797538497027
-42.02302743381799
-7.572299645159302
-12.587073133175458
-12.374597864662537
-3.5119570010160075
-6.54910268082787
-20.431578700465376
-8.142510412479147
-3.6650653460655787
-9.030945164485468
-6.199548329445011
-15.33879627996345
-12.437203866672572
-29.896542820946852
-35.69910207563418
-30.272386086431347
-11.56139407566532
-54.99480106591979
-22.03410912945244
-5.212167959109852
-47.55234758880498
-5.8093464860510515
-12.927011414732647
-8.644955022926874
-11.86521840164757
-24.104788241484112
-25.228486569122662
-10.965208562067701
-4.035420514342227
-8.013195022057365
-75.8883527988295
-29.642247665745458
-16.178861670503625
-17.17933550134177
-38.372892847803556
-3.6250912415893497
-19.071834400046548
-4.878076988487949
-56.72636551778451
-32.10950828887716
-27.25616996647699
-19.91786122088627
-5.682337999519206
-4.308975843886438
-5.400387123265975
-15.074496719969117
-12.428252768221128
-5.2709093714839295
-15.70514303402353
-53.39874353544086
-58.79641482229153
-30.95049416532623
-63.27477536540869
-36.21356646707045
-6.937151990121858
-38.51565687796703
-14.59871082737102
-7.419921294589318
-41.81354892661111
-26.234636488302893
-11.831023032431931
-66.88143868467606
-0.6075037119528188
-60.15560296297351
-44.57179576909421
-11.962877642672487
-6.840490537211934
-12.75421621602937
-13.560439674067831
-20.74530926462826
-44.0491600263642
-54.11894821117031
-4.457512521052175
-3.9481924205589536
-13.608272815552303
-35.47766949075079
-27.475257350768608
-9.610081455245163
-6.747870194571931
-2.914282469072734
-14.481934516197844
-16.5381423922359
-28.107325763977357
-7.970823435527947
-58.91201410898988
-7.319511153089216
-15.589978246719857
-18.358733443401217
-2.9662970654405125
-10.408180954406092
-7.024965395923208
-21.715420225261937
-18.016551639161467
-5.1492349133995035
-15.207857373462364
-6.257939790333818
-22.457986051092554
-31.89317749419365
-34.02832417351977
-34.87844961548139
-20.198682830398013
-28.1329929617241
-6.316741275799459
-12.305301805492665
-3.2985435926389592
-16.74396112813775
-15.390286365928635
-52.30138588560859
-12.380361575332731
-6.276196777080144
-19.665618777109916
-78.09498225451321
-5.739134437557066
-28.791782115697732
-16.27475375680986
-23.92923184930977
-3.498831692347302
-14.366478705823765
-20.203780004245182
-73.08726100026105
-7.684429109284884
-6.794010706183922
-5.5965711956292825
-24.987170534481127
-15.02050270422429
-67.9484213826035
-43.08240291165292
-15.477695806412113
-69.11020442048083
-3.7121502320177533
-15.0522492073641
-3.473216279785979
-5.47158829476139
-7.584372441679
-19.925134954642893
-11.168188392480733
-20.140951194582808
-15.946094657262257
-32.666478636452254
-68.33470657554348
-4.062022172446413
-10.952268294866338
-6.650642157744542
-5.422992256041156
-85.07632827173634
-6.423190115994027
-4.952938561448166
-8.043322801239244
-9.871206153059017
-21.31349441944136
-6.449245778630433
-15.53414347753234
-23.86971939114609
-8.39265228520984
-106.00293357447264
-72.08615011850945
-55.123475331726176
-14.459358651055325
-4.276148040745351
-13.555246847372958
-8.887448229224473
-31.29618451508326
-12.375793910984541
-6.932662564155875
-13.195313569754243
-35.003367209677016
-3.0734515864247176
-7.501645427182395
-40.57229690344484
-29.045263243327742
-10.287397342006901
-31.873807032129207
-41.867823437185095
-28.07990992966271
-27.467230348277827
-16.139754129395342
-15.935681374764128
-48.866690538141974
-4.2501518803662695
-2.056709895840944
-27.742754995964276
-42.26339141954804
-13.239148071081063
-20.735017365623207
-75.66381474309661
-13.782099261215139
-7.296361926110738
-10.638861097306885
-24.331933280246567
-6.888019931410582
-6.774508534513497
-3.5939846300464287
-8.343459808872726
-5.4364012197724065
-1.584469605336416
-3.10435762285973
-13.837595687155448
-14.800258363712981
-4.674855604928085
-43.478288272294016
-13.075911180528099
-5.880786012376248
-9.360740869733718
-10.551337338390294
-48.2410445848595
-11.683319016529609
-10.223124327664648
-6.854335576987522
-3.2609572006912413
-55.15601939240412
-15.459731190803929
-5.976852440918308
-29.498680843060963
-3.606010142540605
-18.45870221274209
-1.6479216277020705
-6.360486518694629
-9.602901800244268
-26.52099383148502
-10.56939729839395
-9.887225641271698
-32.70623400654886
-8.602530351408149
-8.230422180171258
-7.201446156452976
-10.499755829448068
-18.924595257769695
-22.074665473950386
-7.552600487040195
-88.82069275875342
-10.834412149309715
-29.704541619063914
-43.309192788349236
-9.212447603487735
-25.668263995347058
-10.649569764702147
-10.332655388796043
-1.4135614793054512
-3.2579628258609503
-2.9886833826598598
-10.617851087312294
-2.5048214690362953
-7.062994071546406
-36.67333540719474
-26.688225561919293
-12.59252385894379
-6.839712082391758
-12.128948753692523
-17.27660022406318
-15.279050148034763
-6.715083185246088
-36.63305995691369
-2.776527491693088
-66.38215712831642
-10.155415422971846
-1.9438239038084948
-9.818045188129084
-42.96690129780907
-48.41523352793955
-25.040607347552847
-37.14649200188595
-10.157102589170497
-32.678325620256736
-19.03116487513907
-70.43015314529022
-14.885298283937331
-7.624095203470265
-40.77895314006056
-10.542927705828285
-4.068549115357294
-11.040825972836465
-57.90904132719822
-1.6038265830906253
-8.420073868850256
-5.803747127022453
-5.7212074648332445
-78.02842900227132
-13.617423700873244
-30.634918704082736
-14.346314308360135
-59.31725233656696
-54.511027782981856
-16.738905638831643
-15.722649499381632
-57.551071946327106
-16.272473892539583
-30.975752815250512
-27.395553014604896
-12.92558226743584
-11.529264704437763
-6.134103716597388
-9.404907559640922
-26.630556644157107
-59.39053129382744
-12.704463685818608
-58.0233673107888
-8.04555245308059
-6.96526042075671
-51.03974708360301
-22.81291308950339
-87.2371804941107
-11.653264347408689
-12.397199579980256
-36.31442795350761
-2.076684165652675
-6.00742369912797
-12.575701752786168
-6.3853192973414235
-5.83432818451741
-15.890638301303362
-40.46855600143405
-14.579441099214067
-74.15500580922517
-24.815345021308627
-12.364598953271205
-101.69739621197338
-128.25136958368446
-14.266551126110846
-3.84671271262071
-24.021185355707576
-45.29639873999761
-3.560264678354686
-2.0399324881455247
-20.410873696385682
-27.464319786986533
-27.885751247199675
-21.48757839848444
-19.15871215653868
-16.618548459491116
-41.345222395348024
-24.779064212477877
-5.908170841058042
-8.885460064201228
-24.591605051677778
-3.4178892074550897
-31.276181107973187
-25.597104830114198
-26.787975837689675
-7.535355692766686
-6.4076986120101616
-15.992052301414146
-18.6135004187835
-7.425832277903605
-9.48083877291311
-8.735171931528807
-12.248206684945016
-18.92047011931429
-70.70373260587164
-62.926568789745254
-15.842142450410854
-8.476327726460477
-18.03537348953578
-8.93567273952476
-23.46169276427923
-9.047358884532715
-10.032380026805418
-29.871607135475543
-9.176748179899587
-25.219393729032895
-8.79724734746361
-5.378479844730557
-8.013362666462866
-3.130209071942311
-104.78539751631494
-11.576924388462775
-26.05854382380051
-17.867111487009648
-8.019319360672041
-8.141465426860469
-15.17427711683184
-3.9962619388673155
-7.918157490845103
-7.59297747204205
-8.488280733232358
-35.83505030633273
-28.758860227184265
-20.777884903179736
-21.030881871969967
-47.57552169599604
-9.949373751232164
-2.0101473016889178
-13.781271451280041
-2.9946907421970748
-9.98547429376325
-2.9135017256768703
-7.039422608012778
-56.89618271331127
-15.824389112145173
-2.9786714370870757
-4.8534554993680885
-31.295734424127073
-3.8953949862210098
-30.921911697456686
-30.394479839963438
-10.073724572214319
-6.4053789044679466
-5.20638071880029
-3.07654514151022
-7.6616685076218065
-4.0532233153431445
-20.12439834857872
-12.535689737804695
-19.29050872807782
-15.108358620211382
-20.210229551712736
-41.76244882927459
-28.247681230657612
-14.871762929963147
-6.34719445174409
-29.452429236900265
-15.202295972841528
-14.362521741353861
-5.624774928316847
17.527539845483755
-22.17473445770447
-10.750002364394986
-16.69068915826347
-11.751441590085117
-16.50262753264821
-26.63631066420321
-20.432984127561426
-4.2733977135887935
-10.554396283464968
-11.103518592678363
-129.25467137314683
-26.47155742874544
-52.874053202855876
-18.94833681510957
-4.248395831996282
-2.50806189522466
-16.394857236719
-21.20762686161954
-8.435456867762074
-16.99779146223306
-90.97505791880668
-13.932562254872153
-11.478277778647124
-13.581355956897555
-4.27295850386511
-5.378479844730557
-15.396481734667281
-10.308848366949483
-19.923168968356638
-7.458014684726576
-17.495278114756562
-0.8762904778717878
-47.35734095295838
-16.122900097717388
-15.762029316230894
-1.6977064264592687
-23.372532371072435
-7.316718850439566
-45.179172347615165
-6.379614718052011
-14.788891828796325
-5.1873155122323755
-61.98954379857602
-42.62096531946971
-29.42387087933538
-54.19552754164798
-11.306839704039843
-23.60686061895508
-6.661583272729654
-4.155511061155694
-57.92046816068607
-3.26616384934617
-41.26160978568548
-9.912613202393091
-12.444810175409462
-32.40453008323229
-6.241646525570073
-27.981399299593548
-7.271563343045039
-3.0442429532991877
-58.55377115757518
-21.148278099975098
-7.409959676120165
-18.985756446645752
-8.261560035753774
-50.385865661059384
-16.393964034914397
-35.043712878717095
-29.15153231201451
-20.34866206624563
-10.958067199685894
-29.10169493851889
-7.15734003201882
-26.10873675104986
-59.63033619781907
-42.56818441607797
-23.598827221377487
-11.736591754264126
-12.310458544189746
-8.643895751087477
-10.075100355065912
-44.8291062527018
-34.496061010385425
-35.903870712951154
-34.44345390470314
-4.228511419654822
-25.58001561646532
-29.891848645906236
-83.25189784926725
-42.56654331857366
-11.84419686219443
-22.290216278483175
-9.446601539769945
-39.11119442382791
-9.405172093475306
-2.4919959182356513
-14.162167093189876
-27.780407449042496
-2.2780003208082342
-55.031975149857
-5.487026530230826
-18.38111135054407
-27.657986377314813
-163.54857340761893
-22.8649113287785
-23.20115048393944
-3.9992949284469494
-8.25883879547283
-28.721080889405787
-8.815023838846255
-18.145217759271368
-6.348684574076848
-11.853728010228037
-9.54084710387242
-37.370071660165
-23.17681273867855
-40.15781364374828
-33.10694753354701
-13.372948805113161
-30.416908589822093
-42.69921141289608
-68.48758881099452
-8.98627570402015
-71.36441951719516
-5.45196076307591
-16.41623303213801
-15.212498147179318
-6.980747759577878
-18.321076752911804
-4.797263728103335
-8.41026600717422
-17.88177696515558
-20.855790077146757
-53.54229480994765
-3.6893363597384305
-7.6502035735167135
-3.4316783473049552
-38.19980845214778
-18.325413918096885
-10.273271481893293
-30.858667464074973
-21.518949448733473
-1.9864083015544716
-4.046191369655098
-7.509518494176824
-6.827418732932426
-89.02805642036867
-10.84387009952317
-20.033389860341206
-17.180314586952306
-91.33730913883734
-15.67102437415192
-47.11895897781547
-7.90517787283865
-5.998679667602057
-1.5689206192237861
-20.706888537681436
-5.980091171091203
-11.88085436874973
-5.205413107217089
-5.811743614416477
-32.5314768761214
-7.370599008005805
-41.02679103537071
-59.25597380581664
-10.654599811829442
-2.5614763697616243
-10.503273590720308
-100.10593135375962
-15.77533197426396
-27.64104222544484
-37.11587921376648
-58.87856739283441
-30.189673644698555
-19.925091402596344
-16.949359310892877
-20.32035118773661
-14.078136762398385
-15.546591493953935
-17.889448550007273
-7.294177989011296
-15.309756851551642
-7.321387101937132
-4.699019164165926
-38.42191257860606
-15.638160243635243
-18.09339001373108
-21.287076978445008
-13.078893375126267
-7.267262819371632
-11.594019727405128
-15.233717289686224
-5.0142310561113055
0.4274823900168038
-8.339668490562174
-24.763424654264014
-8.871942933906857
-11.096348806284558
-37.22021810816098
-23.806174788845695
-4.83666841500488
-24.77008166384834
-7.320213909239846
-17.965852846004285
-70.2825161506098
-30.189609541784133
-23.026305237302967
-87.77614172559005
-21.26407828038923
-12.259777954123875
-92.32165640475891
-12.303194052514066
-5.287699816010854
-19.08762422271233
-110.85454933904899
-6.377367360857765
-17.370776922053928
-11.306620066908133
-55.6322792354476
-12.886238297753332
-18.102364868735044
-11.373808717108835
-9.301612546335079
-9.008658991474034
-19.6454333353712
-9.267471640908543
-52.77891809761319
-11.248732894171571
-17.75389879221856
-11.538210822641798
-7.336653753549368
-18.594971425759653
-17.847748199380515
-14.662428083523716
-3.544741503706869
-8.386697091830534
-24.002325379942754
-9.214338755958163
-44.28909832831981
-3.7677472592063475
-30.856509466496384
-6.646528322258082
-24.15539623976548
-14.421091648492945
-12.966861767821149
-8.546401054933991
-4.517750052564957
-14.148919034613735
-11.239538971542416
-24.056441074729868
-12.479619559791237
-5.04996454468693
-9.541797076589296
-33.472903648094785
-22.506133489573187
-10.685607076844619
-53.421116334612194
-4.98905460273628
-7.0726886659982
-4.704106761046963
-40.27903461777933
-32.58033770773245
-12.221218254866326
-14.660969073479876
-4.520079051619016
-17.79767843942456
-13.33246316904354
-54.2669573817945
-42.71140422544908
-13.35665210861602
-11.508107302777821
-35.87420991301097
-26.50478270993426
-5.413928375115298
-10.630209030542208
-9.755892302692564
-20.437800933590037
-15.775167161769133
-9.659977210325138
-3.941335095898681
-16.686876454755993
-4.966134305175297
-5.841323538729779
-32.938335376327814
-10.674062255447488
-16.627263246606923
-11.048069761083083
-11.734610707473154
-9.173039868284246
-8.16226911045815
-81.00908464120579
-6.2913597341181795
-15.467779121790363
-20.64334786341475
-7.202835760665188
-25.365298001147405
-2.5927599022426224
-37.35347067276445
-23.821688519724233
-18.754614764302364
-8.570854704734897
-57.62517742853176
-21.404944305089806
-4.790455398629647
-12.276710841958721
-5.705724400995182
-35.87817559831224
-9.902410582531033
-8.669980685801098
-6.30891962924796
-51.62098941473595
-113.2352567674512
-9.268299124349134
-3.7717513358711363
-24.109290011276734
-9.647882137177328
-10.290121261945664
-8.997973194820066
-14.008444721047923
-61.46683690277642
-44.59884793272879
-99.04492737826111
-14.91973898162517
-7.52817270948337
-16.599164458110582
-9.705197067744272
-22.489532826969857
-7.842663846195114
-42.773627150722454
-8.229975136822247
-13.975313998267888
-58.40620234244658
-3.8591586282702988
-13.788005691099182
-21.514417390594687
-0.19061700923150726
-37.23640060542636
-31.523436887078752
-16.01730368379054
-10.290615329468467
-9.406584701923501
-6.740737968278293
-6.199182234106741
-16.697007367625947
-57.32939810895289
-16.884021194393444
-22.044530880898407
-36.57246383505442
-24.907924324936726
-32.28084546400709
-21.722689242671404
-10.08824315916969
-14.332862074185444
-36.05989773480409
-51.52160489032262
-17.336626532507136
-15.449632062774299
-13.42406182540309
-6.673941822559692
-43.29277515339683
-39.44910969679477
-10.171427112408937
-41.30693846039926
-8.868053133055293
-36.40167947160102
-5.4303240235514885
-34.10600193583266
-10.44556175354683
-7.492325220954312
-21.993842345368417
-3.6177525391575482
-40.34524453815471
-10.294956207406397
-33.31412448797294
-7.464616534516794
-8.06367440322667
-9.013511777740707
-29.658302492722243
-70.81112609126714
-19.71671915298294
-23.227675890799993
-9.444073590091318
-4.927372880087852
-5.414656985003571
-3.611678262460275
-14.692040892373019
-23.87645039365301
-59.47352896601779
-32.293204527469385
-18.69745740947364
-4.02893304439234
-12.589493720733547
-32.168439271528364
-10.73764842857069
-15.907976075286282
-18.57181113572409
-9.831681516043297
-20.449888352715888
-7.146188011025942
-22.336200997469
-19.482302535474492
-8.76203009942965
-8.703426582806472
-20.731950887557915
-37.4453383442198
-3.9817486406291884
-5.061748629754101
-61.299266696818165
-1.3931650178777275
-2.7801148012689203
-32.75046524442745
-64.18188284174235
-16.92615228607997
-59.97580029536299
-6.980747759577878
-12.788175690194482
-5.944505277150702
-31.009360072824244
-7.940323474152518
-16.986882570421756
-86.9123184575079
-62.1611346738248
-81.75802032452448
-10.717308167550023
-67.65162554179274
-8.208659183299037
-18.11271141709304
-11.233102201052612
-27.072234912610586
-41.12905690655498
-27.660803010887662
-8.816036035410193
-14.41650315325703
-12.605789746882099
-35.35491701750044
-10.790627802429068
-12.283418835792974
-7.51441067030877
-116.42191233480585
-11.444655934033642
-28.291676391605687
-14.264638381140806
-5.209876017027701
-13.169930442578693
-9.375179783769786
-35.52677541535001
-5.5643074463052145
-4.5953061850877495
-10.545301254247422
-20.786440879640505
-37.38209073528976
-33.924741334785104
-15.647581523725426
-8.417409818943066
-11.938482166491973
-4.50424292255248
-33.90055564802266
-44.925288609004184
-12.19785843882232
-18.764193738079427
-3.419382395524857
-13.533127967208884
-6.402913201545059
-100.33157004343191
-22.045005826321162
-15.648019654881642
-4.819504203280002
-60.26566509202289
-9.675080897193197
-6.346481095352071
-22.960415467088062
-18.702056780770352
-2.1125935079646423
-4.6420332649902045
-13.854845300876121
-7.198685186593299
-16.865504001474626
-51.5291159742503
-19.1499789091397
-8.51332865901065
-20.198754533117988
-3.00868090258581
-5.252835503841825
-63.12023845059016
-2.2111486856709615
-32.413530881222584
-12.428505462260926
-18.461452848394902
-11.68141913446849
-56.89013348093768
-24.372312432877983
-35.677191051904636
-19.348064970531293
-19.13617528381654
-5.836943535840641
-44.360296094575986
-30.76316845125027
-6.97398997921045
-15.930944007317722
-42.49604637251844
-22.22948911189767
-9.518432512893135
-12.844878418685097
-32.3090772754722
-63.9479799452376
-17.5845222789145
-4.7714769854616925
-98.85885780518797
-36.908871673075495
-20.64336579228862
-12.510565814734337
-5.999131913684237
-3.383373189056476
-61.10498434266122
-16.285890695719935
-2.9542055065573285
-20.884447362686533
-12.493492307666926
-10.571824855891936
-13.104884911443202
-18.249073931368827
-7.849836430127953
-59.797474833551284
-10.528181720560905
-9.186682191582657
-11.958521425933245
-5.465004468170211
-13.961837555470034
-31.208488332412557
-4.308161188975079
-6.482386208528448
-19.025456517888802
-29.792788747987682
-20.796498282836296
-9.445591478614038
-26.016667205718836
-16.268789659552713
-23.93343862795372
-2.5439974142889654
-25.12471746505618
-24.666239315871604
-9.31523249718367
-13.913520658409025
-37.034356879869925
-4.5807403417726915
-37.59410225210496
-12.235404647858093
-3.4157615501504237
-9.155314364213899
-5.667413034674917
-34.47981447176901
-16.928638076203285
-19.50894307946643
-12.896438777611019
-19.246738316404997
-32.412489172149066
-12.690011832091372
-18.98873200620151
-3.8907795594993693
-6.320268750488497
-40.59973218403412
-3.4848833283272724
-19.544359004141878
-27.499614435030026
-11.061131681330753
-13.457684773140636
-13.078559938271347
-113.4506405423683
-3.8259150568478475
-24.082786619904834
-7.285813503978279
-40.09735282632132
-8.038276339497076
-14.542575027934577
-22.913646599760217
-132.26987066295456
-22.60779165668513
-4.9535448308081005
-39.82328382649339
-4.055481347034846
-31.924928725367455
-14.343245815701602
-35.367641268160305
-30.67904992019071
-4.6104885825493716
-9.404443003253325
-20.1859484855498
-12.137435322413097
-33.97505613747486
-10.697423409924431
-28.324956795457098
-5.990208050972428
-0.512464156973876
-11.088717661566784
-22.319316137806446
-19.110370980451137
-4.896706846718338
-9.679689545866559
-7.777375684363044
-39.23006758026605
-10.87325653716473
-10.823509166646227
-31.310092388976624
-57.38179522117009
-7.382294096077245
-5.9560018331768
-10.052110575027347
-3.9204867318179626
-18.46277853194754
-5.779001112186528
-13.021587580277176
-5.461565817061444
-4.534968355104439
-37.91345379063587
-34.86516156727641
-8.580457201237412
-23.402885537442554
-43.1471174827194
-50.10784848834296
-26.050395131229127
-4.857039426711177
-16.41535026739915
-74.52079577590379
-4.756390725838367
-43.11922841952432
-26.38177070935544
-28.898126738104036
-5.033381487326254
-9.210475966020427
-49.47419846879408
-9.060797105837143
-45.3246210900189
-11.494118239317094
-52.25620908718492
-16.14927960200769
-8.598112523560689
-8.331416298243484
-16.107255786691418
-45.97065343483469
-7.0092186025290415
-14.43209643657846
-19.52844471829691
-0.7596470179959265
-4.020831873670255
-7.239653806600391
-27.63348178305252
-52.41335870561716
-27.371255131234186
-20.64381357281003
-13.10940773731818
-11.490267287197913
-2.4483965877229523
-11.518875271407568
-38.66935279715894
-11.126943289392573
-12.524218764586022
-28.10638936735023
-18.827397523018607
-10.37830100015852
-83.38769108377956
-51.81460318324496
-11.296572562337461
-23.794145708210735
-49.05293631256104
-10.256039762048754
-10.756014974073858
-6.954193926246506
-33.36326575509014
-37.404038473610214
-108.84857820009678
-52.758668872443984
-37.613359382305724
-13.689848025009892
-2.6281206159020996
-2.4919959182356513
-143.46031710672446
-80.08939910142189
-21.711579107849953
-30.347684291532786
-33.84573651030934
-8.749227794290375
-8.092561289765905
-17.432920811107724
-8.658188928812972
-6.423185751072952
-2.782823711456242
-18.705328725046424
-21.16164173929455
-47.619208834363
-9.037391329143897
-24.143456863859694
-5.867531496419344
-15.793562831893258
-58.37096621773135
-13.664506529719088
-20.77071456247716
-37.00469438267854
-6.34648042038304
-37.25445362104191
-11.778617117111148
-32.409948825713876
-5.1867122163886075
-35.618585871144774
-21.382929736809228
-25.615578943330583
-3.283370576862088
-7.013981183724523
-13.353858083022054
-43.42298924908978
-46.52886849738659
-79.72572738761244
-4.043570687451323
-15.163739900688377
-29.03945153617293
-18.018607122103777
-34.929379772274956
-40.53425671166439
-4.330038965344412
-22.22938906555744
-19.368959566228924
-3.3418996855834475
-13.063535049323855
-12.97570755418171
-9.470164713700768
-35.2892440477273
-29.09494963779504
-11.903386348144524
-25.246858289724422
-25.38497338328705
-2.704025096741003
-21.75139394990784
-13.855516159098656
-47.361788127898365
-43.41461767277685
-19.622944482285117
-36.53869951485596
-8.11809212126954
-11.450940307567224
-17.64548041415075
-13.554548389746163
-59.52487217950412
-8.77070556187005
-7.685364254809722
-6.2544208875293315
-21.475828593655958
-5.086855523106181
-19.662658260790817
-17.21744932541422
-14.492355947227981
-9.934214874726731
-15.470600505062238
-13.231808064105294
-67.27958139911753
-9.927187600382386
-13.20592517949893
-7.235112157223415
-3.1216596436694424
-16.180111636037587
-16.68332084544122
-10.555931652181524
-1.4742580413925754
-2.39340033480968
-9.358789754615298
-20.74167135018383
-34.80564697181506
-15.463992835873213
-3.3200193485553773
-67.79394494965068
-64.03480766707952
-7.895189101853151
-16.375888169940556
-72.83366281015269
-15.265091683840176
-10.958283016584378
-26.346349485965284
-11.560110698515157
-24.527730610854814
-40.69079396643256
-5.1810609379071595
-73.18524964757009
-57.160801210436794
-4.577557685958632
-44.50066156149592
-9.93842024973
-27.533580445144437
-9.350968169747139
-4.770898538294648
-17.046448349444706
-33.77718550821984
-7.433885238329904
-26.25076549562659
-11.574578307578259
-46.808479198776546
-19.816076890688166
-8.309101964374504
-27.60622067333582
-28.878096030006457
-4.1245131723435255
-23.375802158646646
-9.966885802456586
-15.784947317121055
-7.917975601157593
-2.5904596323893747
-25.237824271113233
-28.02524869280187
-65.85371854770425
-13.261779531417414
-14.470105091252547
-2.7113693207322025
-24.745901697771803
-9.187790095597952
-15.101487749607568
-9.632440286204954
-8.163309293329498
-6.174302037328015
-18.05021984230437
-3.400663066300099
-9.022595776270345
-1.3877599291061067
-5.24082629488595
-107.5580701879726
-34.35533321940315
-3.5250676576483992
-30.777528684492573
-17.61780068014872
-21.062805195031327
-45.93417255324045
-15.54668891325179
-24.36938947612845
-6.431653624997319
-73.84995753511889
-21.553986710857572
-18.243273878565383
-10.00102872855303
-40.413996469967294
-11.419456802152535
-21.419144037765424
-30.093392630467523
-51.73887662571548
-14.678285763158973
-10.777963339245005
-18.573838702610473
-21.85944776207349
-15.221305128310718
-38.725481598866516
-4.69885798178418
-8.050074448381507
-31.555392712015106
-40.72657807946998
-23.916081029938123
-15.735657266488275
-4.9545199417176295
-5.890712387133647
-38.9847370197828
-27.91946786399692
-13.815227400461664
-19.678181295356374
-70.4521894002094
-32.81871556295107
-65.24642771416666
-7.18114732729323
-21.481372206944638
-4.36504398210752
-11.083177765172104
-7.127249739708289
-16.819803156798546
-32.56588147139709
-34.605694116837654
-31.83898440813828
-3.6050601989569695
-7.78390588811117
-15.003619800568488
-15.885557953837248
-9.625133337934411
-24.65947972399613
-25.03269316361464
-20.93049452260477
-41.79375855662912
-8.930306018129613
-48.78097588288055
-12.959965643438656
-13.353972407218972
-25.82393764398324
-32.66133392207044
-8.558777483269155
-8.650900011196386
-5.972618784922013
-27.344197939227218
-30.804009106449882
-83.4713939591369
-11.185706113720276
-15.458022488598449
-50.56682391037081
-12.489946274055354
-4.983991693827801
-5.299525843415866
-11.003210058383813
-114.71885248322025
-4.869097245595198
-24.874838058236914
-38.497248682903084
-10.862168064225946
-16.320789172571747
-114.56895898378549
-3.2679398382943803
-93.26862114529986
-9.285948455408372
-14.893901885818831
-11.770994730730536
-7.2127163884433285
-13.465109987299767
-0.2866242438120644
-41.719656792253915
-14.852348376514183
-2.2011494338386326
-3.14825108775489
-29.52027657158456
-15.494970854915397
-37.457796289452496
-25.36378816138264
-11.607094872042929
-35.406232363665154
-3.02305789739618
-9.141583974759177
-4.7967435341286695
-18.113431866994972
-38.96525143203546
-3.6752743850538927
-6.325897320020154
-12.127434484763752
-20.69055015312745
-13.118971751851985
-17.71722685705208
-0.9259447296090266
-2.76252076988512
-2.7450164389701524
-27.053534878545374
-2.6923953941246097
-13.554939613465127
-6.822151752837158
-82.76035902906783
-8.858001642001875
-9.193364256098606
-18.36673226270451
-10.965497379236409
-6.489954547623041
-10.46283810363344
-39.52115621268618
-9.133064867949921
-28.90182911516131
-6.250044451893464
-9.529688745560755
-107.03113456566398
-24.521705694914893
-20.220057849567826
-40.745801500741116
-8.30175145825822
-6.150870944758005
-8.5900026501127
-14.990460166374342
-2.9041285071390965
-10.093666395805409
-19.6935823368649
-3.4235895856376546
-31.089800039771998
-31.493418510630985
-16.74932516849592
-50.23586694391212
-7.43284825317114
-9.217971154718105
-40.676272653208095
-14.416908476768556
-2.6904954707766695
-13.88941784255859
-2.4248401202420538
-5.042256670105629
-15.551973260648545
-18.989663733393407
-9.88273372035962
-13.965277119262712
-23.5134930290109
-16.174958277851076
-4.951048801133941
-45.13097591909559
-21.832545569965824
-17.2859054697139
-20.063050741294195
-17.086778245348082
-16.20582522484277
-11.999045290510207
-19.812738399527575
-14.006063465298144
-136.88467161996465
-42.405619598729785
-4.655917853711611
-15.935507473778276
-2.5927599022426224
-44.27975766851963
-46.67385018930172
-39.54331925673457
-5.436934902833595
-3.995428185493384
-12.769154961925103
-2.745254983897937
-18.823637444115533
-173.1956070236468
-7.2929842225675925
-25.511664271470085
-8.622791787920628
-21.539894951463975
-6.535465936119415
-35.687769735891585
-2.6728577119838994
-7.059026870122635
-3.0452616090292275
-20.245686380947234
-10.715583778136969
-2.7694738692715206
-10.9105210614211
-67.55979431111949
-15.060515160299033
-20.471634879308276
-16.213985937534172
-47.402804367871596
-59.22247700425124
-37.62509534544094
-26.056139359372334
-5.457128996111914
-12.469620934541231
-6.480943554662236
-9.835923983643585
-4.83127805433572
-21.913324265989253
-38.128173755593274
-20.768518886002134
-9.406565826700696
-1.2950776437339537
-0.7142195462072258
-25.67932338847936
-19.159605278252663
-14.57296385494171
-34.58955194611334
-5.2618269115210605
-10.654160321052679
-54.42886557464012
-2.307910371092325
-28.045565559793268
-60.88496700873218
-24.022115194464458
-11.511077876399646
-1.4777858088265092
-10.518158859593001
-32.959152179992245
-13.753794178612084
-7.374885598133847
-10.596904463270366
-8.549068111196267
-6.861579167005167
-38.70708164535057
-3.273656995557328
-8.134077710410928
-1.1623700580482155
-14.603085647061652
-5.538071481004116
-10.17423270513277
-4.220604232585006
-52.67044230332337
-60.10368824173442
-13.79487735794671
-38.164265794538345
-8.117104967529466
-19.19263380231629
-21.45938432185078
-29.498090495472898
-29.217458955053278
-14.35782268675744
-20.411791428780834
-25.111235117345785
-24.986708369047584
-6.15309028302044
-13.785943215665245
-25.97315667777408
-5.448108440588666
-33.15292159742784
-18.791532813381618
-90.72793846854321
-22.114996862307322
-20.95831703253399
-37.14963162860179
-21.746055236368253
-29.776626169899416
-16.086550455681024
-123.15527101762451
-1.1572827964229415
-13.861214595641133
-8.412262264876729
-0.1093795457370478
-7.525825446490196
-8.207041587154002
-4.223665434026349
-48.19854991030961
-5.508789979727134
-15.136032789848194
-10.578335580184978
-17.517015914740593
-9.431167249246432
-77.01983238905179
-4.7386522979351975
-19.700251133980398
-18.051328138676386
-17.029865410630507
-15.821324946611902
-12.398958842478702
-14.144114332122196
-9.614902760231987
-10.910715728799905
-21.061463780745974
-23.84742287304829
-4.164208203218712
-48.407443575170966
-5.21308592610068
-8.754383995574342
-26.78469434024515
-38.370039779350144
-14.379885951587626
-15.078056238513286
-9.591343210040279
-1.4968330329673036
-9.68290514050905
-23.86919145318703
-18.958012885803623
-22.055077513874174
-83.72783625793214
-11.432909865831405
-45.66411294099662
-2.5001988531267845
-4.116362999234429
-45.980920196916976
-21.499535376918463
-13.243264074813268
-23.043543079917153
-15.182900472400199
-3.9328304679659896
-7.3006274073512065
-57.85106930249031
-9.102059494424902
-14.920103077918995
-20.105272383293578
-22.232323932109022
-65.78488109191647
-23.777841519677168
-23.074284586977033
-7.299602676357345
-102.4743001241412
-7.3919859207743075
-11.154646360972952
-74.40952390680914
-12.054236203534275
-30.83958106987394
-20.209093789363802
-7.898226594964919
-12.033640070390083
-5.255924653263035
-22.23889466877468
-44.83408277035252
-4.037829639086926
-49.428519579326704
-13.081097514459337
-19.67014767675183
-9.934155002096078
-11.542419557092114
-14.459335852849625
-23.555861965361963
-76.94062075642083
-29.165469024709633
-12.513505227309572
-3.3020819112859554
-20.332058882152623
-9.891644872019913
-5.640701293900153
-12.553659413676504
-17.408961913045005
-18.357427490491112
-26.48346157382779
-35.580584733812486
-6.251331180463239
-16.79845168278265
-9.084159918318031
-23.961779228131995
-5.941353481698565
-7.121409802737063
-8.748324924224828
-7.945807637256726
-2.906714603531294
-5.892803975770029
-20.48566719956671
-45.90451957174307
-2.3514756557490974
-4.341826737226122
-3.6960041871550833
-13.719979429177378
-15.990694292619514
-33.99683990350495
-5.093937149481765
-41.505529582024806
-6.5562743535928325
-75.13532975880244
-32.7655820527288
-9.286490379767999
-24.693395092588045
-14.311800417283981
-6.232326268530562
-14.240052126381872
-12.86856055577791
-16.730039899976834
-3.216681441686872
-72.20637130399992
-3.2027369679152495
-35.9661470679657
-17.2646589987029
-7.76263091338683
-2.808168852303733
0.04063702617755189
-4.90562008651172
-26.719797253647233
-58.837082197204026
-14.376855373793383
-5.895023219385334
-27.34575742179216
-61.382682095680636
-13.072395534607724
-7.595502134025028
-1.3371113204830976
-15.21477294769089
-46.84668224332216
-12.42627895096948
-30.03299613234367
-7.039859943044558
-16.19264152537929
-8.356892795865035
-18.1952271811069
-9.759159286302861
-13.000875443172221
-12.86337320729786
-22.92702973202101
-37.15039658704349
-2.9162190917936033
-9.506643348554718
-3.112782021613754
-81.95289309312226
-50.634711854329964
-8.767063214220604
-16.190701386356533
-4.760055859895441
-2.6711314408736153
-21.062414632332967
-28.212049025871625
-15.735738329992486
-20.12389402382581
-10.106154149004805
-85.73773378732075
-8.29628146413444
-17.129696915153726
-11.120155275593715
-14.631132387723303
-13.040268514939786
-64.94808141746086
-11.747482732311418
-7.2539753317403655
-6.746138449843775
-5.509248413904507
-15.710585524692226
-15.716406584869667
-10.63088332597818
-20.789380918990425
-44.43854491806553
-17.693277410045514
-43.65144345643226
-33.59952776715803
-13.907564908435932
-2.1403084873162563
-11.386672537326756
-3.7891732645975087
-43.671734142914225
-24.993399757328326
-18.003727512423033
-26.875402868698703
-15.33749958114019
-20.358409721619456
-3.2477068275788885
-33.59183907085759
-43.41338165978288
-28.54761557956257
-19.322690593723777
-26.53808964962944
-49.78096390662771
-2.340843542449936
-39.525621684163745
-21.500999281117362
-25.083265129999848
-72.4426176375295
-7.235832402006586
-27.657651184157334
-18.929025034387372
-11.033912439176282
-5.378365323439841
-6.601880964041299
-16.306961437942547
-28.87335172675052
-5.610539089614628
-10.753863514368165
-24.428053609857844
-7.085715813274961
-13.93658249166899
-18.48231444549966
-11.62206435018205
-48.770563433524565
-29.894452421280825
-2.8738778378559333
-2.5183419231544137
-14.365688497488009
-36.73355552466154
-1.810146415482547
-19.87343481488007
-44.10660461911882
-22.57394610818953
-20.009893247425182
-9.758312723377447
-13.800881507371383
-3.522443480845849
-88.34133066718053
-5.400575446772422
-63.72044219984309
-9.69344548770389
-11.645560961261008
-23.57546187317515
-28.570526024721545
-19.07317208555476
-26.440985639982383
-12.981312254912552
-33.664047862411934
-17.320007275986466
-5.00125603805688
-24.849808582332514
-34.50771084089081
-19.638728132135682
-3.5783867490442685
-5.334303012366609
-12.802365430508772
-10.028801661688966
-6.827833145230004
-51.233074543159226
-9.726987450105876
-56.084711173374245
-25.583481774685087
-18.018739582592467
-3.8730213613438558
-20.477857287131
-54.2890580849736
-17.260832292938534
-32.897236801235046
-71.96618613245352
-25.178777138216272
-18.6241651276604
-27.734123770271133
-31.271664677214176
-13.728902139719073
-19.26508089046967
-9.623087338761161
-16.419168117645842
-10.39090500772845
-13.237058782380092
-12.475987062947592
-1.8598053678937612
-8.028690689828533
-10.626548748074649
-9.57985442044003
-28.34990539044192
-27.058450907182834
-11.35344609839556
-14.554500215566126
-35.60480433953428
-22.005599433146887
-27.68298640246018
-18.36903209463387
-20.87482018654254
-30.972993329551723
-25.60123758827722
-16.30892366579368
-22.1242846632839
-28.143435783712157
-47.3181740698142
-18.458766026879914
-42.92866871621682
-6.573350515934156
-33.48616652346166
-5.9896514586606875
-40.49285608557516
-2.784264277130732
-6.118500397832069
-46.226016601463535
-12.286376794438349
-13.18529915889056
-42.78072657146944
-37.85318112249141
-3.314351073719366
-12.896120724496841
-11.995377123087284
-8.924468953666002
-7.272457341929072
-6.866946439588629
-3.4731089575367458
-82.82856824248432
-63.14319161172807
-11.10616794553509
-17.01185373641619
-17.380735302338906
-11.042993248670838
-6.822402757900519
-122.63801900490304
-24.818068682928708
-6.079504278065334
-24.168800593723137
-12.490898248703695
-38.78042337709362
-10.114458007112013
-11.861766974205953
-18.731548036905192
-19.414350976276513
-5.307478371120172
-4.050647919626751
-14.03756044483536
-5.130813559765896
-2.73289620241927
-17.654103786314565
-18.93451468937145
-5.699088839524168
-9.815184793243219
-42.010408447830876
-2.0693510675506412
-11.957430026174293
-10.719238017799467
-25.621897118136022
-24.16097374029522
-7.906266477451111
-10.07610089161623
-30.378830479045003
-1.778862883001547
-4.507280646694609
-63.4523217940469
-35.231112355473655
-6.465870432183371
-9.382202047182464
-41.787286138794755
-32.85396431320404
-0.5242230873827713
-20.75372385442534
-10.325388319280533
-33.10610101208089
-4.071639729942514
-3.6762643845912755
-23.559318827953067
-1.447250653997653
-11.909773021494582
-55.08564523146212
-15.101752424901843
-2.81554780961173
-4.308633262823211
-40.811761000951094
-7.0555678357672456
-22.286624241239505
-10.953724506174957
-13.749891245260486
-45.77571429410362
-20.42693809588662
-70.32914591734381
-15.685503598066019
-5.512348746193569
-29.373727565867128
-29.10591005033189
-57.276381113016555
-20.638102281136124
-20.784693239587927
-11.414446041311647
-23.56978129030838
-14.461102164212514
-99.15862682527275
-57.295847477403164
-19.76089136309018
-18.691617016159945
-14.922344202815058
-35.641324047711166
-16.927126618807545
-12.551693996026517
-11.586155190805572
-14.106578080788063
-19.469837944502085
-35.290645116736904
-31.578779896498563
-16.553487432573128
-6.257318638016519
-6.637290878947332
-17.3893583672271
-4.5895977605901015
-27.32143193657984
-9.755716897545707
-26.657573302458392
-47.60005022477218
-29.5126751215909
-12.333465948721283
-14.33378319729079
-10.638952826171295
-51.489339593922544
-19.53098241326694
-14.51716015180372
-8.254249237995895
-68.68598239320924
-4.435751966801063
-27.34437679685898
-83.50825401403674
-35.80535308628651
-5.055571990625183
-20.17107785492368
-12.386481666564594
-9.283528616907315
-4.886691556992774
-28.292977394396356
-7.887187247558678
-34.961625953250746
-13.17806997246239
-70.08716619554964
-17.345302483980284
-17.065625904511393
-10.059236228698671
-3.9183038851688106
-8.926008815567805
-8.782234481527176
-2.9237409000307752
-6.584290098077493
-56.109232860464864
-18.647027424716452
-3.431726428890814
-50.63532974365166
-19.065564677383744
-11.739883121190637
-20.58040653204435
-15.534060680581062
-80.31286197547848
-4.878946727414419
-6.3708407303556065
-8.875419730746803
-15.895804425295342
-13.826827695821345
-20.52085958409869
-23.065543126537282
-53.53098780716067
-13.510346030764666
-15.019491321696972
-21.153041453721517
-24.17959280481488
-10.536140205771682
-13.368732376234385
-26.66129148671243
-15.102743323976167
-25.030848257032876
-2.408572942991648
-12.283355484997056
-31.579703029712938
-12.57710057132767
-2.004434548846898
-4.545389086087563
-4.39531771677759
-8.720037129776237
-3.9860109245220716
-6.40328333099559
-16.062485963534535
-21.783659986031648
-21.367319315819916
-12.898568164953383
-5.468498861648601
-5.349057873438056
-17.389625722835017
-29.281513886847353
-7.637273755245695
-17.960777495378924
-32.51270993582145
-13.81044380735589
-31.79725947930891
-14.877597318515132
-10.350747493955076
-14.716905299506791
-25.029673380107305
-12.768448333053987
-27.58575357538913
-63.37645378513654
-13.026956240196215
-11.883522909411644
-78.67682493227655
-7.911090393742717
-4.566146924035038
-23.97056998188801
-28.1776595658482
-31.538676468126223
-23.225541228585556
-31.39518388516232
-46.86705168325172
-41.96444779486442
-13.181497647076773
-2.211902690922271
-13.499926387122242
-11.780624911631875
