-25.596089197825968
-15.004344097168898
-12.140120917204142
-41.0102152824396
-4.565280917322736
-13.511791084395536
-40.84891224994279
-0.9202373641312412
-5.7699749666511355
-5.868808489577143
-13.19688801755976
-44.495638926906565
-16.38126240374628
-13.29846182116819
-14.869883322668835
-29.670157800485082
-6.673393812981301
-21.516572699219502
-21.889417467367803
-22.673752987582663
-22.488822372700774
-66.164704219635
-4.895277366663374
-10.2565103313232
-21.203042285794705
-4.854441657873739
-24.08884293772478
-6.3696673276635245
-15.844544216227366
-19.295426586540685
-16.416504147306043
-3.263368543202852
-116.18136022582632
-49.03941882547354
-6.218695832118072
-62.39310580105827
-18.91013218090921
-19.079710703674643
-34.09063631427651
-20.24667911261701
-15.33484707082315
-11.480147562921138
-3.5109243580465628
-22.07460704628314
-16.59189385438175
-24.97923384510736
-6.411094884672939
-5.436226913812048
-18.939666598641207
-22.969718649833663
-32.15752848943068
-19.062470161232916
-18.078507528014523
-12.437667977053595
-23.873022272684242
-29.27917466220079
-46.95999708751914
-73.31766482159944
-16.371424942944117
-9.990851239261758
-4.75877207682703
-27.103644490438764
-5.950788551459911
-15.991247386499525
-23.002411136336253
-16.120663452511458
-8.020978691369681
-19.816844497865567
-33.05648047699583
-11.355052598855785
-11.092514562169434
-4.768745982339878
-6.663474209062689
-20.215723288094885
-16.706559746084665
-5.566072602244515
-8.653138670646943
-70.10698063796521
-25.524432808974094
-33.08940119738754
-35.80478507943421
-14.458196787742379
-19.114906007376604
-1.9242799512720785
-9.5374248571408
-25.206036861188025
-5.210784829005364
-33.422362196147006
-71.18318158931709
-2.8346675999788356
-34.956193714844126
-7.078264001519611
-18.123937415822816
-10.06649956052185
-7.699441147592783
-5.30578825082386
-11.793644702223466
-48.58358975710817
-39.62300168636852
-33.97533902628526
-10.288773525217803
-41.37828630043998
-17.967582523831766
-41.773765677982254
-19.41565014211815
-1.9708977731562745
-13.462544875296118
-19.504180628504155
-12.353890316542625
-42.60942686315229
-15.081473180199323
-6.744601603873608
-45.396782885223274
-13.352692649407254
-1.8043367353899225
-18.25228162311046
-0.6221261415656582
-28.64499267728663
-82.18960668165491
-10.207275129512372
-42.59031948628055
-8.359314523404803
-12.766073530490798
-21.199916575506887
-22.526193204118655
-22.017918638559117
-22.303779654939632
-14.816459220369664
-13.169478950116739
-2.188900407486683
-38.67654166801029
-10.5466251071022
-18.162614837152166
-2.0044834044640085
-18.65429024830159
-6.668740882878486
-22.365167484757265
-13.166201825375339
-11.219279672890329
-5.1874317013847415
-28.753671325233928
-9.76684078434379
-47.253312075320245
-17.233363070040838
-19.267606265888567
-25.868154356321515
-15.601882009962456
-17.19668777074174
-16.512558514303826
-14.694526383648707
-22.158217174390984
-5.967644852892271
-10.616247477033914
-62.28228360167016
-21.806317304775185
-10.53659347080741
-28.171267402777136
-12.040738747575594
-9.61940273815591
-2.7304369132061086
-5.572893735038686
-27.594814291325648
-36.66220375339947
-12.77493642063352
-11.015559726981907
-59.021507496588114
-5.970076362673117
-54.06710895671364
-11.094839979309151
-4.355003834694341
-5.354982998380121
-13.967905753570816
-6.426391445394063
-7.779828884872812
-14.371765282578544
-8.091343983764705
-38.91559788707149
-25.841309802093964
-21.737714394097814
-3.626370991617769
-11.360724490626751
-55.07345053996372
-6.212236369611457
-32.03054976998917
-5.029226086265709
-14.382158187738158
-59.151238757441355
-7.171195214246588
-11.848943741750503
-23.753178573484018
-10.996548249537055
-6.64395472769726
-21.938470114050677
-13.631713115964496
-6.298977656837349
-1.3441208779332956
-7.048823963755752
-16.380351375134577
-15.094576051716222
-6.56849383353591
-45.07517293837795
-11.912308608807107
-7.30021611456888
-8.033045521494804
-17.028883384144045
-119.80156886730266
-12.032353509517371
-26.79534938496295
-11.586805683030642
-6.435858527412574
-51.76189466216126
-46.180416299566964
-5.083142510317742
-28.457926732782582
-5.490703698218449
-13.481018246029178
-32.91428194707365
-54.29532870374558
-12.327358300875865
-8.409587718777065
-5.319456511912107
-4.3107929276218
-3.209019827008821
-17.778626145437617
-16.195121355808713
-7.587846380171946
-32.36580918647929
-15.517045382264527
-3.916510223571314
-7.536038739205432
-13.146045039199516
-14.992925703636319
-6.613509698074241
-29.765612898907186
-20.204561681469915
-38.325688770208956
-5.0366215917619055
-4.819647150039989
-20.82541424613947
-39.61834617795709
-25.322287301170537
-44.37623455053594
-9.234382068996599
-24.751398283155392
-16.409509553811297
-25.225474787479445
-26.038846571670316
-20.262225313472126
-26.873735198033405
-18.225734275926914
-14.832727999339046
-85.1274360718646
-21.844574545366342
-24.95930508740366
-24.122445052129205
-70.27473950952215
-7.634378856024105
-17.85358673381024
-16.919513926211636
-46.825217572512805
-21.787920365752996
-29.3490583831485
-30.161534939884866
-169.0369394854223
-12.904883177949486
-12.806997098159991
-23.84574344833887
-61.951103820437524
-22.29650443244864
-21.37041277585376
-16.535482997465618
-9.361311036195717
-8.558743741283555
-5.132380105943148
-11.512771521389627
-6.277579410811149
-16.821628507641027
-3.5709713890561945
-19.67351477321437
-10.226457928789683
-6.821563250531531
-52.80188625882703
-3.699539163364082
-7.055886265013703
-18.12234521852784
-6.693316732169631
-29.446318509789155
-12.444555072368525
-10.462694954141584
-17.557031300082404
-6.444821355784617
-24.71162035349108
-25.202411371592238
-8.33137214425689
-16.817991135885688
-45.0218466706865
-13.336687740230667
-7.197347665513492
-5.98668120496924
-15.348786386571451
-13.13495269559342
-40.91304045978788
-51.976204655622716
-14.843169048715076
-33.47392689881579
-10.85997683879204
-10.454204124596185
-14.769891516388759
-16.888515318449347
-8.294417200282947
-10.657691105131219
-25.112611088419808
-39.49498452133792
-9.516130256711826
-88.65179301518654
-6.806868359314754
-11.250731642305524
-59.428259854414
-55.777364046991266
-13.2790982958762
-33.982620464389264
-6.0569604530889745
-28.011410152283855
-14.157385196459574
-2.1317951251937424
-9.65314538192986
-7.298873749516258
-6.374986949512081
-42.4532945856494
-4.609720920497079
-14.860214420329813
-21.33321697103785
-6.131227350944214
-8.59991983931014
-38.6756668964304
-19.645491020273436
-21.74209756101051
-12.81872562413182
-15.581640557531196
-24.882521156694796
-8.562897804931078
-8.803143272412612
-18.539719855955692
-48.33394334595554
-20.039670786509593
-3.890989763032043
-2.915529082248019
-9.290507614582939
-24.40836317849346
-7.329519229446976
-34.12241802965725
-43.93135503424334
-3.1051948631232844
-14.469215713630222
-1.705867654678302
-87.5558881877578
-6.851881710732178
-9.263767895831174
-41.455767605748385
-19.279760425293397
-6.7438936427606055
-13.171232769245206
-20.303327150033805
-54.06054474522798
-26.8193004718479
-9.733342529078255
-16.54442498644736
-6.572025759540149
-76.749534595789
-3.2180192054433476
-3.792772677126224
-21.453676442470492
-34.40306009062923
-9.28211095772374
-20.556942357169653
-40.67348235852728
-32.37120615799946
-70.3522377107161
-34.903186396759985
-6.772673639749215
-7.719573456528296
-48.08920267993887
-70.3161022188768
-58.021352874115415
-29.259582142057038
-16.083338171426327
-28.782485751267252
-12.13418745420306
-19.104154897980067
-18.771278980529072
-17.34732304000699
-56.151547050466654
-35.45544720272582
-11.443804846534052
-16.190476185152104
-8.422795701879128
-11.269861285011329
-3.8574834787351695
-10.449331630027693
-3.0329242943135015
-11.306795098587928
-21.97264515516273
-9.892317402312358
-17.644295926054628
-41.287163273920264
-25.630303054944456
-14.303654579649635
-32.80434609458815
-21.721551732257723
-29.40865562009595
-21.25384277519315
-20.06292883985347
-2.5176873749369078
-8.21937306567174
-20.41451362735643
-3.36766771630019
-20.730631936397202
-3.926282275235087
-17.85620891347218
-11.08648209197024
-17.116024520926548
-10.568152551573084
-24.660963872230916
-4.981379072523277
-13.596222403153378
-14.013536108872032
-10.830639363987626
-3.632830408117208
-22.088502334634093
-10.978981370026625
-28.731842971731652
-10.108727744817688
-15.470073605124135
-22.269995405463483
-13.961449733082212
-6.476283619692923
-44.27272614804972
-12.11901183170254
-22.060529347883882
-78.74731838187789
-8.750325537318224
-15.857791407630955
-6.297245843594794
-37.11044435947279
-27.007172094900646
-52.583927945733016
-16.493885507373214
-7.647767930463941
-8.132410403105677
-19.188734811464297
-5.3331586023675
-9.515029738391314
-30.950556659649504
-34.108616397984925
-11.170182250809319
-206.13022971095413
-11.782649345546329
-10.17147320087862
-5.80919562443978
-18.673617530305606
-9.772753686270294
-8.774409669458624
-17.630093640246045
-8.717997117310462
-13.229921966151467
-49.51759294216012
-14.000064349385633
-12.047929883672971
-2.815830010805868
-4.632788610618634
-12.05839639759755
-5.665083408281199
-17.401280076104964
-9.735952600739074
-29.889261519793806
-32.25030396617245
-7.456329733659485
-3.96127158173778
-3.9072745694522357
-13.752201124679384
-19.974019582027218
-25.57382363375279
-21.7858447694748
-19.31213951028414
-28.22571429241232
-8.685100469549795
-20.137825237658937
-15.241739454631958
-66.64742358498314
-18.621077314269094
-5.013258104099126
-20.32266740400861
-71.38563547627415
-11.852028598169097
-1.4592384089476664
-37.206041123971225
-35.45235644806522
-37.08445789235707
-2.949087373904618
-69.50710309101139
-3.0386179181749693
-1.041428049723316
-10.179503305964149
-9.627153143957079
-12.377572291208304
-9.116181799324359
-6.772202066701474
-15.460425973648215
-14.198364365940014
-47.79590704833187
-6.943394691990673
-27.680360827558474
-13.966128057555776
-38.02792777653832
-17.9955133848856
-48.47145604657379
-4.38576673150214
-5.930528746780914
-11.352722898481057
-7.846255765784884
-14.605236345147008
-21.73624210872998
-12.019436466488424
-41.91226470936644
-17.408238854610424
-47.045322635498046
-14.277051320114362
-56.80089928075009
-18.21797838568879
-38.309970200721295
-90.08557454530562
-71.78316414352764
-7.472535527580517
-14.297043789538114
-46.736275762514744
-9.607640881872612
-48.33294655466945
-20.89204026064769
-29.516649448324035
-48.16116387352576
-17.63561353316806
-26.791485648573186
-3.3468688921005554
-7.575384889675155
-3.405410855132004
-28.569741222718072
-30.03536520648737
-25.679585340139628
-12.937802923253617
-10.97221220112773
-4.046782842703793
-3.0904402625110645
-92.39533131306939
-3.9040926426332194
-6.589484601815792
-12.701114804767558
-47.29948492035893
-6.0846771082719755
-28.338330210987632
-29.354153028371826
-8.904776358167645
-5.286035724820773
-59.25232706697133
-9.176556245715823
-16.413037469528337
-10.029133744319521
-2.0473149094701575
-6.175538862749896
-21.522193389090518
-37.16566175399108
-14.273010163964583
-12.438266797813466
-19.75618109220528
-11.672652089614433
-8.204420859088023
-12.969465710174964
-9.540826439024684
-22.575260634492416
-4.282620516038013
-21.027252753942925
-29.70099320734507
-32.43583443236917
-5.162878991993453
-10.042145159692383
-6.961023146452674
-24.856385450023108
-13.212993018561468
-39.01910949913063
-41.36918477648927
-14.42796252942475
-7.096978416532845
-15.17416545951205
-22.782137534165052
-12.487356091897176
-13.075951661573225
-4.113019156851083
-11.106190586187315
-48.08352437856666
-20.859849616636723
-5.230237372124513
-11.902510877390158
-36.42411985627839
-44.283167471296814
-39.12148853222568
-20.291466172674674
-1.7188597147797569
-4.573371829939781
-43.27871980147598
-19.032908749884335
-87.17879013173155
-14.675006605068605
-38.88392788098768
-17.03837214136943
-15.41675935273722
-19.841744603109237
-42.01210758645335
-27.54325218800424
-32.333319670136916
-13.849636806281522
-18.71079227798509
-28.631846950109438
-9.541298618124904
-8.9123525663423
-4.2177789293789045
-13.078700402955153
-8.302081527384146
-34.03556542734121
-18.441707527506335
-139.5284101606064
-19.747140967133983
-7.188535481679424
-12.074512073635107
-20.7202896871806
-10.756192349261315
-10.043931885892501
-32.251584217739136
-7.422701562728338
-15.990327529483878
-7.218265064818144
-7.6680027558270965
-16.90140644996142
-6.8173065834913285
-6.080409576635675
-1.8078897381687011
-6.2523932205880755
-46.239846135191456
-18.519899226243197
-59.78006026806842
-3.941584695473238
-19.8670279470671
-16.22258577235594
-14.61481873031212
-23.282272674726666
-3.3973168197577
-16.9607153924719
-22.508928905977
-8.860953263654046
-20.206861419410327
-16.314478574073586
-8.08560795431518
-5.255745534491622
-16.5307246615049
-63.13427758504246
-26.16800156197399
-36.13224737750745
-50.02621308810374
-11.768175443600368
-16.238193247880545
-24.45461108391737
-12.407469361876489
-49.25887076178642
-9.22647666677263
-10.20790634295614
-5.482381783407008
-12.820424530244647
-2.8346675999788356
-18.458985148326125
-29.908012598814523
-22.319363206908275
-10.131926733694394
-19.498739646125767
-53.24858992095274
-9.439209593620944
-25.894155661549735
-12.71346147645924
-9.791000054208652
-32.59549734164339
-15.831273101773954
-7.338441766761965
-9.140256588082504
-20.931537343302416
-18.013866812983593
-25.431097846076067
-36.296676963867014
-5.999441522314119
-6.1221443842729295
-26.415125919903854
-8.046856253901836
-6.052555897206882
-35.07486972298201
-12.395249989321153
-10.226401742564347
-12.375226881561206
-12.849449238939323
-2.57933759214722
-7.160015313534661
-11.86178690663096
-21.593761518924094
-43.60503690181369
-55.59291620800095
-16.803711642192926
-9.319884904310278
-40.24732225618315
-5.380985503633508
-5.422757415596436
-14.677467312714226
-20.378361678254794
-7.0556635825036
-19.17670845105984
-6.260764925131746
-25.24072897475167
-11.232828496466306
-72.02797947302456
-5.472433492708174
-4.066915265524641
-3.5216631931296054
-5.895338275080132
-11.07672649256494
-16.94120158626468
-29.709128704968577
-46.062432217572926
-38.06682533129231
-9.893730370634474
-34.40442473235183
-47.796374929234524
-19.893789463915546
-23.174666560527765
-26.531941825966065
-8.874215733211564
-5.112075480452156
-8.935842388237907
-21.36708422503006
-3.599122418950528
-11.54327836865052
-27.970667039074627
-11.514020417536138
-11.9281034882603
-5.022640006432823
-16.4315283157798
-30.56211274955104
-3.367406850374239
-8.494876174843128
-9.402275112359131
-23.850322596139993
-37.86438413086739
-25.04328522458475
-14.66514334378314
-23.940305960320185
-21.65579529483813
-10.308389361761709
-36.67320020590219
-24.25068789126063
-14.385256713381573
-9.68896975813816
-40.66569402260933
-6.915560788337669
-32.88093476828355
-29.07138291632696
-12.29530372860727
-23.030811173301327
-29.791642072056007
-13.384449679741756
-16.559840993575193
-29.376735685995573
-6.023417031239606
-10.47873395804174
-52.353880689314025
-1.0531869801322105
-22.314186352275588
-5.342800658001708
-4.618244333597354
-8.91809152567824
-42.88897794668022
-9.387654179461286
-6.0441396884299525
-84.94067931722472
-15.040275770967995
-26.797774198621443
-40.91655614786577
-47.13594316776098
-5.99635347112432
-31.358229116899363
-12.782652507690463
2.7382489328470996
-9.762893779240512
-5.757978695378918
-12.727144109462309
-11.082409840410758
-23.075461992244204
-212.9698898876022
-127.70607124997292
-7.441901685372556
-5.094267846256127
-15.41093231101854
-24.510308957703522
-4.173360937916617
-23.346674330089993
-12.168498407693788
-18.22915157487736
-3.05399153737475
-30.79702602861442
-106.8032837117633
-14.357097999318773
-26.6199015058503
-32.45582914912732
-18.235019107701667
-14.419723466768218
-24.1943820658477
-7.774691194062231
-26.003504088959872
-12.79564950242283
-30.585171976919177
-47.185990433074295
-15.657568895181763
-16.018621772379426
-6.697462095134859
-53.20887935536606
-3.9497620752483984
-25.835049173215836
-43.56331655024994
-8.972626274347824
-24.744775249648594
-14.596175749629689
-76.04941057556516
-8.536122976696035
-3.5908539513262463
-7.329624025594107
-63.80653013398943
-8.26015124004272
-55.65199321620637
-9.102280625766886
-374.6953708573662
-13.434842045755513
-67.21957590493308
-9.468176053761384
-29.814564102259187
-8.496976263706523
-33.658338121195925
-19.909105872077955
-26.012007095666974
-10.15586995431528
-20.37027988934604
-63.273242666380064
-13.543227449847457
-18.78380919019183
-13.155039479900339
-23.39939521821446
-15.603765427300722
-9.335154487488545
-10.362902308179766
-52.19851209175939
-14.528824841259619
-36.22872969995395
-5.299978590579746
-25.703135500459023
-11.859224773742039
-13.814517032258832
-27.155485829031875
-9.263603426707558
-21.74259227956247
-25.693500597542467
-4.898130974591149
-22.73172357424398
-3.849143863671456
-20.220465753202408
-19.498954035465108
-7.418390193501667
-6.409209373020338
-35.14473992214538
-5.689201473652167
-26.031828945392704
-25.06763824678986
-9.257786883261966
-4.160069650528338
-3.7891936145092053
-30.375995670122283
-4.551318209602902
-12.502941718698004
-21.450340338008758
-19.705208524424336
-11.790186855704
-19.422940862036587
-23.54065411203312
-37.24012932844776
-10.415972647572532
-14.242968298978544
-10.268452637929423
-15.711613051782933
-44.86254401368181
-38.82050077349015
-13.491267540993656
-16.10683654049933
-8.758803643692707
-13.17880821763457
-6.304983417741434
-3.351845607569675
-3.6782551961921306
-8.769967602431379
-5.2390516499430095
-3.57309621685492
-40.945699930934865
-5.359828393368921
-20.48163924966763
-28.313705054014164
-55.80490024746586
-2.9340832415469
-5.052746238409445
-7.746064320340185
-15.810136853413395
-14.118767014374614
-20.56672965113901
-10.593515492260266
-8.378239032746196
-21.39356245285581
-37.215021604723816
-6.482265920317638
-6.541128014384796
-3.1770508673229463
-43.914091109232
-19.708749338534577
-39.699371571170985
-17.34238602184007
-10.359295243914236
-16.59433797871596
-35.450231130800205
-16.019848937661237
-4.156650262793375
-43.20982767272943
-8.872198681689573
-20.847156985240243
-18.98743868010234
-9.023824236257493
-42.14716147377244
-6.249764013749598
-39.99605046711535
-5.823561206272369
-20.570166862643784
-23.920853776161195
-17.415037503934908
-12.214697413114454
-9.41955073291784
-29.746738851435254
-20.319850111773103
-9.923730444572742
-11.997729310442416
-46.21144708855032
-6.018326833261559
-12.874878359480942
-6.561033252082535
-13.19996665826861
-26.970299556570268
-4.019744668818503
-19.669648735494707
-17.932242512736632
-5.7756623658964
-24.747609939225907
-6.951917493901306
-11.419844299003408
-28.40655091091773
-8.64827174682047
-11.652370332359023
-5.16790058656552
-81.54770592378237
-12.796044442812532
-24.109129497956424
-17.42568720507113
-6.097815611836875
-14.525169007648882
-10.374888674101282
-14.564964810928345
-5.183808844913279
-5.165035856137365
-18.360717977876757
-9.122143855052352
-2.753725115086625
-45.67329732990807
-39.22944256485153
-40.397123003699804
-5.1300318930651505
-60.11770258189718
-30.282435353631303
-85.60063523663472
-14.403536770997265
-23.438081649066895
-31.290974913298037
-9.86672472133836
-20.070283213670365
-5.2494262574035275
-11.60280285532285
-14.681078309781888
-8.870358172576434
-39.938788290539904
-6.970442288617043
-9.749035356162057
-10.540037566290616
-6.113153559233759
-50.20209353693715
-4.422519986343533
-8.527928382208346
-13.35061303085322
-15.582309575604452
-21.44801736148566
-21.56271657534006
-25.8665530680222
-4.4599208763259
-14.240371904819423
-11.956112335238567
-5.378599103570509
-10.513912154035214
-4.594250174832784
-2.1004808455706896
-12.650236006960407
-2.838389809749367
-8.572471719516216
-12.240613357058688
-12.684424291454414
-37.499714405865205
-4.499622814065233
-11.793550049833774
-41.50924141702271
-32.355651214058874
-14.581472537344693
-52.71328962004578
-14.54681854327189
-5.830747467736311
-65.20846856262102
-7.330688716573544
-14.623407100366137
-29.95640059469686
-6.330197535808452
-11.849245983376367
-14.966735956066385
-40.69761779177843
-19.562843830987063
-13.889328806744274
-44.6807984736658
-63.34573320974822
-7.495898640355399
-40.48426182359433
-12.212149882570655
-6.868860700951778
-3.352360548529968
-29.92535925446208
-28.725543424102895
-51.271526631501786
-11.617596458630985
-30.680579272177535
-24.99869521242987
-9.601330208896792
-18.81329904744262
-52.415171751798944
-39.12324208357028
-21.39462469370877
-18.489653358179584
-6.5029690962164866
-20.30626432799321
-6.530819872008459
-2.3694837914486477
-1.4326822702768693
-20.51057717205155
-8.112046484722171
-56.0897759339325
-4.598383331361627
-14.482279984426366
-8.679514823415632
-52.59154215273823
-26.029295958013563
-36.25424868441868
-12.864337716716491
-20.326775586865395
-3.848000807387716
-2.856684139392894
-20.028805733868815
-26.432770923745434
-57.465151313102815
-18.484381132902634
-25.0041862584692
-13.634071738707613
-25.606828110374543
-31.44187724152781
-36.13193057881071
-6.987871654043105
-5.317100640522763
-12.754121630313417
-32.02386405166697
-14.711234599183578
-7.405509031286521
-5.880084417453675
-27.164843052189553
-29.08733393554065
-152.87168280220524
-16.435864676668707
-11.19775663222887
-1.4177356045441776
-21.173864069206914
-17.299174875581524
-14.767755839440115
-18.699048916359583
-6.744707569813392
-3.056325081733506
-13.697596019413005
-9.290182341226025
-7.556926127958222
-30.65365084571429
-5.00996019349002
-26.947576945258415
-8.834777249944983
-6.412900662572739
-31.719657995548893
-20.257722572497666
-10.612009832802267
-10.078640330019235
-6.241442160404124
-23.00526027609849
-12.104103768933543
-25.680802450361806
-9.428113071064468
-9.510042692826238
-16.1665969498446
-10.126563321349312
-11.887341482690829
-5.5014906798725
-31.441492709519455
-22.31683318128901
-7.354360902601366
-5.317483085807575
-34.58327788688711
-29.880156759552687
-5.462050285646354
-39.687904434318824
-8.574009236611653
-34.10924896862962
-4.685247428404361
-14.471698919360069
-10.711211306407057
-20.80077392539333
-36.09899257506022
-31.65665418486931
-13.054657546820868
-30.157094848157072
-18.11081056367657
-17.33495606949705
-1.3827721156681883
-14.177301086972857
-4.436739697618161
-24.147658039375763
-15.041577787443929
-37.07736821447181
-64.80443136526038
-9.885256268924458
-14.843157474029802
-16.57989788456996
-14.015792497819438
-2.7301133265880684
-18.52143337760451
-12.008768928705237
-27.132947938485128
-5.8203160765234125
-15.890057434575564
-54.09893477148363
-17.22807525187714
-34.74067331978951
-17.801431480107833
-16.253208834291307
-17.9834388563226
-31.31096358436099
-6.993165088320759
-60.0592960528749
-3.5124678009624986
-5.854209649813973
-18.025981243428745
-10.486065022803034
-38.14296038442831
-32.210749535244815
-19.85038699745138
-5.940984138031518
-31.175900193975146
-1.8198199526289471
-9.617952968531286
-69.20196181491842
-8.485815903509266
-12.742096511924576
-30.012264441095706
-14.46896832804673
-28.728928761104978
-10.42851867657017
-13.177183392990793
-14.218746115710136
-5.000736022655301
-18.936146978734747
-14.530844796159641
-3.9144195603346863
-24.829289149593148
-5.1963768392752305
-11.82552675753159
-12.371926358999051
-24.989988611135693
-19.110176740353364
-24.808038124855404
-9.68470146914061
-16.202794353282847
-34.49273833103165
-136.12318973168638
-3.650470996148164
-16.171278019952844
-21.97673891155766
-10.026192628386296
-41.27249563997846
-46.96286931500629
-45.530758338533296
-19.399597903269388
-11.162353111255252
-18.486217900457454
-26.486381016593924
-12.738803531092339
-27.160089297244685
-10.931787168137259
-33.89791083166613
-189.38002031889678
-7.488008450277289
-24.825060006910704
-13.820409048337389
-16.106122137951147
-5.1386421407473
-0.768446346482376
-30.204607737596028
-9.560337980052122
-95.22244955774306
-7.7861464651249355
-3.3359029986175095
-31.59601506886235
-13.385603929702972
-16.63393428368932
-68.78565205140256
-6.2880559640578255
-45.60359222329479
-42.217260298389895
-14.535516793566286
-8.830931034308048
-9.683957895220688
-17.804439345840887
-12.138091978875797
-7.2152948837994115
-28.889633806478653
-11.638536071370238
-59.9569702028287
-6.947828418312103
-9.337789179103684
-10.265625849610974
-25.133600018112652
-9.510926346052731
-14.162207242191748
-27.858728103050073
-23.048040788942327
-8.609165948046419
-40.006767731523524
-3.705891513456122
-32.56356618429611
-7.427608643170761
-30.17647713750759
-14.643908449888643
-35.79068455913
-33.0882898277624
-10.064580004909596
-36.65001235825748
-4.219644213225072
-22.0113852983106
-8.25908145238144
-15.656067711375766
-6.652812405928276
-20.077527334320212
-10.363450446238861
-9.115644570702516
-33.7748950563077
-47.88287546214903
-7.561556506271082
-4.763821527795741
-46.95374208408546
-31.097554923909918
-33.61049506767193
-2.7401125784204012
-11.311288739491737
-46.882128212304096
-12.59086510128796
-6.53194211215409
-7.86456422247399
-136.60968711382176
-30.26701292941967
-11.807600602115594
-23.617527783952916
-8.558263014694154
-6.966835911798453
-80.78529792288565
-24.15175331373688
-9.382428126867193
-45.41095766780404
-39.50531744031668
-25.783973723603683
-23.006616885529528
-4.977640763394501
-13.500199923693366
-17.50067193718252
-19.536106649404843
-6.553679489426201
-3.9768229171360714
-44.979463902642465
-16.699033509456328
-20.9826383956585
-13.343766873984064
-30.025818400741368
-62.41951537006815
-86.43599046258112
-20.843987192387203
-30.8958426467597
-44.627411256924354
-78.96067628039329
-11.292047582274195
-38.55888282304978
-6.457335607735238
-21.052709887818775
-72.64333598149506
-49.06344727579448
-12.789264487040768
-13.36011811882039
-19.156435808196406
-19.282004031499845
-34.568390113993715
-20.688941669479263
-10.303967072728012
-8.948294966963957
-22.42113068503031
-13.034780334906207
-70.27526242852791
-13.297205880010994
-14.296117344073544
-31.45150194537385
-7.627001719056753
-49.839600737628245
-12.545630131959555
-9.274030761587857
-13.055294683982835
-8.605939374384691
-16.229171933902304
-29.548131315264694
-12.7651814767406
-4.062298766355602
-8.05761688176909
-10.644930794479713
-6.408357892675121
-17.882442544157417
-15.361679365575254
-8.200984305159606
-24.66688268785709
-14.414348139737973
-8.185814943872893
-24.731617520247738
-15.545853515986794
-36.18240728108846
-35.105200204185415
-8.294218875623553
-8.299626948658675
-7.147952065561167
-4.279728346387036
-26.216343485251382
-37.259022322681915
-36.869185855199156
-24.134265763054902
-13.248100201460911
-17.939112342960414
-0.3978836936929351
-36.340597149132044
-6.094408628861908
-29.667202281644055
-19.441168663054526
-9.821720478466881
-48.3481507915334
-41.3061919329908
-26.616547258460862
-18.684699595945848
-7.343734752238389
-8.299600342122192
-38.27117970291882
-15.961306905772963
-91.65560658896652
-13.261787209123263
-10.407942053057896
-17.71558993075806
-3.2171589554419495
-7.759841043212068
-15.427918864140329
-11.664146598803063
-13.324679914947557
-36.41728547897519
-42.22173323624891
-23.359005370198123
-12.830853476241012
-3.96873804302232
-9.17980658066528
-5.125348175573057
-6.6075364411032345
-5.655352124814483
-13.659719190896965
-19.690302627675656
-5.221043662227809
-2.6251029492786104
-48.17805280096406
-9.026889793085424
-14.09517971970821
-24.63037613049351
-19.391349161483223
-10.676638521343488
-55.991500652487275
-9.933216743774778
-20.928411277817204
-37.829598528026956
-11.706267682170369
-15.31519183962068
-16.29339946569709
-8.030134798421065
-25.142528738021145
-8.112707466758835
-53.26895692979204
-15.389700782533462
-9.990733972664318
-27.6044070208464
-16.465060742929786
-13.283558666401671
-18.115964435454867
-9.058386984123713
-4.493454564459899
-31.57074614538794
-9.71298276220051
-24.265971477830355
-51.91178100686852
-58.154391446258316
-14.534626531126912
-11.583543394248649
-6.587434123452426
-1.2179204547708578
-7.792718332521115
-11.725047750814772
-16.74993960001138
-11.710109078891211
-18.618096718337217
-5.830590870259584
-13.455841019695946
-25.15590295233249
-24.525637884312218
-40.1427370009411
-20.496688521965087
-4.067706136303792
-17.630771770738786
-16.945130961474373
-2.2286127452965134
-7.565664579288993
-14.2655225527149
-12.547490651488626
-24.220477662423743
-12.873427549161768
-21.424704240378517
-24.562266522805956
-11.483989474660742
-10.147675685050725
-19.195127507877853
-6.406591585681919
-5.9776685513253405
-1.5936750847868497
-5.153621320762993
-18.961409906962608
-3.715775119432636
-7.62305181752845
-48.21069145302138
-22.58092140379749
-23.38818913395374
-7.321666241501447
-151.6437510869675
-81.64643169367972
-17.145379472562933
-6.47222553573726
-19.348847083622285
-13.275138644213145
-16.97611028965835
-15.774330119622835
-9.758761420053723
-6.0578702602654975
-58.54495484911786
-25.425164743288395
-5.636296167011628
-13.519829530463493
-7.164516726464338
-7.773683482292328
-22.53888500040408
-57.33460570847797
-8.004610865496808
-11.928307089283967
-29.01450675182989
-55.26204370294857
-12.853335203962015
-14.694098431219443
-5.688522428463664
-35.05225375681452
-15.0592975470175
-18.220471561984866
-17.077951813952332
-15.069057544289587
-9.976105139740643
-90.07823286460592
-97.38800639734896
-30.074993425722845
-7.7848735136188205
-3.9686137231539047
-10.303640433164723
-17.628071853052464
-32.41618130912367
-15.34429992976716
-15.82800010552828
-8.96336259184558
-17.553692919304478
-26.365607461280746
-36.50594174499733
-20.296086157450972
-44.338408701886614
-8.435535510663602
-20.834123325620695
-64.0655209623566
-25.27230394956221
-39.76575036013701
-10.078671942323115
-50.4975959786167
-10.519790980897904
-15.733077571375691
-5.3150305137166844
-11.242707672863219
-3.65689852637812
-2.610016918728735
-15.061285772271336
-38.12552075654312
-14.41838750660551
-17.005584713934752
-10.993338463171847
-8.11275896192678
-109.51449482079961
-14.635677387246188
-23.0782700210341
-20.105985716099916
-12.719149648547393
-94.9050778515675
-26.902900240499996
-6.883316504580685
-8.842872401015718
-10.236071705091364
-9.65295174379139
-51.81342926375328
-8.068261654270644
-11.52282213577359
-9.87247252669283
-17.87154534731953
-29.825242072498693
-26.777721066998428
-31.088585867041196
-12.324860901290299
-4.2220487371526305
-27.039460750011333
-18.242146534448242
-41.78304094694907
-15.872352008253804
-11.012786029880182
-4.0502017215786985
-21.655838714595024
-2.922042626272517
-5.6472946989929325
-15.384263412522756
-3.410273593963492
-8.417127004682687
-9.596758154469264
-11.501662601308013
-19.40289330169746
-10.523548571241337
-33.36626173811204
-30.42915034707589
-3.6762551619804587
-6.3514817060782525
-3.8949016175780624
-9.522594589928255
-47.638058803259135
-13.023231451408805
-137.3310367199324
-7.509101501696103
-22.878885846385334
-9.831755113575142
-43.337192521788225
-7.612113699321552
-18.93572887123727
-10.560856770729368
-4.026982778086995
-9.642094964539458
-20.10825268183886
-19.74544299479026
-2.4333625296015393
-13.647133090425466
-34.67897552048384
-16.23403621853011
-12.310814204182211
-40.662074643667204
-9.97526057297393
-4.195510495119984
-10.940833967858769
-16.147396636368438
-61.710442779026195
-6.702907466442282
-6.725863382682554
-14.709547374773836
-1.2876630328528418
-6.091996930203936
-9.584126684483854
-8.732884605497404
-14.82622131883887
-2.3078267757509905
-5.752535528521876
-21.29109793828909
-8.503458567761786
-13.18878348336628
-11.690451788342209
-54.76267984915068
-6.915817274737888
-17.776972975651628
-17.34876560297025
-24.027001699527872
-26.948722217380404
-36.66623392898415
-23.527048701094635
-34.682360619723674
-12.747652096358788
-7.388635027494088
-8.09582480029077
-10.091351015095974
-8.293451723330886
-16.70336905402278
-8.529638855272127
-14.502702807202947
-26.920526813502338
-16.246819204673628
-50.066726037326454
-17.392036486808422
-8.01196431284495
-13.899733986381921
-19.824608019762596
-23.062683377187355
-8.583844753146076
-16.873341286411744
-31.95424589493716
-5.746437814286774
-22.17820361148603
-18.641760405632304
-22.834089748880114
-43.904100432036984
-50.36908925235614
-23.52394196731614
-38.06943917421584
-3.159553113012145
-4.8386389253928135
-23.347309420852696
-9.32858130025893
-12.024171456019971
-9.823466113830598
-3.7661843213197503
-6.369917236973722
-18.1437444180223
-10.417758788568518
-9.64850515321461
-1.9567425892123733
-3.773169059177998
-9.498185314543448
-3.6491164900277826
-8.7527175040333
-15.509445945971612
-35.88826833546008
-10.224707539991346
-7.120124163256699
-23.658660966224005
-34.04776635883173
-4.688410630352676
-20.21727241957612
-29.22443083972402
-6.056863443102924
-8.210064321404626
-53.829372974885274
-3.059781948133309
-14.638247881059511
-5.573361120865135
-3.269372777332851
-17.09871958248559
-3.825268062268094
-15.998542611082042
-10.994685532455286
-16.4067612503816
-16.369117194011135
-13.355363667477729
-13.321578883230961
-5.822244049093645
-6.738295374821596
-1.6890817782922982
-13.952809039447532
-11.574431490769582
-7.99495357628037
-9.338550910890781
-3.178974616006528
-14.168219387232636
-34.50269312438165
-37.40376179593342
-3.4936119822352136
-7.290123745479487
-30.109534495928152
-6.5164569059907365
-41.497479516051115
-4.299323020341163
-11.374725875709508
-10.706849245433883
-13.085156431665936
-3.6210495230928186
-8.967849488496492
-16.302616983118078
-10.080464333103674
-4.0549576566199494
-7.926086474992351
-19.960567582831402
-51.80823198721339
-24.864923909492205
-35.53858819021789
-13.229989044138431
-60.08679046792623
-9.753728249512566
-23.840234380952243
-8.830661380734488
-101.79048105959608
-11.211697150239617
-63.23323633098473
-7.384683632145924
-18.64097887443755
-43.413874754185166
-16.89114834983095
-25.93550293943929
-12.193589459973202
-32.98832884850473
-26.995112482911015
-2.614923230080911
-4.0058530060472926
-5.509800868910997
-21.417771910216864
-4.7122941682301835
-1.4795171275920727
-19.849580419745088
-13.496522578390802
-28.59957548286498
-22.287804599187478
-8.307893831763895
-23.094201516969022
-41.70528815136814
-56.81412926920253
-36.343541457768524
-16.150421764089256
-7.8971744277255045
-9.201332141590072
-11.740841657914363
-36.227258533911574
-6.037647058626296
-21.544158326095463
-47.364968416830905
-15.65220159347542
-14.37330618789264
-62.54075709488983
-5.942663073526001
-9.853890259006802
-19.890024137592153
-26.89617581164098
-12.924176744277244
-102.75026293154953
-5.589867840221162
-29.72710767341452
-25.355989641704134
-3.4202026250065
-12.765953136648559
-30.249871632347727
-8.668672939058165
-15.9019095903588
-43.38062000466535
-28.80820791984789
-25.274017453648312
-20.108002502621684
-6.922805956336065
-4.682996028350239
-8.403835095389939
-13.497404034394785
-2.7935899563220854
-4.553595347336054
-11.497078116027552
-16.717993416649414
-33.20236509062656
-9.634103902165618
-3.584014170332467
-4.443449593350619
-14.475683026190275
-26.677121954251298
-103.39543398866219
-21.964655874045093
-10.931734651581293
-9.731865935580258
-8.172794963739555
-7.603985991477393
-21.184432380100482
-11.389725974155445
-30.073163302670096
-48.359519910727364
-13.887837574223685
-5.208502577022477
-3.580017128588058
-6.6960847465925575
-37.00469438267854
-10.514612942156166
-25.340670501342444
-38.915260363096294
-35.488556146815796
-9.25263906005308
-6.191396514182159
-3.9761663699690284
-10.25433874024629
-7.316563564847307
-36.972563303410595
-11.206479047178561
-25.445350603878662
-2.2836779111494994
-1.0167951615897548
-28.645233289746486
-15.75147227083786
-3.597901309340384
-43.99752170574401
-3.919920610070167
-6.359710295699493
-5.979009480472077
-12.485117427378393
-24.7044124189959
-65.79534164847325
-16.4212456953429
-35.20392981301086
-11.960914683545818
-4.499619048899058
-12.071573688476333
-10.20481805394204
0.012992789047268413
-13.641091035109495
-39.14249779618933
-27.40316912506266
-12.275300085985304
-24.227205929119073
-23.879035488497895
-43.263287249290876
-31.828516925590197
-11.616836990810878
-9.32633155562746
-32.74331181982405
-5.554763203141527
-10.401197830219898
-29.629923872815993
-13.344393064419053
-48.82103116858873
-8.977943475884802
-11.78108664724795
-17.52098711627947
-14.789829476350068
-4.526224660121752
-8.70457081170459
-10.340956292246577
-51.46803460319627
-45.74565480816745
-33.16612058677943
-7.541391701626632
-4.940237952981899
-10.61120876869409
-28.583128346179123
-27.071390101009385
-24.12931511477467
-41.42301023962532
-21.287607108549196
-13.512026971576871
-34.35170142150402
-8.874277634571216
-11.425446895320142
-23.15300539055039
-23.153397719815104
-7.722109747474424
-11.88460009773047
-11.202603567186486
-10.36941121678925
-15.666392674971721
-6.917555741058196
-32.278585911685596
-6.848331295986169
-25.889390227149192
-10.2690832573327
-4.075597800798697
-17.58221684258452
-18.5359711687609
-15.430568557161916
-39.40967927658991
-13.470612663250831
-7.918026095745717
-5.931755952442898
-6.8027481611467016
-4.922547148989875
-5.766238254808122
-21.104485355622707
-40.044871478203746
-30.534264262320367
-7.796583424932911
-59.28652951949962
-2.087698497334859
-20.572196333030284
-23.368189066137255
-59.056017117844014
-13.172441667974592
-6.716620388728417
-6.180887419581394
-12.758666196380855
-15.675926598604612
-23.04985346017042
-36.379562136628834
-9.900365142445635
-4.533841236257276
-14.048634097607744
-29.535753149644826
-4.869710988432758
-24.616797155027363
-2.840056953255099
-12.148789781806407
-20.611324170798785
-5.386136292317541
-34.19549631350022
-38.54472748678701
-16.962397458956563
-8.243488680805253
-15.640781271524856
-18.192651085453893
-11.415921795851084
-15.918377787827339
-11.038326103539088
-57.27059746954509
-14.253559367884675
-15.88343898049323
-13.25619729575544
-41.49885936914472
-13.078621549440006
-10.4023875358431
-51.08165760940334
-9.040883097716511
-21.96727469567186
-10.943288070114614
-12.001727314956954
-70.66155911866231
-12.962544442855874
-11.562300171339814
-9.07670567236927
-16.49887252899333
-10.02852731543711
-15.404809553685046
-42.47576710422071
-6.695070459266505
-11.08890597139546
-7.504806847395965
-34.78323528053857
-5.238805453718665
-12.357812687556706
-17.29942759183646
-14.15830619371237
-21.659272973195833
-47.388042396875846
-24.745892189140577
-54.323203873896716
-10.539925249161795
-100.64745596599225
-31.732355767233173
-16.720201991519378
-5.861407719420716
-24.8415970083659
-3.0402195749876935
-9.773912037304424
-4.521152002314861
-5.81484455421985
-17.501634559988005
-3.717750061945719
-21.142758913545784
-3.0411717220818795
-44.69695355740183
-12.872002809728416
-4.8055363490784435
-10.7138284852939
-2.896046984845933
-10.86553837303976
-16.196164085372423
-83.36117607581451
-6.540057548098955
-19.305386270506446
-27.85285965679746
-8.297120064401863
-9.009603827817799
-9.742988269343217
-27.866442067436225
-15.66636083248674
-15.752546328660747
-14.944062194539132
-15.34082695890989
-16.190949608522043
-6.058079954040746
-12.104218132357298
-12.788198231439294
-8.784096624950832
-11.328777420446485
-18.548519924009085
-11.985687099727947
-11.889359096920144
-18.097064177500556
-29.449776878475156
-6.877579508627181
-14.854499970545922
-5.57473698390725
-6.604656823905894
-16.39019093259628
-14.675972671891943
-11.342293803248241
-26.11044558147737
-16.592903169456623
-23.51588305497358
-16.487618624603584
-15.284154264601195
-22.300935337923157
-26.519026389097615
-22.90584518898641
-15.513348166392989
-5.5381433292032405
-4.306553311111909
-48.56846974860977
-19.087908733787913
-7.939264955158087
-2.09784177362316
-9.52379593687044
-21.573255320180948
-11.066172026647102
-11.761172483523971
-15.15635581393375
-32.02265358639598
-31.231737544331562
-37.84543185499627
-14.098684540600512
-25.602117688750443
-10.258285996487789
-19.433551751882153
-8.20772979643075
-44.96950347311239
-3.192210047478603
-7.094709526869488
-54.83563044442127
-2.6455609982370643
-9.204438500688502
-7.004096270743179
-19.244511884434118
-11.899781106108163
-6.467126133010237
-3.689857911061173
-18.530127989639443
-4.678219623402955
-16.29098725418363
-3.787560697112944
-1.5936750847868497
-18.030661672137516
-32.17218415254279
-25.46438324395984
-50.52259602973435
-32.212629631381354
-17.217132669076726
-10.667880473528255
-3.4718140000528863
-9.389810743375357
-20.38611725977375
-14.358168703062736
-20.15603966771415
-17.325269927331302
-3.2003660100310274
-16.337960709638793
-48.423321888735074
-10.476716290207198
-8.297981146338612
-118.02267514376719
-7.308967909014312
-49.87212012077268
-13.5244347849144
-95.58870499954837
-5.454461100681569
-17.168965490558186
-10.228262510215453
-29.50149491170666
-152.27358378089883
-12.238468686114661
-36.01377418926086
-43.28398786988942
-2.9717842223138202
-10.559583021033514
-7.510250994100982
-3.5930265488608835
-7.836966690301195
-3.5976915765522506
-18.22091523684352
-69.1915990188254
-14.70496820373094
-13.007694490277178
-7.408403365760636
-5.8736866400003125
-35.38546265037605
-13.533231922541033
-15.378776122273036
-8.297809614752433
-33.3668400950132
-7.546960512579884
0.4559058370864248
-6.351440831994486
-7.035230960458692
-10.192790127284782
-6.262095354441836
-17.788473674980104
-5.952017222369127
-33.722443726980984
0.3000040795853698
-8.258069808223915
-3.1500316331110954
-12.51666455912905
-10.812007348113232
-5.440821988726198
-14.472576283846573
-12.595099644850956
-32.43424131859807
-11.324266761146937
-6.699961039884925
-3.5592441985857985
-16.43165659770952
-61.867268335004695
-2.0549765376927205
-19.94451635633801
-12.54620766059879
-5.4755931609380415
-9.027980132872468
-7.701490501456147
-3.3813206811043943
-27.640551963845656
-16.225370551852023
-9.637356868099912
-6.797879721152242
-8.744193482489843
-13.310367255400365
-17.143763629307468
-7.395317336360699
-17.95464556126429
-22.696786791316224
-21.421502089746774
-19.436572713787747
-15.813289283162977
-16.956892001497273
-26.641421266451307
-14.953270402749824
-18.688834201060644
-13.634756863345292
-25.602732801902103
-20.101348378264742
-2.7025873627426833
-33.652959809831984
-1.8049701145480745
-17.1057875697804
-41.071425241467594
-16.701604726654633
-16.891815173477667
-6.600575164318994
-40.17926645095636
-15.172500695580196
-7.112399822568453
-15.687567409797598
-25.60307006899085
-27.931566455382214
-26.114401889210818
-13.850950538219378
-3.230462160280164
-13.197897728430187
-47.14723996747572
-22.69552921807073
-4.0072904770428215
-23.593479362857188
-15.865834565986042
-14.54997449911829
-31.443686657132652
-15.857280303938168
-20.653804603217694
-14.751666617043458
-5.162382500020553
-53.003894283353745
-30.481478083358976
-19.839290070979963
-28.785545761941577
-26.0924408505419
-30.752045703239318
-11.162910703386615
-3.2977813808672756
-21.77842854762422
-18.628541142224993
-9.703223382405886
-3.610276156459983
-23.152123013647355
-2.633444187161341
-27.90367306040486
-4.278137671803027
-5.407855427594635
-5.1262043963117145
-67.85676110938668
-4.677439839099811
-24.24822534408087
-27.46350648214406
-14.246316161619736
-3.982293699282809
-14.92846890062929
-20.39352966132705
-4.603258671771212
-11.869705255788727
-124.11104894773509
-20.66325209642516
-5.092051438879341
-18.49642385771662
-36.734415784086636
-31.677564763358838
-7.696797952903557
-7.342925870353297
-8.376295640318705
-13.689532092540743
-47.00915681650062
-26.22598907377343
-25.04508899690163
-15.676116593124696
-19.493618571425724
-8.106933950601071
-17.130480309306776
-80.78580107853668
-32.814227549290024
-14.59973866293889
-19.772162440268733
-48.631999377273594
-48.48680546574403
-21.331215997005593
-11.486506652581564
-32.82706493713262
-12.930541234219477
-5.545652301483113
-26.162936413519102
-15.646046785570318
-21.104111604173557
-28.25066329815652
-12.535240034385634
-15.863858904649081
-30.515633446412437
-28.141892462649356
-10.150374309500194
-68.06220127934156
-14.872830371126119
-14.14728470616394
-13.43532161062829
-13.823403507185406
-13.910362688676503
-8.936697242426131
-19.025375791664775
-12.188097009630372
-1.871786381092564
-35.809795833253894
-4.996251816461666
-29.543565854926328
-5.527558560349452
-9.029799773277835
-21.640720890432704
-9.588705221502424
-35.05093948079072
-14.474976277303433
-81.19313394269922
-9.766489755904376
-78.14713574043063
-21.745616111000448
-13.742614970348423
-7.689470231779029
-32.14166298425773
-67.38515808624794
-45.86984529682276
-9.664762401198388
-17.402307617918705
-43.85437918214644
-23.639951163931133
-30.515217386662123
-17.361286696768076
-68.11620408272385
-11.571164427480863
-9.896892456705574
-9.138621989331808
-11.453295081946345
-37.584522621970855
-20.157456689296747
-8.357748478897614
-22.6110315447134
-34.30518841112356
-20.484916881196998
-4.923848786111237
-16.43335475486935
-24.32914236628673
-43.17542279670989
-38.68542495329068
-3.9011974728499945
-22.410172520095767
-24.076186625449026
-21.315994803283985
-114.4555815766696
-38.91377279596796
-88.91312969550157
-6.912942410999455
-4.406747651169335
-21.346345541813285
-0.814418558499766
-44.52499953128172
-7.946963852301628
-4.354818939348521
-14.702658485670568
-74.37922577505228
-12.093487666533335
-5.646008021725214
-25.355781513827637
-8.699017535309515
-18.15562652339624
-18.624858913004548
-12.78889588450719
-128.2472152935643
-6.452818425536226
-18.179032218914358
-4.687663475279014
-5.744653721859538
-1.788554574996467
-14.936000033974624
-10.388323056139784
-29.86944075780031
-31.78748803308884
-12.713234291660648
-5.498229236974496
-73.16567658584255
-8.472401459837576
-55.663758346684205
-37.458819058939355
-22.723127092334394
-9.539831417815542
-40.557843305246244
-10.632856813505617
-27.873160993637644
-13.466831698486807
-11.317719543722136
-13.465217726581242
-31.440840682396917
-13.254100419080364
-4.657811118502792
-12.269100938891036
-7.722516427633133
-28.413081770120545
-28.686782333379032
-22.96768789015238
-15.027893867683634
-20.76152917709971
-34.79093164595632
-22.935676329257543
-16.519856897255107
-7.168290802831063
-49.46404611839665
-23.346043638158537
-40.84158772112813
-15.396787743547648
-15.4718309614487
-27.96499724448098
-5.269839161180561
-25.781908817893537
-7.251937116655388
-3.8417636865570834
-24.523175101610555
-14.979456785933019
-28.96414828656233
-17.59954504854243
-19.222732387874554
-14.158290994754088
-2.0184870171923546
-4.06795004924565
-15.336367536114064
-28.858555638165516
-11.869746215485554
-11.644925800259854
-5.4912387442558215
-15.611671733104512
-13.014268296691549
-3.455831666054437
-40.17735785566415
-77.47635166743119
-21.062362645339597
-3.0217170399022457
-8.405520315571088
-26.974852955344492
-15.181274714459052
-14.249214149478856
-14.29905760733748
-19.584011320272932
-35.00478125232263
-39.955265287489404
-6.917829062005332
-28.320299924740382
-65.75345348440456
-14.465366481097563
-7.861538648648473
-11.161936539262728
-2.093741376366585
-9.237171137451766
-113.14766410965649
-6.100403918756329
-40.9940588185673
-48.911582645954496
-2.915681209643475
-5.982416731077367
-8.911186340364377
-22.190194877873683
-135.27246429839045
-16.40058159671668
-15.851076175744302
-16.533910688108907
-7.7247084235525145
-56.3554251161634
-83.91679360493849
-5.915059519595608
-61.15480791705514
-4.728379325331439
-17.744498554248658
-17.382967756928082
-3.700975524375501
-67.00925284704877
-5.823270078963165
-7.826220974168816
-15.891218895115205
-33.067781007277446
-23.793821089007025
-10.600992704754388
-11.21820490269671
-186.55265282113484
-26.794972596245337
-32.040268868447555
-17.30540398655466
-62.556247836767106
-46.93889450266327
-8.190754507134564
-22.723508594069845
-1.8159864881036385
-11.114159195646401
-16.62283261382347
-12.423467233139535
-12.726686783369969
-32.14757997388198
-11.73793429020348
-24.054507018136775
-10.236271696570329
-10.754124779753205
-5.241131621139064
-12.086894215577907
-10.66902396072519
-8.258051137971403
-12.403762375518665
-113.24911662247797
-14.854984220630245
-10.141659032433738
-18.597710595840866
-13.878866606187866
-19.13009108298956
-4.107758998953539
-15.403320203188752
-12.237419890217893
-6.652369904127716
-12.077530626733106
-63.641649931134566
-28.865192816374623
-70.20738861053097
-35.938542888061846
-39.650300657135155
-23.526260712748748
-9.475826089109251
-13.952874563489306
-5.089727544884052
-8.742132255183314
-25.166957290882383
-29.668882515689543
-4.47054291511543
-6.480871120957311
-3.7632617211102817
-6.962897048983694
-36.59530783491138
-3.3680770458694043
-37.28546704677709
-38.7639054413092
-24.0873839769909
-6.532069525521584
-11.734513753974062
-22.618605295853257
-7.186085018687446
-16.274263460925212
-29.34872777143857
-11.060500862777175
-2.4150365027390177
-39.896513751340116
-24.182337715305508
-12.32604113639537
-25.310885429090423
-8.701668655793183
-28.945775997158858
-21.747520621014672
-15.872015620867991
-8.52579042790815
-5.519580984451204
-59.604627206372676
-48.73315646323616
-15.665065929605703
-8.587829861781278
-18.643075236683618
-40.81189256899805
-3.9199057560366635
-28.688368193240144
-50.89070397746036
-4.003288781385473
-5.055558514298716
-20.06058976486595
-24.811859548967398
-7.80826057545821
-29.54972484396182
-13.590360609469629
-7.725097561087485
-19.144910038384655
-30.105285013928007
-19.8940656571742
-90.26549749664218
-37.84802211356418
-52.846957836157785
-17.967887500756245
-24.592501747481442
-19.050467409439907
-4.913134325465168
-28.649978231778256
-8.54948262691732
-52.95985688247038
-10.55983171387396
-5.95688622829323
-5.971150633037858
-15.519843214481002
-24.774973357585132
-44.51324367120761
-9.405643013966069
-3.6197156075650017
-19.250373033506094
-15.71149615258388
-36.528017864986204
-13.964083521155304
-12.276737568641115
-9.108636508067585
-47.150516989316394
-10.273242873010345
-45.699386065182935
-21.40253563834498
-20.268229981891476
-48.55337368964883
-11.691351192505232
-13.115329232315654
-25.34745212453569
-9.158659898966855
-26.28569776497467
-33.92614105896554
-8.272171610766486
-6.257602347563796
-9.017329523697478
-7.572183773664005
-30.54993276842233
-10.671544429327987
-17.33349825961821
-2.7145377836458713
-15.306568884905658
-17.55065156706091
-10.539052514738856
-35.760442617033476
-16.58238643778649
-7.344591309994375
-10.473900349299308
-3.892120525277911
-32.01604774183802
-11.776386047144223
-23.93260047933644
-6.365977952943493
-15.024811459170857
-2.129347286279596
-22.164514487946768
-27.99560494598373
-26.9458566603501
-21.205145073424582
-17.928183615281014
-29.29689453057601
-7.5450135353600905
-7.5529444317384336
-23.876610711840357
-7.188394914270608
-37.89362861903926
-23.009947094020923
-6.596265606269031
-23.499554698788305
-32.01486812976965
-6.631149907367426
-8.214473084101527
-0.8451181877279819
-14.86553807114284
-3.6222707718132248
-29.709281353419794
-18.084754208299046
-16.074298337034005
-8.709204716378661
-4.576687954691444
-9.887676694777268
-8.942656553861223
-38.12693936169754
-21.050338023065216
-14.05062202008032
-47.9573671977264
-37.28084201133296
-6.3209394692665954
-22.773119853183726
-9.610780930320471
-2.844409376358041
-10.822836781349768
-12.722768416687932
-4.226858660582813
-18.829710564011286
-63.070906098393834
-4.258952792148206
-22.30683170014843
-11.200995488096845
-2.3643834359068645
-60.82781855288299
-15.383931776681573
-62.15077983667864
-2.622491762794719
-19.431792564497947
-9.959456466359827
0.3679076120887954
-34.9919283216695
-35.26123143404001
-7.599690034248332
-30.235585023247136
-1.4990853194678448
-71.75416157659593
-25.084059625062814
-5.21107315429487
-4.0831226574276185
-18.15621045824845
-40.339205051325465
-57.066515062622095
-10.237657787818943
-19.213489930360286
-18.030135225166102
-28.1148426160454
-26.2691284086975
-20.97380407261498
-36.23778261279683
-19.64863611986889
-19.84194335000782
-16.207418523059566
-29.853358914360236
-5.404674920351134
-6.97369245303485
-8.79463670844525
-18.639325321208037
-36.28410572721722
-39.933803172873645
-11.23665786952178
-37.95629055352897
-15.721080649924803
-39.0986784460328
-2.420359390688784
-9.14297027468486
-6.470893628960029
-7.2675669971545505
-63.91411664860427
-15.223411594703471
-4.243007518562277
-32.82170996179799
-6.646025871182704
-20.815280237586794
-22.685549914604625
-18.027199070298625
-3.4507609567905986
-11.971922140226354
-48.4293752908198
-12.497221810067037
-16.41671832788599
-45.16717404016779
-12.635616927646474
-11.668915021896836
-16.456817289142563
-5.742860719812706
-8.11618897960267
-14.84737709903415
-19.4689703929174
-9.480956044811096
-12.951727014194296
-43.810258609479725
-10.559721998255954
-24.991854888161058
-12.6457763028531
-2.3806082846384116
-40.60265458722586
-13.555921899413136
-4.017335690094398
-13.007099963570191
-11.767707331939013
-50.966199913798356
-17.554847522536612
-9.756713197844164
-10.289760006340261
-8.224072651161041
-3.4680463128557437
-10.852804508171657
-7.356178185250336
-23.96345043123098
-24.662681098634096
-22.491720852307093
-28.6967157301464
-8.364197465485539
-18.931347753958175
-34.158728894273494
-33.090463979653265
-16.336995610795324
-101.22893896090686
-2.3803099787088406
-0.8058903406691499
-8.17843687869008
-18.943523982119896
-5.25983234032515
-20.17502379279265
-24.427959528264143
-25.97694496334381
-31.724075553425244
-7.6855477215506305
-15.031485599938023
-9.615620700578411
-4.9167158514123805
-6.749441132114996
-14.995050605265256
-34.0400708474347
-6.7260464547638295
-58.78676041393912
-8.493132393622146
-12.588496499614758
-4.072515540185582
-17.041139536273352
-0.19562711027677587
-6.1305966682433795
-25.209789529819584
-16.763564043296817
-14.587253804110885
-20.78124160444554
-14.660318399841682
-14.987507095934083
-39.1200277857985
-11.309599504686632
-22.146452471954962
-13.298899197669542
-20.396832494709408
-7.909757030750032
-11.89277776866918
-1.8530247991111384
-15.740086097661909
-5.394549035563221
-21.281569169591435
-3.9310202745266363
-71.87374156537385
-21.458368123661877
-26.128678278057787
-5.187962908948446
-6.364476607494529
-30.949950654538675
-4.421465167474119
-16.058012011213062
-9.722238093327023
-14.37847710735209
-14.172385456675746
-37.709170929027266
4.582117236059049
-21.654152850295915
-25.06681282865059
-41.80422891440823
-152.63258547043628
-17.100554530880387
-7.088618426655476
-9.338848593774234
-10.485355115035064
-21.31342974711936
-11.127814576326676
-21.195427983587095
-47.301192387467616
-2.858026558899955
-88.5561067941848
-4.538528383107273
-30.948802070117328
-22.812139532413923
-52.339201711028714
-108.89676276047561
-14.052163456686467
-53.14703097195397
-15.593919040657047
-14.95350437960019
-7.080066528331343
-17.732401495372248
-20.368360644145138
-10.189578087364767
-12.65924259767412
-29.398074684541587
-11.498518015299545
-7.196200425262484
-30.879492802365835
-11.056187102113158
-1.3636066042366917
-13.065802010163042
-31.844412671948543
-5.861912849744604
-31.284404529096946
-16.78170292609879
-7.9621567765800325
-27.957179828894528
-9.957378413039725
-8.66008114724175
-100.15341320565041
-5.149890501479636
-22.87974877862428
-93.5028004529727
-10.890829710855293
-28.52974503361512
-18.73258101595889
-12.518763369385994
-29.021777816506162
-30.915012923113533
-19.029175691409435
-14.584639442215456
-18.162392449519697
-20.298914193751774
-3.918075263175782
-24.690878625645468
-3.1223633108923523
-33.613242899516294
-15.154087055740597
-22.20381367458574
-4.88471002499643
-2.4879101555564227
-9.479867996484716
-17.569525270245183
-9.5225142013131
-6.481837152222542
-5.006546409000827
-31.588418254984507
-33.06530418053109
-23.826288523270087
-6.646850355605717
-26.552309132389603
-23.494498647216034
-25.568872218380083
-29.36289886445545
-75.64199859053254
-6.310370885214372
-15.564009697330631
-16.56633210499945
-33.39340034778972
-10.182622621599759
-6.137511226471426
-116.94776799858941
-18.734780240794816
-33.34544133659899
-16.43222115762897
-40.31698484871508
-11.339698759778171
-15.110421542579315
-27.55730212620029
-7.686606945876694
-25.801517553737302
-4.776443484869998
-36.30545119499541
-4.218930943919654
-9.302564713430453
-3.507515431636619
-13.372894901425898
-21.909176459528688
-36.24543018019904
-18.473677080351035
-16.40691072245353
-18.67162251300764
-48.24821233546359
-16.62516369928124
-102.0016472272313
-3.990487145056557
-6.099849251225134
-41.0645376348389
-15.707772335428194
-5.054821940827052
-64.17704503666388
-24.051994731110987
-15.164561303042543
-3.098988057312003
-2.374322704815615
-8.642327958837512
-2.8776135702801535
-28.84996430696623
-23.50779896350017
-6.968939938270955
-33.787757540882765
-22.533756449806827
-13.501018543341232
-32.66000536962839
-7.749234401092208
-12.589639702523998
-9.010132090291144
-54.09965140857452
-13.087871011910218
-7.891859035593735
-10.416894005390981
-10.759786831252637
-12.675396691717006
-1.1607982751835642
-2.9430562768273094
-16.455771449077282
-12.464704979083109
-40.47902235451655
