-31.53299206630218
-16.472807770267757
-10.259125823380092
-6.5121064476979935
-27.70870039149818
-23.306445093541015
-78.49656159393263
-24.83837184524586
-5.740830537941943
-2.7468296190536177
-17.63632885732856
-5.211421857702007
-8.011849775170573
-54.1747871967761
-5.120569120342138
-2.353605468272963
-4.631051943966208
-40.32395046333234
-15.853445146912254
-14.27413709229607
-2.387910759996128
-10.410386178679234
-28.929092536335663
-10.128327630346906
-24.21664980777789
-58.98064262163839
-13.140167989434214
-4.101956554954001
-1.3905847708295196
-14.39902069211861
-12.783594516620205
-26.732556393937543
-23.44821418134812
-54.10405552501022
-40.71012488622543
-13.759486401826926
-26.870679788815703
-11.632184511302237
-33.85486344211727
-28.26096379754428
-63.31073196813171
-20.53721922201151
-22.182664691290018
-28.72394363725933
-3.4551989315224723
-19.37766374783871
-29.123636754189484
-15.216723016086862
-15.624954400923539
-15.170045372971188
-61.26405448994774
-56.121252098276955
-34.46425088482965
-16.686887569272123
-34.5238154521879
-35.099278806694336
-12.361091070668737
-4.511968145949984
-9.331042849840728
-2.1768510670340775
-18.880002596175796
-51.12955842456601
-18.68476594826962
-0.5789880214416934
-19.689935216761913
-4.707210936545926
-16.25752883498187
-6.690978941932014
-6.562130560940894
-35.64260845627315
-2.7948748890881694
-2.4785762674251157
-49.98933887364231
-49.930563176801975
-10.368128030132473
-9.031088876404581
-45.832947435874885
-7.094463355114996
-2.520471901359797
-17.29704226161273
-2.028520033278471
-36.150794562441604
-10.075473200798568
