-23.826915284550626
-13.961482494310673
-38.92890335584026
-5.056203115609791
-32.10143481783314
-11.210453723623893
-13.106492043061133
-28.106366999623525
-13.981195318318635
-14.936180987371912
-14.817285864890028
-6.718417602214428
-14.586531580371533
-13.956538713773035
-9.627927108078362
-13.275274962125971
-17.148503763251345
-6.256525532491344
-7.676179438410952
-1.2047777713541983
-19.053186038871356
-15.017223036114597
-25.490237568426494
-9.905014700658233
-11.804702499984947
-15.683053057080667
-17.47674733486347
-21.996155570010668
-18.331601549707877
-3.0706731395961664
-14.19861053969763
-5.789277431424444
-12.606080494581155
-6.625803112479819
-9.31050754940678
-8.6135804600008
-27.081103463321618
-8.338502216580464
-18.54170228968005
-55.78028118364834
-40.781618829438344
-7.898541324814963
-4.588243091001481
-5.1649894802621255
-4.5565891751253655
-11.631174997265266
-23.598212389051213
-10.17434932479578
-37.06934868368818
-11.111611570519669
-7.771031100086012
-14.42049337536892
-24.605994103650282
-18.27573188040552
-17.925688226096852
-11.518828295261265
-22.929090604699105
-22.767672885249162
-20.503775417812736
-19.600066562881562
-9.774170806566419
-23.137701083584684
-19.96711798602774
-21.00785562183107
-13.43346874913079
-11.502218705206838
-18.069445685016976
-9.865221311665001
-9.13633207103825
-7.30499577282819
-6.132197681126586
-14.483466705084897
-15.405269180332704
-9.272095581551222
-9.127045141372303
-33.49969593621278
-4.9952407846407185
-7.609340974794891
-6.266889911356606
-4.216022599951438
-32.772519770627866
-11.996686918865086
-5.000856169500231
-6.60538453851915
-14.953359035305507
-13.94953956858603
-26.330161878172206
-7.018375624584365
-9.960268233379937
-8.901969265291802
-25.11168467593918
-14.193632545849088
-10.900589949139475
-6.083811192761588
-14.59130056594006
-28.22211783803932
-32.29908221687295
-15.054206947095793
-4.096364721141151
-35.746862238357245
-16.201197534195792
-5.5009774483447496
-19.00453853501689
-3.9522623201453952
-6.953120369173873
-11.139154750117095
-2.91707483671751
-6.5566136350530355
-4.601367953423002
-3.97654823174483
-5.157620017474751
-14.663775127212642
-12.576935884092208
-2.9709152848848
-2.2797077358345716
-13.002901492819708
-3.1209426318429703
-23.84189270160916
-19.068934558072165
-3.5539865664437964
-14.332058027522287
-21.043932196976847
-16.695026505772113
-10.983064638651024
-137.98792118618607
-19.801732210695857
-17.797923257145484
-54.89718802782129
-17.280939743102092
-55.20700081339227
-18.200700540110667
-11.967191988768954
-9.612581790920355
-45.91034913873972
-12.891150258817744
-20.472635052520374
-42.6237135772499
-23.356301821957857
-33.51728233844454
-18.1014131966582
-12.005395360320685
-31.804407352197806
-15.63504670781986
-23.9590497628983
-13.9176151802989
-11.97061789882976
-8.841400303775105
-7.736866290956994
-12.715340100267206
-4.089368600074923
-11.09262237527581
-5.923832644978138
-10.00155190895096
-49.171975711870246
-28.89621579134758
-7.7086991062316725
-18.176786941251095
-42.48911224924805
-9.665013562959528
-33.4554488086852
-10.703701962228754
-34.487706633208695
-4.529315338301423
-16.48557839871964
-4.95415804071492
-11.419907255136497
-21.89186876588619
-15.474468579015136
-35.80759423170624
-17.381121662065766
-13.339482491684109
-15.218312757466798
-11.03761209987788
-15.677703115090399
-7.832352467451095
-10.829686128718107
-19.827201727573446
-11.34813255189192
-9.043839074686304
-13.403672113698926
-8.74038123110465
-15.70430405910947
-43.522944684136505
-28.337636093524868
-8.49599277333285
-1.6762919973093622
-5.714747583118828
-28.35350037733851
-16.34583950976173
-16.76083733244089
-8.050556732887749
-4.616123785363546
-5.247367817329861
-5.828517549669455
-19.15417192774328
-11.176947838912778
-42.30052853361265
-13.39532693726429
-26.2044960653097
-10.530242532021065
-8.736087582360327
-13.147882868786
-29.37007169296514
-6.391734312782286
-22.138145627013298
-11.37248013155339
-3.3972724988056537
-11.913575716455084
-31.280176362299823
-20.94048065906402
2.349870029015186
-27.00676287353178
-8.952441565219827
-5.51843190275663
-39.36708611749454
-8.999620039598701
-28.522800621882798
-14.432480522598036
-4.458057581476275
-3.0098837924008346
-14.095228786531607
-3.8100853210683776
-33.6611167836962
-2.8026408169465826
-16.340741728696145
-20.42651226093246
-7.899645438153667
-11.582560498555232
-30.40416085722115
-15.249160771705432
-55.46448972014746
-77.0942157777171
-11.218040093399772
-17.828462732140352
-46.80934218720315
-16.430207064860745
-6.412276872772486
-2.4503183621032942
-11.08455909948249
-5.817870968678296
-18.614199368620728
-24.4799507883395
-16.466745524324427
-12.053439686090977
-7.600458516496554
-10.21060748820556
-9.074982780687616
-16.65894709483148
-18.672814120569186
-7.543444144158281
-16.380123472274555
-24.386473522349064
-101.08894003015646
-3.478212205084554
-5.525851239943452
-5.300002492222702
-8.909188052532524
-12.76994291822577
-7.5743274029225205
-22.049166220814094
-17.61077519603743
-28.034917728694268
-20.633154918898445
-11.061533157837644
-5.804780860089845
-3.00173953138025
-35.50667522133846
-16.79864034473102
-18.550249326741707
-14.05491778509465
-18.178582805928595
-9.435345966565235
-18.475288872491923
-3.6066431661040084
-2.9418690848073816
-3.9133721191553765
-22.891392395891906
-17.7882208963737
-13.158816656975636
-23.14397483633146
-9.889769471707051
-10.327887559211602
-47.988958641303284
-49.58409462839122
-16.297449728248406
-10.96485959922277
-11.237720047114207
-15.422614801888223
-51.39792776082221
-15.934983871998876
-40.740860670467704
-17.9309949771162
-24.827672874940465
-6.644827254641395
-26.539364757321383
-12.430383406805714
-16.273144175610184
-29.56262623670408
-7.738351732256969
-55.777364046991266
-2.8341472081598065
-56.01915542441146
-24.528514666320802
-5.260713330075256
-20.19396948797324
-13.67094734783008
-5.953795345868745
-19.553634192934613
-6.0273150981418135
-19.81661555291608
-21.651357080396284
-11.810789645571178
-17.934660449468886
-25.523135997690833
-28.804897510715538
-49.627041585609796
-9.89329899882162
-10.335447113584618
-17.613562213388505
-44.60206486063675
-14.679272823821286
-24.733664883373752
-29.376903222392766
-18.398906370476343
-18.149046230841456
-7.741363066289654
-16.650684353783465
-14.854065158948114
-27.178757105414913
-10.480231349285507
-11.45948263164822
-11.07876270292395
-44.182341222872935
-6.473206089300949
-11.488180849881228
-12.116644180439785
-45.47055358724258
-28.878885774546927
-7.343883535059312
-9.030369663596757
-26.8162195532932
-9.07554141937098
-20.62867223645199
-9.265828805375127
-3.873828178409359
-63.157760090981505
-10.215658661638212
-14.926254675366264
-12.129903325053482
-15.714910025099503
-9.911546495610914
-41.21635594823838
-42.113313272318905
-14.528239235686339
-58.196438868640115
-16.197572598559795
-8.085311113119332
-11.232185541948702
-11.726054846209669
-8.89677751283534
-18.263452380533074
-23.425684454843537
-8.787476452536811
-8.36569931766355
-1.2625826684944164
-12.189548880648058
-9.548154795421349
-11.223111764657421
-58.09123681302114
-6.756750141844562
-4.99413421166567
-19.76627941111575
-6.7084903706192724
-6.883040641237993
-9.832093153965051
-23.12165277959171
-18.072227162833236
-46.97821720994111
-28.848921110188453
-78.82584005157798
-5.081562373364962
-4.933800153088649
-13.557828150825486
-8.49715019413465
-74.12936384891746
-10.422726785348743
-8.306351869517297
-14.38537199482287
-5.232964225448008
-7.900014765949663
-16.84922287420056
-44.26209325146407
-41.685619563081715
-8.135975342143047
-5.226021601305397
-11.507703795297012
-21.649477766670284
-8.312480457016854
-25.478443053421113
-8.27127592543513
-19.969115917867047
-53.76094069165339
-13.889971724806767
-9.127075188786852
-9.31653267909781
-12.175103324395707
-33.0671000513185
-13.124818031444201
-10.06944223671583
-8.730459810285225
-96.58806505395526
-12.705134425243198
-17.51510971899217
-6.173451190548347
-10.523616554319965
-11.729887020187517
-8.987123497398615
-10.209614361038005
-20.700161298122346
-16.389956950719448
-25.411224254775007
-2.7538743715074343
-22.051803328203448
-21.37655900877354
-6.101259304656327
-6.4496850398572745
-18.156508730910566
-12.240888250994805
-11.13444191739888
-26.695995083815873
-8.959164287148866
-15.025270542447318
-5.841320598873877
-9.352127774831127
-46.57625833607511
-10.35166470814152
-3.679444843007892
-6.728683650332953
-4.648559139700637
-8.278011795851597
-12.590479779036043
-19.07607882766159
-8.61060425652135
-10.992901673297213
-7.805301081806784
-8.804000465625519
-6.0328542428079235
-12.424284696147051
-20.141816453349918
-12.52367240810966
-8.341188132673883
-7.052887471453019
-26.257564525114113
-28.71013092914735
-8.457996422131814
-8.31688599771245
-3.7203766293235105
-14.091731621883252
-6.953777860032404
-11.836047552100485
-7.335494943595298
-10.477785802677603
-7.833295462968063
-14.422923681066546
-9.176372674920858
-2.4000496164662932
-8.141139322380784
-7.449928097322452
-8.429638615453811
-5.705546260533141
-12.222600706004604
-9.890978363527319
-12.886016531535594
-13.944041414237532
-6.874705387780723
-9.303520444004254
-11.860735709111154
-37.067503109448644
-16.038911865513562
-15.874506100285773
-12.279208309356608
-19.40849139285639
-18.623688289341775
-10.902876015860533
-47.88128440297335
-15.554335138023385
-7.187981789422391
-21.8309265692716
-4.469893646641275
-6.131139212868506
-33.72899382265626
-7.681180016442722
-21.782406626953502
-14.378849526556234
-6.3613578953118
-24.827408384595916
-14.462322709897075
-15.07514497995135
-21.759484695812368
-13.166363362077066
-3.370673332614393
-16.64726180122164
-17.43742295925654
-50.078883574625735
-23.402890184807642
-17.176646128295452
-8.254295122839434
-8.136748999180629
-29.573023225605297
-13.831263919099811
-26.79518090546416
-4.148036889456756
-4.448227768291856
-11.116563710572452
-22.817292172946544
-16.5947476440848
-5.862534255351493
-25.465335256173617
-7.999345981080715
-14.58070828932596
-5.624603775640934
-4.786546694402392
-11.59903232736454
-7.919602729337107
-20.704826193918443
-17.759355717375634
-7.480163707364406
-6.920997283596883
-66.43478264802803
-11.151643814903405
-15.621246746960567
-8.746609620527272
-25.03553778897474
-10.437053055206961
-19.351666980991723
-12.027129867674693
-11.10499837409627
-15.283253700960302
-18.080530894092067
-14.502897261741712
-13.369592624758251
-8.791770598766103
-1.6880509277182543
-20.47103984679463
-20.491781606089233
-17.12014780393871
-8.719261895851748
-9.794984699534647
-31.33974594914345
-5.596039895491343
-44.86815235379216
-9.650218257931954
-9.581696532226625
-8.594015276539448
-27.54004860193867
-6.892824021953855
-56.431363857855054
-4.493723216379196
-3.6950859611108875
-16.803246744556613
-5.6712844628021015
-28.443877999699613
-19.091697264156174
-11.42471730129437
-45.1124705647582
-12.36008052778797
-5.853841361098729
-11.043722320378771
-6.155178883479249
-15.358570704129749
-15.796252840187499
-15.252919657487507
-4.399871312243866
-67.97404806176492
-19.665618777109916
-17.880422163338636
-16.03012736661067
-6.392900740683182
-10.841364682082538
-10.154381896001603
-5.4704816431961865
-37.108456751154
-9.08233841616834
-15.635564392597306
-8.3970541486969
-6.960483494395955
-7.92832397045432
-24.919073234564166
-30.515650335473875
-8.326908004081588
-12.08656261621773
-11.492500869004427
-6.409838355458276
-140.28067905608594
-2.469922728964961
-47.65682930831674
-5.224209593607007
-14.611221560967492
-7.0721253295253375
-5.602859642784658
-42.773627150722454
-13.46072595435684
-20.463470284499184
-19.427979899839052
-15.050652635973774
-12.75236001821769
-20.131877200709134
-31.795871733552804
-2.9707531692663514
-10.332436999638475
-6.178420503022979
-8.563230429242886
-6.789581068725582
-39.05870058709376
-5.604155897805607
-14.495541694479053
-25.953599971301916
-5.729393634943536
-18.430222778027336
-19.683186398484604
-7.917372437615532
-27.10533074081216
-14.28108934692321
-11.362533017142434
-10.386150900629014
-6.714844763257804
-13.849863694057703
-9.418495631449808
-6.043434139084559
-8.097909551542868
-11.212780831131932
-2.7689977800329997
-7.363962859158291
-9.459116155817687
-7.03384599374273
-14.057875034544828
-21.674222606096777
-5.818546890433678
-17.241418175043105
-26.002886633715683
-18.84379033678097
-3.6053193378138486
-18.655991141564318
-27.049256322531747
-8.793038299079988
-1.852431499923183
-27.946188790593997
-9.269943415040592
-9.72001183897158
-68.1114002273005
-4.7763569782115205
-5.205565342360356
-101.35819260162899
-16.9917722208412
-20.927740348051763
-10.771396610405068
-26.387879324091706
-4.90980929592641
-4.975047637050791
-18.901808882479834
-17.69710909545733
-27.04549850823081
-4.073413915487681
-19.748120698940042
-28.282682445788026
-22.172977043077722
-17.565604338438078
-9.56520954469486
-15.570992819923301
-7.2366976099601095
-16.431758739627725
-23.607054699664634
-3.67089726872082
-9.226116418261427
-10.281256324068787
-9.367661545036684
-25.815785440114258
-7.838660565425684
-23.849793409471193
-11.495919492305937
-15.066032587555314
-1.6506761106898322
-7.179685824968396
-15.571392554536587
-11.245336867799917
-11.17272982657259
-20.895399323195996
-11.853937964224695
-6.247896754738598
-6.750462891573967
-9.973198265238645
-4.88949718910706
-43.73254062248759
-42.62036463253419
-9.882096590322393
-6.333193335052864
-21.106303947429787
-11.51092274863671
-19.09203465831318
-18.289632221080275
-8.889659476146663
-13.482523157251089
-28.706319323046802
-8.481266930397958
-4.4768544821329
-3.8331514237199764
-11.619831391828189
-13.176584324906948
-6.929064986678255
