28
27
73
47
11
17
51
20
18
24
13
30
23
82
11
34
3
7
12
38
37
77
12
44
33
7
38
8
41
11
7
24
14
30
10
27
36
38
31
11
7
26
10
85
35
21
23
54
26
12
17
80
58
9
25
39
8
31
70
28
42
25
9
15
17
15
17
100
112
8
49
7
6
181
4
4
16
24
60
24
77
25
13
32
15
18
10
5
36
15
49
28
24
37
69
20
35
5
24
31
4
27
12
38
10
22
26
17
11
4
20
7
7
14
35
55
17
6
39
32
10
41
12
22
5
19
79
13
8
110
13
14
26
13
6
14
13
11
42
3
15
48
23
15
6
6
30
8
20
18
55
33
12
40
18
10
10
18
27
33
23
35
21
12
69
14
5
15
37
23
7
13
59
44
34
6
7
22
21
6
9
13
67
8
15
19
32
9
65
12
19
5
20
33
8
10
20
28
12
26
5
32
3
3
14
27
16
102
28
94
4
48
3
12
13
2
25
40
101
10
24
9
14
7
8
5
36
9
14
6
28
30
8
8
12
13
18
82
33
55
17
38
17
32
9
21
21
57
18
23
48
9
13
63
47
7
46
20
16
11
13
36
39
26
11
55
7
143
18
11
11
4
40
21
15
12
6
36
5
6
5
23
47
32
13
2
25
23
82
98
52
4
14
6
15
15
6
8
5