14
85
4
18
13
60
44
19
26
10
40
54
17
17
16
18
38
10
47
5
22
70
17
43
36
11
20
37
21
23
35
52
11
13
17
90
28
21
3
15
15
15
26
37
44
22
6
16
47
15
7
36
42
25
52
70
29
14
21
53
12
20
26
33
40
26
51
22
41
53
24
39
14
39
34
15
38
21
18
7
25
33
5
70
12
10
11
30
34
11
49
26
32
33
15
24
16
4
18
7
10
27
21
38
47
27
45
5
18
32
30
21
53
16
8
9
34
23
125
91
26
21
15
15
14
20
24
17
26
33
9
12
16
50
15
29
28
19
16
23
14
47
29
47
22
31
16
20
34
15
11
13
13
12
36
5
32
33
22
28
20
23
5
5
37
47
21
4
9
12
13
29
29
10
46
18
20
51
16
22
22
21
14
17
71
10
29
34
29
18
69
45
23
9
15
14
14
17
37
41
16
23
6
10
40
9
15
14
21
18
9
43
19
12
13
10
18
10
10
23
9
7
19
62
49
55
6
24
22
16
40
19
8
12
41
16
10
7
35
54
10
59
7
75
35
15
54
21
17
88
16
21
9
6
15
5
25
48
13
22
4
63