12
13
25
14
5
35
84
73
5
6
27
9
27
16
9
6
9
25
14
41
64
27
20
23
10
5
9
5
20
23
18
4
40
6
14
7
22
10
9
43
11
67
18
7
6
59
32
5
5
8
21
16
8
61
18
35
16
17
28
24
7
9
9
47
45
4
26
26
6
20
29
29
18
55
57
13
19
39
19
9
22
70
39
63
23
17
13
13
9
15
20
5
24
14
12
13
7
16
8
15
27
70
16
36
28
26
18
6
48
8
11
18
62
43
17
2
14
17
22
6
16
13
10
15
18
9
22
44
104
13
28
11
27
19
15
27
13
39
27
20
17
48
12
6
30
10
25
28
17
46
26
21
6
6
16
59
5
13
17
27
16
8
21
22
34
3
29
14
6
21
10
9
17
18
19
21
18
10
29
37
9
59
9
18
14
56
16
12
46
19
18
16
50
35
29
28
11
59
27
17
31
17
21
55
29
7
31
46
13
43
16
128
30
31
37
12
10
6
51
21
19
25
9
10
32
13
14
5
30
30
22
30
6
6
11
34
19
17
7
36
43
13
68
8
8
8
8
6
23
17
14
32
8
18
20
23
24
13
19
34
12
5
37
22
31
10
17
33
9
15
31
11
4
28
31
33
13
6
5
3
7
33
4
9
6
25
26
26
45
15
37
36
20
8
3
69
13
24
19
87
7
37
13
41
24
14
27
23
97
24
39
8
7
33
24
33
52
21
6
30
34
27
29
8
9
17
9
20
258
21
7
31
24
64
55
7
12
47
7
48
13
27
15
17
9
54
7
21
9
11
28
8
34
9
24