8
20
16
93
7
8
5
35
10
16
6
11
32
8
7
16
15
7
71
18
21
8
6
36
10
33
14
10
6
18
27
10
15
19
32
6
54
11
15
8
11
33
8
87
5
14
5
15
20
27
9
28
16
46
19
12
43
21
9
10
2
12
9
8
14
16
17
31
12
8
84
9
25
14
19
42
21
9
20
11
54
11
6
24
3
7
38
6
2
15
11
25
41
5
19
30
5
18
32
27
4
13
12
8
13
3
10
12
17
10
6
8
18
9
33
69
28
40
72
14
32
9
24
24
47
7
4
16
21
8
29
21
57
115
7
8
5
14
12
46
52
14
3
15
37
29
7
5
55
23
19
29
53
17
6
9
10
11
69
7
12
67
20
12
26
41
4
18
7
20
16
16
29
14
50
31
8
5
12
17
17
2
15
4
6
17
5
23
31
21
11
9
10
17
26
10
5
8
5
13
37
62
4
17
29
13
7
18
10
25
33
13
15