7
23
45
16
32
68
5
66
27
9
13
32
10
7
65
13
9
21
15
26
16
32
65
16
44
11
17
10
20
8
12
10
22
8
51
27
34
10
56
8
20
46
5
19
24
15
7
15
10
6
25
17
39
11
8
26
9
12
13
47
47
70
43
30
16
58
37
39
21
21
113
4
33
15
18
11
9
15
11
8
26
50
31
10
13
8
10
10
18
46
16
5
102
47
26
22
21
7
20
22
21
16
33
5
14
10
52
4
47
24
20
31
34
14
11
13
8
23
8
4
6
12
50
34
28
17
27
22
56
45
24
43
27
14
25
4
27
33
50
22
30
39
13
54
25
8
33
62
35
5
26
8
36
2
21
11
7
53
20
116
21
12
28
75
43
10
59
14
22
21
50
31
10
43
13
35
1
40
18
30
15
20
17
3
31
30
4
25
53
9
24
27
5
28
10
47
15
35
25
11
21
20
14
42
12
27
7
23