28
22
7
35
12
3
30
63
76
27
30
32
6
12
16
38
11
29
13
49
16
6
57
11
12
10
88
32
24
19
10
5
8
31
7
7
5
12
48
21
38
45
4
11
41
25
11
6
21
15
62
4
2
36
11
5
26
3
8
8
6
25
4
17
9
7
55
15
4
4
17
46
30
11
18
4
9
17
5
13
21
14
17
10
33
28
30
10
22
63
9
9
4
52
29
8
9
25
6
34
19
15
79
8
7
28
13
14
8
6
6
14
51
4
2
13
9
5
21
22
10
5
4
20
9
12
31
36
18
5
11
60
24
28
8
50
32
19
63
70
23
59
12
18
24
7
12
29
7
35
30
5
17
13
7
16
3
15
5
19
20
45
19
8
3
17
4
22
9
9
18
17
52
12
6
11
8
24
76
5
3
5
9
21
32
28
11
31
7
3
14
14
6
6
2
54
24
8
48
8
26
26
10
27
61
5
95
15
14
11
5
7
59
35
13
9
6
30
35
14
25
10
19
44
14
3
15
30
24
32
4
31
3
24
21
22
14
4
33
6
5
6
34
9
14
62
47
12
32
8
16
5
46
26
40
3
15
32
28
7
7
25
5
83
16
16
19
15
10
28
6
5
11
2
7
22
22
38
3
33
12
9
4
9
13
20
27
13
36
13
45
6
19
5
3
97
26
51
22
26
6
10
19
11
9
14
66
14
7
9
12
21
6
9
9
24
43
9
7
21
7
68
16
25
8
11
37
19
99
42
10
16
11
16
15
22
4
38
12
32
39
13
3
19
9
6
9
53
77
11
5
13
5
3
11
31
50
9
24
79
4
7
15
47
4
27
13
62
9
8
26
67
10
19
4
35
10
57
6
5
16
63
16
9
7
26
28
24
7
25
54
13
43
40
12
3
12
6
26
5
39
33
22
9
6
18
61
23
7
33
9
8
47
60
35
80
18
118
2
21
9
30
17
13
9
7
7
56
6
21
11
5
27
30
19
44
9
7
10
8
7
29
25
10
52
6
30
73
19
13
15
11
15
11
8
15
33
16
58
8
4
52
5
10
29
5
10
20
10
5
30
14
30
42
4
6
7
13
13
37
39
6
14
26
11
17
9
24
11
8
19
18
15
5
6
38
38
17
36
22
58
33
11
27
14
30
12
8
3
13
18
30
17
7
5
6
5
24
11
17
5
37
4
21
22
10
16
17
17
17
12
16
88
13
42
19
39
123
13
34
20
19
9
5
5
25
27
39
19
21
6
19
17
7
18
13
65
15
29
17
11
21
50
20
35
56
5
3
4
67
28
42
7
8
66
106
31
20
8
17
16
11
7
9
19
25
24
61
14
29
4
35
20
70
7
44
21
23
8
7
24
14
14
24
10
3
4
13
117
4
16
17
3
18
39
5
7
29
7
1
6
20
8
18
10
9
33
13
4
13
36
25
6
12
4
12
48
36
7
23
5
8
77
7
30
21
3
9
7
36
17
65
22
14
19
8
23
16
42
20
6
40
30
3
20
11
17
24
10
8
14
22
7
12
38
21
5
9
22
90
15
7
6
143
16
16
5
22
21
15
10
13
38
18
7
13
20
35
16
23
29
22
9
13
7
31
24
33
23
26
6
21
13
2
9
10
11
9
12
11
84
5
28
5
8
17
11
26
4
5
15
13
8
13
8
24
42
33
26
12
14
19
17
17
4
33
13
27
6
40
77
12
5
8
7
33
113
12
11
39
6
28
10
55
37
30
8
21
39
27
48
46
15
25
18
4
11
27
43
3
4
22
3
54
29
23
31
71
19
2
25
31
37
5
54
5
10
32
28
10
10
77
15
11
26
46
4
6
24
76
21
22
12
27
18
50
70
12
5
6
14
41
31
16
46
17
14
20
18
5
14
6
8
21
21
62
20
12
27
16
7
14
9
38
7
24
6
14
19
11
15
16
27
14
14
4
30
5
16
4
9
24
6
11
5
18
8
35
17
10
33
52
19
32
15
6
27
18
13
49
13
14
9
12
8
38
9
5
23
24
19
23
20
31
13
77
12
3
6
22
7
19
21
6
8
28
13
25
23
2
7
7
5
5
30
9
54
4
16
7
5
39
6
6
26
4
11
57
18
7
11
3
8
6
5
39
21
18
14
10
22
9
28
24
14
15
25
52
87
10
38
4
6
55
23
42
27
4
29
28
14
24
26
17
27
42
21
9
18
26
25
5
12
18
80
42
26
6
13
45
5
23
15
11
29
14
45
21
4
11
3
67
29
6
13
101
58
10
15
9
19
3
12
12
47
11
31
6
4
6
4
26
11
48
45
36
6
11
42
51
7
22
36
20
69
24
11
26
23
20
15
84
17
54
30
22
24
22
35
17
13
17
22
19
17
25
11
38
27
9
23
8
12
112
31
9
6
4
42
19
16
5
6
81
5
49
27
4
6
23
19
8
28
12
12
42
26
42
47
31
63
36
47
22
20
7
9
19
10
6
27
17
11
8
7
30
46
36
7
3
2
34
12
26
22
6
16
3
24
6
9
41
35
7
20
5
2
13
17
3
37
63
16
8
24
33
43
30
2
27
100
11
5
16
38
6
63
69
16
13
61
5
8
21
12
17
11
15
5
6
10
5
4
80
28
56
14
8
10
36
6
16
49
6
15
65
85
42
46
21
8
3
39
15
5
6
29
10
10
4
48
5
16
34
12
32
21
12
2
12
4
35
33
8
33
4
15
7
14
13
22
35
47
4
6
11
17
27
5
6
15
11
11
17
7
14
18
6
3
19
54
70
41
9
21
4
6
22
4
55
19
32
20
61
29
26
8
20
87
30
32
6
26
16
73
6
61
12
11
7
6
27
3
27
52
16
19
28
6
24
66
11
35
7
21
8
127
12
13
47
3
108
6
25
17
13
22
28
39
13
24
15
62
4
9
12
37
25
8
46
4
4
88
7
8
37
18
64
69
35
23
26
8
9
29
3
37
14
23
10
42
14
7
5
25
12
16
15
50
24
33
54
2
20
4
29
7
64
8
14
61
23
43
11
22
52
13
33
10
20
9
12
19
31
15
14
14
9
10
20
14
38
13
3
36
47
6
9
6
4
22
17
10
23
18
8
50
11
44
71
14
33
7
5
59
24
3
22
11
5
24
36
10
7
11
37
14
19
8
37
8
3
18
10
13
43
12
5
9
48
24
30
31
21
14
19
19
15
9
20
25
32
11
32
11
15
34
15
20
21
25
11
36
46
11
6
8
4
7
33
23
26
9
24
20
63
30
34
9
6
4
24
53
14
7
9
11
17
21
26
5
116
18
21
9
63
2
43
4
40
6
67
16
31
61
4
12
25
49
11
11
10
13
81
13
41
17
14
93
3
29
3
11
10
6
20
49
33
93
25
10
10
11
7
36
25
55
8
16
30
18
22
5
18
22
7
36
7
19
25
100
12
11
9
42
37
42
29
12
21
27
9
41
22
35
33
5
41
10
67
15
5
10
6
30
24
34
10
25
13
23
52
4
7
5
22
44
25
9
37
8
38
11
26
5
14
10
13
40
23
11
42
11
43
7
10
10
36
18
24
23
23
5
15
15
3
3
6
30
16
7
8
52
2
6
16
37
26
21
17
4
23
46
31
11
52
5
12
5
7
26
9
10
35
8
22
18
26
13
13
7
53
6
103
44
5
15
14
4
14
16
20
12
4
2
34
63
36
16
15
7
31
49
26
24
32
3
37
7
47
18
17
8
11
33
31
14
15
4
44
10
7
5
51
15
15
17
14
34
29
13
16
15
13
7
9
29
6
9
26
20
41
6
24
7
15
51
49
82
50
21
5
52
5
15