43
13
7
10
20
19
84
13
38
15
10
7
7
14
3
8
7
61
5
24
7
27
30
20
9
6
43
30
9
23
12
10
16
10
26
23
13
8
39
14
18
14
62
22
41
22
24
6
10
42
25
3
12
7
19
26
19
27
25
6
18
9
4
7
14
15
11
15
7
20
18
25
9
38
23
41
9
10
5
15
31
13
10
9
10
13
10
9
15
21
59
21
22
10
16
60
44
22
4
9
23
37
10
32
28
12
61
10
21
13
15
10
24
30
10
19
23
24
7
10
31
10
14
9
27
66
11
7
11
5
21
15
15
10
29
58
3
5
33
13
30
11
11
24
49
30
8
7
20
10
10
7
17
15
7
19
16
13
31
17
41
16
5
6
13
33
8
7
7
10
8
11
25
7
27
40
6
16
54
30
58
16
11
35
7
7
19
25
15
19
41
6
20
23
25
25
19
5
41
24
28
16
29
12
17
4
10
26
8
10
48
18
9
10
15
14
7
21
128
21
25
11
3
27
7
8
23
12
18
11
25
27
29
11
39
11
20
19
6
13
12
33
11
20
13
7
14
13
5
35
61
7
6
9
35
20
11
14
30
8
13
27
10
8
7
13
16
5
16
37
8
4
6
14
11
8
12
8
8
26
11
13
10
9
6
10
43
19
15
5
44
8
9
10
15
21
33
5
10
12
7
3
4
11
23
8
28
23
12
11
8
26
13
28
32
18
7
38
32
68
34
5
9
3
25
11
32
13
23
6
28
13
36
38
5
20
9
24
9
15
8
9
13
6
34
38
26
25
14
8
24
61
5
9
11
29
101
37
10
28
29
97
6
50
11
6
19
55
6
12
24
16
29
26
19
80
24
11
32
8
38
16
8
19
20
27
6
36
10
14
23
76
4
21
25
39
9
12
6
10
37
17
27
21
3
31
41
7
21
27
25
27
21
11
19
9
14
4
4
7
61
40
31
9
9
9
16
9
26
10
28
25
4
8
8
2
19
24
12
17
19
4
7
7
17
24
25
7
22
14
52
41
4
35
34
9
11
26
16
16
6
8
19
10
47
13
24
31
28
10
6
10
16
23
18
3
16
18
9
18
37
34
16
19
27
36
16
6
18
37
5
8
51
6
16
51
19
17
27
32
8
16
41
33
18
15
9
19
11
5
12
28
49
41
8
6
33
19
11
13
37
49
37
11
42
16
24
20
26
7
30
13
7
17
19
44
32
14
7
4
43
15
37
9
6
8
10
56
10
19
8
10
32
9
20
18
13
30
45
6
10
7
24
5
15
14
14
6
9
11
17
34
21
21
13
23
8
37
4
29
12
8
11
6
9
11
13
5
17
8
13
26
13
28
11
8
11
34
84
34
49
23
30
5
12
9
10
16
19
18
33
18
12
8
10
9
4
24
8
10
42
5
27
16
11
29
9
37
7
22
53
17
17
26
23
19
4
17
33
9
10
10
52
38
5
11
2
43
25
20
9
24
13
26
26
11
9
13
12
9
26
11
58
10
11
9
16
10
56
7
14
17
6
24
15
14
13
139
21
27
7
7
64
83
59
93
12
31
7
5
29
13
19
20
8
12
25
30
5
22
17
19
23
22
27
14
7
10
5
6
14
14
13
8
7
31
11
18
11
12
6
61
68
9
48
7
25
14
5
10
60
16
13
19
32
13
21
15
11
13
83
15
6
9
8
6
15
122
25
8
27
6
13
31
9
9
31
44
9
20
10
13
41
23
32
33
8
21
31
20
8
5
10
6
10
6
20
16
8
6
13
30
6
8
12
2
7
10
3
6
41
30
9
14
12
34
12
16
45
11
10
80
13
12
74
54
8
11
6
11
18
16
25
7
23
10
21
11
2
56
27
8
8
27
11
5
20
20
19
16
6
4
18
7
13
28
83
69
12
20
10
13
6
7
38
12
5
18
16
13
6
3
7
59
6
7
12
13
18
15
60
34
11
3
10
24
12
11
23
6
9
11
40
23
14
15
17
31
5
5
30
35
66
16
11
89
5
18
49
7
11
6
5
77
10
8
12
36
17
35
28
28
66
51
3
34
37
17
12
8
26
13
32
9
5
10
17
55
6
14
48
5
16
22
13
19
6
57
11
28
14
9
5
21
11
14
7
98
4
25
6
14
10
11
22
9
9
63
32
15
37
73
24
16
37
10
12
15
7
8
54
50
13
18
53
5
10
33
6
13
21
10
7
18
18
7
25
6
11
13
19
29
7
10
15
6
5
23
24
19
5
11
44
5
5
5
27
11
23
13
25
6
16
16
14
42
19
15
13
6
9
5
11
33
10
14
22
11
56
47
8
123
51
15
3
26
13
7
31
34
29
5
20
12
10
37
13
51
26
12
12
10
10
26
18
33
33
33
57
69
29
16
52
17
9
13
6
26
48
18
5
6
17
4
5
18
6
18
16
26
6
24
11
15
8
30
24
6
32
33
12
9
10
24
7
6
24
9
39
43
5
33
38
4
6
39
29
8
16
24
11
14
4
22
42
32
11
228
25
7
7
9
17
8
39
31
6
24
4
11
11
13
28
17
16
9
4
16
17
20
7
10
11
17
14
15
22
6
13
25
13
7
22
16
15
5
46
19
14
17
7
30
42
15
73
43
28
13
10
49
16
25
46
23
19
5
12
7
22
9
23
10
8
22
17
5
35
30
23
5
31
13
38
16
22
10
15
23
5
9
13
17
11
27
10
6
6
19
4
9
9
16
8
21
30
15
9
33
13
11
10
19
35
9
21
7
15
24
20
7
19
18
25
13
7
14
34
14
9
21
9
27
28
28
5
13
87
15
9
81
30
18
16
67
10
12
5
19
25
17
25
7
32
97
6
14
20
7
37
10
13
11
21
79
8
17
21
12
10
19
16
6
8
70
22
22
182
2
18
11
8
32
9
5
19
4
27
16
15
17
16
16
16
13
7
13
31
14
14
55
9
3
33
12
9
41
15
16
8
25
16
23
6
11
4
15
35
6
8
12
26
15
2
22
9
36
27
68
11
17
8
8
46
24
79
3
91
4
8
35
33
57
36
11
6
6
16
17
75
11
24
7
5
37
46
25
5
7
20
44
76
41
17
46
11
16
66
3
7
46
19
12
6
6
14
17
16
8
22
9
10
9
6
7
13
46
15
9
3
31
2
6
38
19
29
10
39
6
9
9
21
5
10
15
9
16
70
7
8
29
5
11
27
8
12
19
32
34
40
97
12
22
7
23
20
15
8
12
6
30
5
20
45
25
34
9
5
14
20
37
9
14
18
38
9
27
60
12
9
22
8
16
17
19
15
7
13
51
4
25
57
20
10
7
8
47
15
22
12
19
7
9
6
16
20
17
9
4
29
7
8
24
39
37
50
20
11
10
12
7
26
17
35
25
13
18
41
89
23
19
9
15
8
20
14
9
10
9
36
6
10
12
20
7
14
7
8
46
23
12
19
24
15
10
14
7
52
15
33
35
38
10
20
11
14
62
13
24
18
20
9
11
13
37
9
17
4
7
8
19
18
21
16
31
12
23
15
4
16
18
9
21
5
121
14
24
129
13
10
6
15
22
13
12
15
13
19
15
12
36
8
5
16
12
41
22
5
9
14
1
19
11
21
21
6
20
50
8
17
34
34
16
9
6
6
18
10
15
8
15
13
17
14
7
67
5
8
23
14
9
37
14
7
3
14
8
12
7
10
13
28
50
15
127
11
29
11
4
18
24
52
15
24
78
15
12
8
11
40
5
34
25
8
8
27
7
17
7
16
31
13
20
4
22
12
21
7
8
27
12
70
16
7
14
29
12
44
16
19
15
14
26
38
25
18
11
46
9
5
10