19
49
12
4
14
49
15
18
14
19
23
19
34
10
13
6
84
7
12
20
30
10
11
4
8
24
10
6
29
15
30
28
47
8
12
49
13
46
7
4
9
19
21
30
5
51
20
43
6
43
11
8
26
22
47
11
22
9
12
28
7
42
7
29
19
36
8
6
6
24
57
62
6
3
11
9
54
10
25
71
20
20
7
7
6
20
86
12
42
9
3
9
41
18
41
15
52
40
8
15
8
18
21
16
11
9
6
4
9
26
18
24
16
5
8
15
28
15
39
71
5
31
11
13
10
14
6
22
12
15
4
8
22
4
86
20
15
14
16
34
12
13
12
2
7
4
9
5
7
13
18
17
5
28
8
5
19
17
34
4
17
22
5
24
6
42
7
11
17
4
29
4
22
7
31
8
32
17
24
8
22
54
6
10
8
49
2
14
13
39
4
20
96
19
19
20
7
24
23
17
18
15
13
53
5
3
8
17
9
46
27
32
9
37
16
66
20
59
29
14
6
7
11
14
19
13
10
3
6
14
8
17
18
7
42
3
34
5
29
12
10
15
19
42
14
13
8
9
10
5
43
31
9
129
21
32
12
5
21
33
4
5
7
28
6
14
11
8
4
21
27
16
14
32
13
26
7
4
3
55
15
12
2
15
20
7
7
57
8
25
16
36
10
26
13
13
21
11
12
9
21
29
20
18
61
9
12
15
11
99
4
76
6
5
28
5
7
25
45
22
40
5
63
15
5
9
15
15
13
18
23
19
19
27
44
21
5
9
19
22
5
9
4
42
9
5
6
56
6
5
18
6
111
10
56
13
31
14
6
7
38
30
27
6
6
36
13
12
19
6
41
31
14
10
17
6
16
17
3
3
19
7
24
24
1
14
3
28
23
8
28
11
11
20
44
8
7
32
6
5
16
14
8
19
25
6
23
16
6
4
27
17
28
9
26
43
5
6
14
2
26
7
13
11
33
28
22
21
30
38
4
15
5
44
5
30
19
11
140
4
38
10
10
14
9
36
9
9
17
5
26
15
15
18
38
21
9
32
15
22
6
47
6
16
4
6
13
31
22
12
28
14
12
30
18
3
15
12
19
27
6
9
24
38
32
6
13
21
9
66
40
18
5
6
13
8
5
16
20
10
5
22
12
37
12
45
21
34
15
20
12
19
20
7
22
5
37
11
7
7
9
43
64
11
38
31
61
5
4
10
26
25
36
11
12
10
15
13
13
23
5
9
21
6
26
13
8
56
26
36
12
8
9
7
6
12
14
13
5
31
27
8
3
8
46
82
33
7
6
40
38
18
4
34
14
4
22
10
18
12
9
13
53
14
29
11
13
7
10
59
26
35
51
21
24
61
29
3
29
167
79
4
40
7
15
9
7
9
14
10
20
10
17
14
32
24
10
23
26
25
17
14
8
13
50
31
22
6
19
30
12
21
17
11
25
4
4
9
17
64
21
20
2
40
22
35
82
28
33
16
5
37
19
20
25
7
23
11
52
7
7
3
15
22
9
4
13
10
6
33
6
4
26
2
23
3
21
11
2
9
38
19
51
8
27
17
8
22
9
5
36
41
80
75
21
4
19
11
34
18
18
9
7
9
58
6
4
5
55
5
43
7
18
9
19
18
44
33
5
18
12
5
11
4
16
6
3
20
15
12
9
14
5
59
50
29
53
8
33
13
15
23
29
9
38
5
21
6
12
55
16
18
30
76
15