26
10
27
29
6
28
35
3
42
11
12
41
16
36
35
18
28
7
18
63
29
54
24
11
7
65
23
18
6
60
8
40
40
37
14
31
14
54
22
3
39
4
18
9
4
27
6
16
35
79
29
17
42
12
23
9
9
21
26
26
9
6
40
28
21
30
19
12
30
20
33
30
20
68
28
18
24
17
27
17
33
18
15
7
31
30
11
56
9
69
30
15
25
14
8
62
29
55
29
56
18
10
17
27
64
58
42
13
14
6
21
34
16
56
31
30
8
17
12
9
61
6
19
20
32
13
22
16
15
12
10
56
7
18
40
29
23
9
113
19
37
29
11
17
6
39
45
5
38
43
11
76
16
39
8
40
29
7
100
15
10
41
13
23
28
8
22
29
45
17
12
50
13
20
91
10
16
17
89
16
5
16
7
16
106
28
14
27
16
30
16
5
14
30
6
9
12
17
14
28
15
20
41
22
31
16
42
37
56
12
6
4
16
33
17
6
25
8
15
16
8
15
6
30
105
12
35
20
17
30
13
31
12
10
14
22
22
33
12
25
21
31
6
28
15
9
44
12
9
37
20
53
44
41
16
18
18
35
2
17
14
24
31
27
24
15
71
8
9
3
28
22
17
36
14
92
15
15
11
32
12
26
20
32
17
17
55
31
33
51
6
24
4
20
27
44
11
33
13
42
10
2
22
4
32
7
33
139
10
22
19
46
67
31
12
4
11
22
15
13
37
36
50
76
15
8
21
32
18
20
33
31
2
31
9
17
10
22
14
21
11
7
21
27
35
8
10
17
18
25
31
38
41
12
55
6
5
32
49
7
31
33
49
32
49
13
5
19
8
32
51
27
23
15
24
34
15
73
2
8
31
13
33
30
10