27
10
25
11
13
21
13
29
13
16
22
24
41
8
17
12
31
26
23
9
11
13
20
51
38
25
14
21
57
4
27
54
14
27
18
35
27
35
10
19
70
39
47
22
23
8
19
8
5
9
20
3
14
34
28
7
12
26
10
10
37
6
21
9
12
19
24
7
13
32
31
20
5
16
25
108
10
24
42
43
9
30
4
16
32
12
29
23
7
8
22
5
18
75
36
14
22
19
97
34
19
12
41
23
14
10
20
16
47
25
16
18
17
6
15
69
9
18
20
10
12
85
12
9
34
22
7
29
51
32
86
55
14
10
33
24
19
16
8
25
14
31
4
29
28
12
10
45
16
16
5
14
20
28
29
7
53
9
47
50
26
7
21
20
30
21
16
12
41
36
42
6
34
19
15
27
19
51
25
61
9
11
10
11
15
10
55
30
28
45
16
25
35
33
31
20
28
11
22
71
8
23
7
7
16
20
29
21
10
12
20
8
52
12
13
62
26
8
37
18
21
36
7
25
23
21
69
13
14
24
48
60
43
29
69
11
10
53
22
21
5
35
64
22
6
8
4
77
19
29
18
13
46
39
25
11
21
21
28
48
18
10
171
13
37
17
18
14
37
11
7
24
5
34
7
19
2
30
27
21
39
44
12
20
38
19
21
12
15
10
9
36
17
9
14
15
8
9
5
11
84
39
20
80
92
48
31
21
34
6
8
11
20
41
11
8
49
11
17
6
21
37
12
15
30
22
5
22
16
11
18
5
19
55
11
24
31
22
17
18
30
15
15
93
33
85
38
29
25
10
130
29
9
6
9
6
38
8
2
7
5
66
89
42
5
41
8
14
17
11
23
69
24
26
11
32
36
16
16
11
21
46
40
4
31
24
12
16
44
14
6
5
18
15
38
23
7
64
11
25
9
33
13
30
15
11
17
38
25
14
9
34
37
8
8
5
25
12
17
4
15
31
6
13
20
9
38
45
38
7
18
18
6
36
33
23
16
15
7
35
33
16
10
143
13
5
17
9
14
17
7
33
9
7
16
17
7
11
22
7
17
12
22
7
22
21
7
22
8
7
7
9
33
32
64
15
25
28
15
90
23
8
35
9
9
9
9
5
16
19
12
29
8
18
18
38
22
65
48
18
15
9
19
23
40
6
17
17
10
16
73
9
9
15
9
75
33
11
58
8
8
3
8
15
43
11
15
14
3
33
29
10
18
74
38
2
24
20
6
45
27
11
33
12
41
12
8
25
1
9
54
6
11
31
68
12
9
27
55
21
7
7
15
69
4
10
50
9
5
50
37
7
70
19
18
13
13
9
45
6
28
9
33
44
94
18
38
9
38
82
36
11
68
10
20
29
20
10
8
44
84
6
35
22
7
11
44
8
16
20
27
54
30
23
32
9
25
7
8
10
19
55
7
42
4
28
30
55
47
6
7
17
54
19
8
24
9
3
23
14
31
17
22
37
9
23
7
8
28
22
9
69
8
6
20
9
25
7
13
36
24
32
31
35
4
10
15
22
12
18
31
9
4
18
65
6
7
18
73
49
19
41
38
20
29
8
42
31
45
20
29
14
85
12
42
16
15
8
12
9
10
12
26
32
38
11
14
34
14
55
27
3
20
13
17
17
2
33
25
29
23
16
13
30
127
8
22
14
28
24
16
21
29
27
49
23
14
6
10
47
73
12
63
11
17
9
9
97
15
35
39
7
70
11
30
30
10
14
29
4
41
15
21
17
44
17
54
9
24
35
20
41
41
7
38
52
39
22
50
8
10
72
47
12
14
33
39
21
30
20
29
30
7
22
18
25
6
8
63