22
9
11
35
30
19
33
42
6
31
15
35
13
12
62
42
11
23
23
13
17
8
60
23
10
8
12
6
71
15
32
46
25
70
31
39
21
30
8
15
114
19
129
17
20
32
14
49
16
19
58
17
6
16
24
21
4
10
9
19
37
32
21
14
19
9
17
5
17
15
13
6
20
28
20
52
26
47
29
77
36
56
5
12
18
47
26
28
17
19
9
26
8
31
56
72
36
26
40
12
8
20
29
2
21
9
8
7
21
12
36
7
5
10
33
14
15
16
9
34
32
14
26
21
30
24
7
6
17
12
35
21
25
23
4
15
15
34
34
32
36
12
68
19
13
21
7
9
29
24
31
41
14
63
33
40
74
18
7
36
13
60
6
35
41
13
24
13
71
21
17
21
34
23
15
22
59
8
30
53
35
28
7
26
34
5
5
8
29
28
56
32
6
14
30
19
59
28
29
4
9
27
13
12
19
17
13
4
31
48
19
39
14
25
7
17
20
13
30
35