9
22
18
60
17
4
12
19
25
21
50
9
17
25
18
17
9
19
27
7
52
14
44
16
9
9
30
3
10
30
12
3
38
16
37
7
5
44
10
110
12
38
11
10
27
43
47
38
25
15
16
64
23
8
3
12
25
5
57
11
34
24
20
46
18
37
9
6
12
24
71
39
6
24
25
51
54
15
11
15
85
10
66
63
2
29
17
15
35
5
10
6
79
34
126
48
5
6
17
6
19
39
12
8
13
35
34
17
54
6
52
19
31
20
4
12
31
40
11
16
7
28
22
13
45
35
12
3
14
8
25
65
29
19
9
13
36
127
6
19
5
25
31
45
31
22
13
6
9
5
39
10
21
50
7
32
68
30
4
67
13
9
12
8
30
3
15
29
20
17
24
18
6
23
16
65
35
6
17
21
21
53
30
16
7
2
40
15
17
12
2
13
9
47
8
12
5
12
29
13
133
20
31
70
34
13
17
29
21
34
6
18
8
24
3
33
25
14
30
33
16
36
4
5
98
15
36
57
5
14
20
8
14
10
11
10
13
6
12
5
32
22
41
25
5
6
25
43
23
12
9
21
56
24
12
22
11
24
6
2
10
24
5
12
68
45
17
64
6
21
16
31
14
13
13
20
25
11
18
13
13
19
8
29
15
26
9
17
41
10
10
22
28
7
29
23
16
32
14
38
10
23
2
37
6
26
35
69
55
10
31
35
11
55
75
6
58
4
4
22
15
15
21
6
26
29
4
30
18
17
5
28
8
6
35
8
21
28
8
9
18
7
26
10
32
11
29
11
11
25
8
18
20
28
30
35
8
71
17
24
21
63
24
23
45
18
21
17
5
15
34
31
32
5
9
4
42
15
12
26
33
18
35