27
5
13
16
27
55
21
54
51
17
45
26
10
14
25
6
16
5
36
26
16
5
36
14
32
19
6
22
9
14
5
9
22
25
10
5
59
8
41
49
7
37
54
28
51
25
32
18
7
36
12
23
12
14
22
28
32
51
11
40
60
24
14
12
30
43
14
7
55
70
111
9
46
16
21
23
36
30
5
87
8
10
14
34
58
19
19
16
126
13
5
20
28
51
28
15
6
34
82
68
7
22
15
12
7
36
28
5
5
29
8
19
12
8
28
9
23
125
20
20
49
13
14
11
6
30
31
31
24
50
17
29
56
23
6
77
3
29
79
24
31
9
16
65
14
10
6
28
6
4
16
12
18
79
19
9
31
21
4
106
43
21
12
6
42
18
10
7
1
42
83
70
45
30
16
8
3
26
9
9
7
13
23
12
27
52
15
21
14
40
51
17
18
11
3
23
18
16
18
32
39
83
29
22
17
13
99
7
30
9
30
12
13
6
20
29
22
16
80
21
27
36
11
6
6
7
5
23
5
33
8
8
13
31
24
52
49
52
37
6
20
74
17
12
5
35
13
14
33
14
19
6
10
18
19
7
41
47
52
27
9
9
16
10
17
20
25
7
59
8
30
11
33
11
18
20
12
32
16
14
21