18
12
3
28
14
10
26
73
9
19
12
35
17
42
39
33
17
8
10
14
6
20
18
7
8
10
10
9
21
35
20
20
29
14
6
10
16
5
10
11
8
9
15
15
33
10
22
9
47
75
19
20
19
52
20
7
12
7
15
11
14
13
16
7
4
10
23
13
50
23
26
18
37
70
11
38
24
18
56
12
20
27
35
6
22
44
7
9
33
13
15
10
8
19
113
18
59
17
18
8
32
24
19
64
9
12
6
12
17
39
38
9
9
13
24
29
22
16
61
9
9
11
12
78
15
8
18
10
18
30
14
10
25
26
14
14
64
18
5
37
13
12
8
2
75
5
7
10
75
23
37
15
31
14
10
37
18
13
31
42
21
22
21
113
28
9
15
17
45
13
38
6
12
4
13
47
118
39
34
10
51
14
49
44
31
19
25
20
8
8
26
8
22
16
60
28
58
26
17
4
9
10
10
20
33
32
19
10
23
12
13
26
40
29
18
22
12
11
26
16
16
15
20
8
24
35
19
41
40
10
26
8
6
26
62
42
69
8
6
6
28
14
32
23
16
57
15
25
3
12
12
22
10
24
32
26
29
13
12
12
16
11
7
8
10
22
4
6
11
12
10
10
32
24
8
21
60
18
5
13
14
15
15
25
48
11
37
14
30
14
12
9
5
64
15
22
9
20
19
13
34
17
25
21
44
19
49
16
12
22
12
49
27
14
14
8
13
19
24
15
29
64
68
45
12
34
30
8
17
26
9
32
34
7
23
12
68
40
28
22
32
12
12
17
60
16
2
8
26
10
25
10
18
14
20
18
18
10
15
25
28
30
18
6
37
11
8
16
34
29
25
9
10
30
26
26
10
41
13
19
8
20
36
29
24
7
56
8
20
9
16
16
13
14
17
20
36
4
8
8
10
18
10
5
14
6
26
15
17
19
16
36
31
82
51
23
3
10
4
5
80
16
26
33
16
24
13
5
26
28
19
26
8
10
31
13
16
42
33
33
10
5
3
13
10
30
21
15
13
17
7
5
44
7
11
5
10
8
18
26
11
41
4
4
6
10
11
16
17
7
35
50
21
31
2
7
11
20
7
7
9
60
27
32
18
27
27
20
5
41
45
11
3
18
41
30
36
8
20
45
10
46
9
19
14
74
15
22
21
5
21
27
17
9
17
23
17
10
4
18
119
7
9
15
13
36
5
34
3
8
30
18
94
10
32
19
12
39
7
51
12
16
27
10
19
39
49
30
26
22
10
27
15
48
6
27
82
12
34
29
11
13
21
28
10
13
8
70
45
82
33
16
32
62
10
7
3
21