27
36
28
13
17
24
4
12
22
15
18
6
27
41
44
20
29
24
78
5
13
21
19
6
58
3
9
24
7
1
22
5
14
20
13
12
48
34
14
16
20
10
4
34
13
43
45
28
54
21
18
13
19
38
80
5
32
17
78
10
41
43
9
53
3
27
10
8
33
11
39
24
6
18
34
15
7
24
57
13
29
5
41
4
7
69
4
32
31
3
4
42
4
5
10
9
35
12
11
6
11
16
54
12
30
20
11
17
14
7
15
28
8
21
12
34
12
29
30
9
72
19
2
35
15
36
15
29
23
31
34
32
19
8
10
45
22
61
33
16
11
93
30
67
23
23
188
9
5
6
18
22
112
19
21
41
43
9
30
13
21
15
19
16
12
36
11
24
79
10
7
27
14
23
19
10
37
18
78
85
27
47
10
21
20
123
5
46
20
10
39
5
27
43
20
25
23
15
13
10
21
33
21
7
26
10
35
12
5
20
26
39
21
16
20
24
4
27
9
17
31
20
4
21
22
6
4