2
7
2
18
13
5
48
5
12
7
3
5
32
3
10
10
12
34
119
4
2
22
19
9
34
7
18
7
5
6
11
11
19
6
20
9
14
12
6
10
37
42
5
5
4
14
6
24
22
3
7
5
9
5
13
10
18
8
8
28
32
4
28
5
9
12
5
7
4
6
5
17
4
20
7
34
7
7
22
9
12
20
14
5
33
3
4
9
5
11
20
25
5
43
12
4
10
6
4
4
4
36
7
16
5
11
5
19
85
5
34
3
5
8
23
7
10
2
12
9
7
24
3
10
16
9
8
2
4
11
2
5
5
38
13
11
2
9
6
10
6
6
19
3
5
5
21
8
12
58
8
7
16
4
8
4
6
5
17
12
6
3
3
22
21
15
3
15
12
29
11
6
90
31
45
9
7
10
13
50
22
15
14
32
11
20
3
6
3
7
8
8
1
6
6
18
30
3
7
4
12
7
22
6
12
10
4
24
7
7
4
4
3
38
3
6
8
9
17
18
4
9
7
4
12
21
7
4
38
3
53
18
18
89
3
13
22
11
8
31
8
3