21
8
5
14
18
19
19
16
12
17
16
9
17
6
29
23
14
49
10
6
8
5
16
25
74
11
4
14
43
20
12
17
49
8
54
24
9
16
11
33
7
51
26
8
55
13
14
20
26
52
4
11
10
7
4
102
20
7
8
6
10
11
56
10
14
49
7
25
35
18
10
38
8
19
16
7
4
13
7
7
14
24
20
29
15
19
6
57
23
13
18
52
19
5
22
4
19
3
7
12
16
56
15
11
4
35
89
5
5
36
19
79
25
31
12
12
20
6
8
19
22
37
9
6
23
8
15
7
7
17
6
14
25
23
18
17
19
26
22
23
7
35
14
17
12
39
9
11
8
5
13
43
7
6
6
78
5
30
20
23
29
7
15
7
13
5
16
24
33
12
22
8
18
90
17
10
8
13
16
8
2
42
3
5
9
66
5
26
3
13
4
10
34
14
36
3
5
15
7
36
70
18
13
8
5
30
15
14
4
15
29
8
8
41
7
8
15
7
11
29
4
22
37
5
9
76
5
21
12
13
45
41
7
41
5
9
2
25
39
128
7
4
5
5
6
40
29
10
7
9
13
36
12
11
7
10
6
6
7
12
4
19
17
14
6
36
14
26
10
18
6
43
29
5
21
9
7
8
9
23
15
68
9
9
6
11
21
4
32
14
7
21
10
17
13
35
5
18
8
37
6
10
10
17
18
3
16
28
9
6
22
4
29
35
3
7
10
24
17
34
4
17
2
76
6
17
18
12
48
4
16
5
7
6
15
12
12
5
34
13
6
15
26
19
14
8
6
4
13
11
18
16
5
24
7
43
22
51
29
8
32
32
12
5
14
18
33
10
22
15
8
48
8
7
21
11
8
11
29
13
16
6
24
11
22
7
32
12
22
14
7
9
13
9
19
5
9
8
16
13
11
41
12
2
53
12
20
13
11
15
9
12
27
20
21
20
24
8
6
3
51
25
18
22
53
29
21
15
5
42
6
4
9
33
7
23
6
8
9
9
15
8
11
5
7
7
14
12
7
32
13
7
47
7
18
5
4
64
4
4
8
2
7
9
12
13
25
8
43
4
5
19
5
9
47
3
19
8
22
19
10
10
5
43
9
15
16
39
9
12
15
6
17
7
9
27
35
68
5
16
39
8
68
27
23
67
14
28
10
5
39
21
68
25
27
6
7
13
25
20
25
13
62
28
76
8
4
18
27
27
12
14
4
24
10
15
3
5
6
15
15
6
5
17
9
15
21
8
9
7
12
5
30
10
4
15
3
16
27
16
7
13
56
8
12
44
4
15
37
5
37
31
10
10
9
15
65
25
13
6
34
8
15
16
118
22
12
3
7
9
13
9
20
9
15
34
24
11
21
6
38
11
6
115
43
8
8
7
9
10
16
7
10
20
7
7
38
6
19
19
48
3
14
11
54
10
28
11
52
15
10
21
11
12
27
39
7
5
18
5
5
6
10
7
8
10
14
46
9
18
28
9
11
6
23
14
30
30
32
9
23
10
7
5
14
9
14
12
15
6
14
18
28
7
5
31
14
7
10
15
7
4
31
25
18
14
27
7
31
16
4
10
42
8
12
17
53
5
23
25
19
22
33
10
22
49
6
9
8
11
22
30
12
10
7
25
7
16
10
22
2
13
12
24
36
37
10
50
33
20
5
14
9
21
33
22
14
12
24
94
7
12
6
7
33
9
4
16
14
4
22
9
8
29
13
15
9
16
4
4
19
18
19
11
15
32
48
4
31
39
5
5
8
28
46
18
11
11
7
41
24
49
17
13
24
15
37
7
19
26
6
47
6
5
7
31
7
11
22
60
9
115
10
28
6
5
12
3
24
13
47
20
20
10
40
23
64
7
18
7
23
4
9
53
12
37
7
8
8
49
8
9
11
20
32
6
15
10
4
16
23
8
16
16
10
14
41
12
7
7
19
10
24
15
2
11
36
35
8
7
8
85
4
11
28
22
9
8
9
9
26
11
19
7
78
16
7
11
7
9
20
12
18
11
36
11
9
26
24
27
28
5
7
36
8
48
10
10
8
60
20
5
52
12
5
5
12
5
15
7
5
18
11
25
20
15
26
22
15
41
17
11
5
9
9
15
13
14
28
17
18
4
10
21
10
6
4
6
5
8
37
4
9
27
10
41
7
8
6
33
11
10
18
27
12
34
9
16
8
11
5
7
29
8
21
11
10
43
17
9
16
42
8
20
10
8
6
29
7
20
11
16
22
4
57
7
9
19
32
8
9
17
14
7
14
17
8
6
10
27
15
46
12
7
10
7
17
6
23
6
8
19
29
55
9
42
9
9
27
10
4
6
6
6
9
5
15
22
16
9
6
7
14
13
5
65
7
12
4
11
14
10
14
27
48
14
7
6
9
42
34
8
5
9
25
49
19
13
7
22
23
9
12
25
11
4
54
7
27
13
19
18
24
6
74
10
16
14
12
52
35
6
11
50
4
8
18
33
5
10
14
7
24
15
50
7
27
13
28
23
7
6
16
21
11
7
10
16
7
28
148
8
5
2
9
8
11
9
2
14
3
14
20
31
12
34
5
8
5
64
39
26
7
10
12
6
9
6
36
18
8
107
6
3
24
20
17
4
83
21
27
19
7
6
6
27
65
6
45
30
7
15
10
6
12
82
12
9
14
5
5
56
45
46
5
8
9
15
13
11
11
59
32
6
11
30
24
189
11
6
13
68
8
18
10
5
33
9
5
22
11
21
16
10
23
12
6
18
7
22
10
19
67
17
17
18
17
5
11
22
8
14
63
11
15
18
33
9
38
11
7
3
6
14
33
10
28
55
8
9
15
8
85
11
7
6
18
17
5
24
5
17
59
7
28
5
8
28
22
56
26
6
10
16
24
32
13
10
28
11
15
17
13
10
35
26
6
10
6
48
6
10
4
6
9
12
7
3
32
8
17
5
25
29
7
22
33
18
11
6
12
52
33
16
20
4
17
12
30
12
27
17
6
15
6
24
38
5
13
40
5
15
9
35
5
20
8
6
5
15
52
3
6
12
16
10
3
21
36
6
22
6
4
7
15
36
7
11
10
7
6
13
14
10
8
4
29
7
12
22
10
12
26
9
8
28
8
4
7
16
17
6
11
33
32
12
40
6
31
3
17
5
7
16
9
6
9
7
15
5
41
13
21
7
7
7
8
6
14
11
42
16
23
7
33
31
22
27
12
19
6
18
6
16
52
37
13
16
5
71
5
11
19
14
6
82
27
16
35
27
23
9
10
6
6
14
7
14
10
5
6
17
27
21
39
40
17
15
7
7
30
29
5
8
36
18
34
23
67
6
11
5
20
11
166
5
14
56
36
14
21
16
10
25
16
7
24
29
15
8
4
6
22
21
31
30
7
17
20
11
25
15
19
13
62
14
11
7
17
46
16
7
5
41
32
12
5
24
33
4
7
20
18
13
8
12
8
23
18
22
11
17
11
11
6
6
21
9
42
3
39
18
11
14
26
7
24
14
26
41
14
14
12
32
30
38
12
15
49
13
20
8
11
31
8
18
8
14
10
17
5
16
5
7
13
13
66
5
16
6
6
8
32
78
25
26
18
15
8
34
10
18
85
5
11
7
6
22
19
46
6
16
7
9
31
18
51
7
18
46
9
24
114
14
8
4
23
49
5
9
23
12
47
16
7
19
25
12
35
3
5
24
4
31
16
14
23
5
14
37
2
8
15
23
32
10
15
7
5
11
10
10
11
16
12
76
22
8
14
21
8
8
10
9
23
8
32
8
7
8
11
8
12
4
8
39
37
3
15
5
28
12
3
6
21
11
7
7
10
11
10
8
10
9
48
9
6
18
9
2
5
24
5
14
6
12
5
29
8
10
8
15
8
27
7
7
14
16
22
3
106
9
7
24
2
16
27
62
5
14
8
6
19
19
13
16
26
20
9
26
38
42
15
23
27
24
66
15
72
17
40
5
9
11
18
47
4
10
17
6
8
61
9
12
24
15
80
19
31
9
41
51
7
13
42
8
11
11
5
8
27
7
40
78
6
27
8
12
9
8
5
37
21
12
36
38
4
14
11
13
7
9
16
12
4
29
14
11
12
9
75
7
25
51
4
5
64
25
33
29
25
8
56
18
7
7
11
17
63
16
11
2
6
10
6
68
27
15
10
20
14
32
25
9
17
12
5
8
7
32
57
56
56
47
18
18
5
20
7
31
7
11
59
4
9
19
22
9
15
8
5
7
2
3
34
11
19
6
23
5
30
31
46
6
5
29
25
5
19
10
18
31
11
10
18
42
80
8
11
22
22
33
29
31
10
10
27
15
14
40
27
17
40
4
8
8
9
15
21
39
11
42
16
14
11
12
27
4
27
9
11
23
7
18
38
11
16
18
34
30
11
19
12
52
8
93
9
16
3
11
14
3
12
21
18
13
28
29
2
14
6
11
15
6
19
21
18
27
105
9
13
37
29
10
31
3
16
9
5
8
33
67
18
6
5
86
25
23
9
6
33
21
4
30
26
16
11
5
8
8
6
13
127
9
13
7
9
18
13
13
19
40
10
10
11
9
11
22
8
10
26
5
13
24
49
69
8
10
14
4
26
7
10
20
9
6
6
24
15
19
63
14
57
8
17
8
31
19
43
12
9
9
4
13
19
18
28
19
14
10
14
9
40
10
39
34
10
26
17
36
7
22
34
48
28
7
22
8
49
39
14
13
6
7
18
9
6
9
13
8
5
22
6
9
57
20
10
30
8
5
4
15
35
20
23
6
15
22
17
11
26
13
23
7
7
14
7
26
7
15
27
10
6
25
19
14
4
22
59
11
5
5
6
42
5
14
5
37
11
41
20
11
7
38
30
5
13
5
11
30
12
9
20
75
22
71
23
9
13
21
7
39
56
11
12
12
5
28
14
23
7
8
35
21
10
28
19
12
4
39
3
14
18
7
8
20
33
7
25
7
16
37
54
22
10
6
13
24
15
20
17
19
19
9
10
27
9
8
8
17
29
7
14
8
25
13
50
14
11
31
8
26
6
23
9
24
98
7
14
37
12
15
6
9
5
17
6
29
29
7
2
27
28
43
20
11
5
2
8
10
5
24
21
16
17
17
19
14
28
6
8
47
62
21
7
31
13
5
127
15
6
5
14
7
114
22
50
11
15
38
7
35
20
16
6
6
7
6
28
11
10
20
9
13
33
7
28
13
5
5
5
40
32
29
28
87
27
8
9
82
4
9
15
6
20
6
15
13
17
18
5
10
8
19
69
10
4
9
9
39
5
9
32
9
7
9
18
42
37
17
8
11
5
8
7
10
4
2
3
6
7
17
43
26
10
11
8
3
7
13
20
28
9
5
5
33
51
39
43
12
36
11
19
11
11
42
13
6
22
5
12
7
16
11
6
11
69
54
34
6
5
9
8
7
63
12
55
8
32
14
6
5
31
7
11
16
10
8
19
9
25
5
46
14
20
62
13
25
19
6
54
18
31
12
14
5
6
32
23
12
9
9
16
25
8
11
35
11
30
9
31
9
13
7
20
25
13
5
28
30
10
23
9
27
3
6
5
9
18
20
39
49
4
12
30
21
10
21
11
47
5
15
14
14
33
144
8
55
53
16
10
21
20
14
17
15
8
30
121
10
16
22
24
16
24
50
44
7
5
16
29
7
2
7
33
34
4
27
29
6
34
9
4
23
13
35
18
29
6
6
15
6
20
10
38
3
30
7
9
26
10
10
6
22
2
15
18
4
16
16
9
11
10
19
24
67
22
4
6
8
19
47
10
28
18
9
29
30
23
28
6
21
8
10
7
25
12
8
12
4
14
16
79
70
8
14
6
16
26
8
6
17
8
41
13
6
11
16
12
4
14
13
14
28
6
15
27
7
5
9
2
4
12
13
6
14
24
11
5
13
16
33
17
10
36
11
9
17
11
21
90
16
9
42
4
15
13
32
3
16
9
21
38
6
13
10
13
13
4
11
47
16
51
24
27
13
11
24
9
25
12
7
6
25
14
29
8
36
72
10
10
7
5
10
13
6
4
7
15
26
10
8
8
40
8
11
16
27
24
91
10
21
41
31
32
5
5
4
19
7
37
15
5
30
9
24
8
11
9
7
14
11
14
23
7
39
59
70
12
8
26
17
9
16
9
7
10
6
12
5
12
17
38
53
9
7
15
11
7
12
42
9
29
8
5
13
8
66
6
8
52
6
20
5
12
20
30
76
7
19
25
7
19
15
14
4
14
60
6
12
29
16
8
18
14
13
18
34
38
33
10
12
34
15
14
7
44
16
5
6
47
27
19
6
14
11
4
12
5
4
10
22
17
38
44
11
19
19
9
18
11
10
9
24
20
20
12
6
10
25
16
15
4
38
38
27
22
13
11
7
12
33
17
26
3
11
5
11
55
20
19
9
22
6
7
8
6
53
12
38
28
24
22
21
44
5
7
53
12
5
12
38
3
11
15
29
7
12
45
22
33
96
6
21
10
5
3
16
11
63
9
11
45
14
62
22
24
36
15
32
13
9
9
69
65
46
22
18
23
13
27
8
10
5
9
29
11
6
3
23
3
5
13
17
22
24
21
7
13
13
3
70
2
16
4
14
6
12
7
22
12
4
11
2
26
7
25
7
33
5
6
4
8
2
18
3
10
21
10
8
11
6
37
7
4
7
28
83
26
22
21
64
15
7
13
17
3
27
9
5
8
16
14
14
20
13
16
7
12
113
17
49
94
67
13
23
7
19
59
9
9
6
16
16
8
11
12
3
20
5
20
12
8
3
25
19
85
10
30
51
7
18
10
9
14
11
17
8
4
5
6
30
5
14
2
10
30
5
11
11
5
11
32
15
7
9
12
32
8
5
6
12
9
14
7
7
13
21
50
6
27
30
21
11
11
4
8
21
10
16
27
17
18
5
17
10
15
43
39
20
23
21
36
17
25
11
9
23
18
2
20
17
12
26
6
41
24
7
8
10
7
34
13
5
44
7
11
8
5
8
11
25
12
13
14
7
5
5
7
13
8
8
7
3
16
6
18
28
14
9
11
19
10
10
18
17
23
9
20
13
35
15
25
6
14
7
19
8
9
42
9
5
7
31
15
5
30
8
15
48
18
42
14
4
6
12
27
4
39
15
30
24
50
22
32
12
29
30
9
8
5
14
7
22
16
22
20
18
59
7
16
5
9
6
8
12
13
17
6
20
15
6
6
60
24
15
12
14
6
18
22
8
7
59
8
5
18
26
4
8
27
7
4
15
21
5
20
8
30
5
24
15
25
14
3
12
4
44
12
11
18
3
29
11
8
4
2
4
16
17
5
12
42
5
11
3
5
7
8
13
18
9
10
10
14
17
4
16
74
27
15
6
8
30
8
25
10
3
10
9
12
13
5
30
5
45
8
12
4
14
33
66
12
10
15
6
27
5
21
10
7
15
13
7
22
10
40
8
6
12
90
12
28
11
29
45
6
11
39
42
12
20
8
19
18
17
8
12
9
22
9
68
8
29
14
7
15
32
14
14
15
17
45
6
12
17
6
17
9
7
7
33
5
32
6
31
72
15
7
26
8
18
19
6
11
13
19
44
9
55
10
4
31
4
12
17
2
21
13
7
5
41
4
3
5
8
10
10
17
5
39
18
11
25
73
6
5
24
26
25
44
41
21
3
8
8
40
14
9
9
11
27
13
26
33
39
7
75
26
8
62
13
30
19
11
4
8
20
9
29
15
16
22
7
12
23
41
29
22
5
23
28
24
53
18
6
141
20
8
6
9
18
24
40
15
18
33
9
10
20
11
9
16
21
12
5
10
8
9
68
30
21
13
6
11
23
22
5
24
35
4
7
16
6
37
6
12
21
9
6
7
11
21
16
11
5
81
32
3
8
25
8
5
13
4
27
44
6
17
31
36
11
7
12
48
25
41
9
21
20
33
19
28
45
13
3
45
8
6
10
15
3
6
31
18
31
13
8
8
9
13
13
9
61
6
7
3
3
7
18
29
16
21
12
24
41
17
20
16
15
29
4
21
6
35
9
18
10
5
21
6
26
4
5
10
7
6
10
17
14
5
192
74
19
16
4
18
8
32
19
67
84
55
17
2
26
28
18
17
17
9
13
20
18
11
23
5
10
9
74
7
10
31
54
11
11
42
12
26
48
2
12
26
44
4
7
52
30
23
8
24
27
8
5
16
11
6
14
67
19
129
34
14
10
11
21
6
33
13
8
11
5
33
18
9
20
11
17
14
6
9
18
3
16
13
7
33
5
6
13
6
5
40
24
27
32
10
33
5
22
3
6
4
25
31
37
7
20
40
24
25
20
18
19
6
12
5
32
36
4
10
12
8
1
14
11
59
10
8
52
29
24
36
12
6
68
14
13
18
24
16
6
14
14
13
11
31
11
23
55
16
46
5
8
11
26
7
15
25
22
64
32
10
23
10
11
30
5
5
23
29
14
17
22
7
28
16
17
62
13
4
22
6
16
29
7
5
15
12
12
15
8
30
21
6
5
19
4
25
60
14
5
39
21
15
7
15
5
9
13
38
11
20
29
15
32
3
14
6
3
16
7
8
7
32
4
13
19
5
19
21
45
24
40
22
12
4
9
8
12
15
26
10
10
4
9
4
32
7
8
10
12
11
60
6
24
5
6
10
22
4
15
25
16
16
2
9
32
7
28
54
37
5
9
24
29
10
27
10
35
12
14
8
23
9
19
16
13
5
8
9
14
6
20
7
38
17
47
8
16
2
10
45
11
59
13
9
19
13
36
48
6
48
16
10
49
6
9
65
10
20
9
18
15
12
42
7
13
8
13
42
16
50
8
10
8
32
16
45
5
16
5
54
6
6
16
7
26
6
13
8
7
11
19
10
33
5
6
15
8
13
8
8
12
5
19
18
5
21
7
15
54
5
9
24
21
4
6
18
18
22
8
24
9
28
12
14
19
14
13
5
26
9
27
3
15
5
6
25
16
6
31
13
3
32
12
4
14
17
19
14
16
15
4
25
35
3
11
4
14
5
18
10
9
25
28
2
17
15
12
14
34
16
18
26
22
10
3
19
6
8
62
29
11
12
5
12
10
23
6
8
30
5
7
8
21
22
5
15
9
5
19
14
31
25
7
6
16
22
6
37
12
5
22
17
10
45
16
11
35
25
3
16
29
40
7
9
28
20
8
69
12
17
4
4
36
12
14
7
8
6
21
5
5
15
10
9
8
23
11
19
22
17
10
14
15
30
7
45
12
13
5
7
13
12
4
7
12
21
11
8
19
47
19
25
29
9
5
21
31
9
10
12
8
16
10
6
34
20
9
42
7
17
3
25
5
5
35
19
4
43
5
98
15
6
13
20
12
13
17
23
7
8
6
30
14
12
26
9
12
14
43
26
42
11
6
54
5
6
19
23
6
27
16
30
8
14
8
9
5
9
17
10
8
48
16
16
10
27
9
47
20
32
6
80
4
39
6
16
13
9
14
21
14
18
7
26
16
25
32
3
18
7
11
11
12
4
6
28
37
6
29
18
61
10
20
58
6
53
6
20
21
95
10
13
18
11
4
18
59
5
30
24
12
2
13
9
16
10
3
48
10
22
16
7
33
9
17
38
21
31
12
7
25
23
80
23
5
6
11
46
16
4
37
12
26
46
5
28
11
52
26
11
33
43
11
23
2
51
5
5
83
16
48
8
19
22
39
22
32
8
19
6
7
7
60
14
11
14
16
14
44
3
9
10
19
14
10
5
7
12
16
5
9
28
12
9
5
29
6
15
7
18
21
4
37
16
7
5
24
5
16
7
6
72
3
22
7
25
39
56
19
6
15
9
8
9
7
39
5
3
28
9
5
61
12
10
12
7
22
89
48
46
10
21
11
64
23
21
4
34
5
34
23
31
22
11
9
8
4
11
60
4
64
38
8
10
11
31
15
8
31
28
4
4
16
4
12
11
7
6
9
10
7
3
17
3
8
24
11
20
30
20
48
23
74
37
14
5
19
34
7
7
16
15
10
3
8
7
4
13
6
21
62
12
12
5
15
9
16
13
12
18
8
20
10
33
11
10
12
78
14
6
44
34
18
7
20
14
6
50
8
17
17
6
9
21
44
5
36
38
32
60
36
112
27
30
8
73
8
45
27
31
15
29
6
21
49
8
30
51
6
18
23
11
8
10
25
15
58
5
6
12
79
9
18
17
6
25
14
35
14
43
5
25
16
21
28
13
25
8
3
85
56
5
63
21
71
23
6
10
48
10
13
44
14
4
6
11
10
6
4
5
27
40
13
95
16
16
31
10
5
9
6
19
2
14
17
11
107
8
2
11
6
23
25
13
11
76
11
23
11
22
30
22
65
91
4
18
22
55
10
10
33
13
13
15
16
7
3
16
35
106
6
6
8
9
29
6
5
6
4
8
21
33
5
20
11
16
27
10
15
6
7
3
20
7
3
9
27
15
13
4
31
8
22
4
70
7
15
55
4
5
20
15
38
27
8
7
25
16
24
11
26
7
9
33
9
9
18
11
10
4
5
8
23
25
34
4
17
17
6
8
16
8
7
13
7
17
10
9
9
11
12
29
33
64
12
7
93
6
21
26
7
17
21
11
12
24
15
93
5
25
8
46
9
12
38
11
107
15
24
4
17
59
26
11
123
25
23
6
12
8
5
29
10
14
42
10
4
8
8
24
18
16
10
9
6
6
32
29
42
32
33
15
14
6
2
6
16
38
16
8
5
6
14
13
19
9
31
14
5
24
31
34
8
7
6
5
4
19
9
12
6
37
16
34
4
16
9
21
5
9
15
20
14
11
6
30
20
13
4
7
11
18
9
23
8
12
6
31
9
3
6
9
8
44
49
7
6
34
25
6
10
10
10
14
64
15
15
35
8
16
34
17
25
21
4
7
4
54
7
13
11
16
12
47
9
12
10
18
33
48
21
11
22
20
27
28
16
43
46
33
3
17
9
28
30
6
42
14
12
7
6
10
4
23
31
12
11
10
8
7
6
19
5
11
22
15
14
20
4
13
28
6
8
25
21
26
53
65
64
7
34
12
9
5
8
8
89
23
3
8
9
45
22
16
20
4
14
36
5
13
27
26
25
28
9
47
6
8
5
24
3
17
99
8
6
14
5
6
9
7
64
14
3
13
3
18
69
6
6
9
12
10
29
5
12
5
5
23
28
5
34
6
51
16
22
10
16
5
8
17
46
18
10
28
9
35
5
11
18
20
13
26
6
22
17
3
11
7
7
10
27
8
22
16
12
9
31
11
9
10
27
7
66
10
12
7
29
18
24
36
16
42
12
6
8
9
9
15
4
18
28
47
11
8
19
20
11
13
11
7
11
7
9
20
34
8
53
7
34
30
18
22
18
27
45
20
28
8
9
6
6
27
10
13
20
23
11
12
22
8
55
16
59
19
5
42
41
10
7
28
21
48
4
46
42
43
11
14
8
8
18
16
7
29
39
6
9
30
14
5
19
16
18
10
24
9
6
34
21
18
4
9
7
6
7
8
15
15
12
17
17
24
17
165
10
18
7
42
12
7
37
3
15
69
6
24
20
7
6
8
31
40
13
15
7
20
49
10
33
9
14
39
4
19
28
21
23
17
8
5
35
15
21
15
21
6
7
8
8
8
14
5
10
35
17
8
6
29
24
7
4
8
17
45
20
13
10
6
17
19
82
8
12
5
23
16
19
36
6
12
18
28
5
23
8
29
24
16
28
11
12
13
10
4
14
8
30
5
43
31
8
48
9
10
5
34
10
9
26
125
24
5
25
32
7
9
10
8
20
23
26
9
26
26
11
22
24
30
8
15
31
8
23
17
9
37
15
95
47
33
5
13
21
8
44
19
15
15
11
26
11
10
7
11
14
14
16
5
6
13
8
16
4
23
10
34
9
175
30
19
16
49
25
12
14
29
27
8
21
14
8
15