39
5
7
11
9
49
54
7
26
16
13
26
22
9
46
18
12
16
4
48
8
19
9
8
30
22
29
8
17
9
16
25
34
20
11
17
8
11
13
5
5
6
56
12
39
26
4
7
37
7
32
17
27
22
16
97
5
38
10
5
7
6
86
5
10
64
15
45
11
13
9
7
30
20
9
15
21
19
134
9
13
13
10
13
33
4
72
12
16
80
7
7
19
6
4
14
8
13
23
16
69
16
8
30
39
12
14
68
64
7
52
26
34
22
19
20
7
181
18
10
12
27
94
34
43
10
15
9
5
17
37
20
24
9
18
36
22
10
11
6
11
5
55
23
8
6
39
40
47
21
25
24
5
19
41
17
32
7
5
6
5
36
4
6
6
25
4
7
7
7
25
29
32
8
76
5
8
11
39
18
122
7
10
54
7
51
11
16
28
9
16
3
13
14
19
27
21
23
25
20
19
6
6
7
9
4
2
21
15
8
8
6
9
14
9
14
6
10
32
9
12
12
24
66
34
8
21
9
12
31
17
15
23
8
5
9
7
31
17
4
43
26
30
25
28
12
7
7
38
47
8
10
11
22
11
6
13
8
4
23
10
23
14
32
14
14
10
6
11
119
18
7
34
10
10
13
22
20
7
27
13
3
18
9
36
14
11
9
32
3
9
9
22
56
34
18
21
7
12
5
16
5
45
15
16
47
13
11
6
3
94
8
18
11
8
18
8
5
17
6
88
109
59
5
17
29
25
4
41
12
9
11
9
30
5
29
16
16
25
13
8
62
53
72
6
69
3
25
10
13
15
2
19
18
10
36
4
28
7
17
12
58
19
28
19
11
6
4
5
4
14
6
11
6
5
13
10
4
18
37
17
12
12
24
11
2
10
4
7
57
6
6
54
26
8
7
10
8
34
9
47
40
15
5
36
8
7
10
30
4
6
18
8
40
19
36
9
14
2
8
6
7
32
42
5
10
144
7
51
14
53
27
9
7
8
6
6
6
11
16
13
47
21
19
31
24
26
36
4
14
5
29
5
16
11
75
15
19
45
19
17
7
30
10
8
24
14
28
10
27
7
9
34
6
9
13
6
32
8
13
8
28
22
11
46
79
27
19
4
29
7
18
19
42
18
16
6
71
14
13
6
16
11
21
3
13
22
6
37
6
13
129
11
20
9
19
20
47
36
7
28
19
11
37
5
63
13
9
9
54
33
9
5
15
6
5
10
25
9
13
20
4
12
21
7
7
44
7
81
13
31
8
33
17
8
61
44
5
57
5
9
12
71
85
7
14
19
11
15
27
13
7
7
22
20
25
3
47
11
4
16
9
38
31
8
7
28
62
13
7
35
14
33
3
5
14
16
18
14
37
14
14
54
5
12
23
20
101
23
3
7
7
4
3
17
32
15
56
12
54
5
12
8
20
9
50
7
64
6
9
10
53
26
14
22
22
26
16
7
49
23
16
22
17
10
6
12
86
25
26
5
20
12
21
16
20
19
6
9
10
7
28
9
20
77
13
12
21
22
39
21
23
30
42
16
15
10
10
5
8
29
16
12
6
117
31
6
55
8
10
13
34
47
16
31
4
35
5
7
6
17
33
49
7
5
12
56
3
11
12
20
10
5
68
5
15
10
70
13
19
5
10
9
10
10
23
14
9
32
10
8
51
35
16
4
9
20
20
14
9
11
7
23
31
41
17
8
26
24
6
32
29
45
13
32
12
14
10
35
35
9
63
23
3
16
14
6
18
13
8
9
7
13
13
2
13
11
5
16
17
45
10
20
30
39
16
42
18
9
7
13
4
69
7
8
8
12
13
10
7
10
37
5
10
5
3
38
18
37
4
12
9
12
10
5
26
18
9
5
27
15
35
40
4
7
21
41
5
13
6
15
26
16
9
13
20
34
72
6
42
35
5
7
34
28
21
17
12
2
9
6
11
3
6
15
39
10
18
4
190
49
6
9
5
5
13
1
51
23
54
5
7
8
36
33
7
8
6
10
10
4
17
12
15
64
13
92
17
16
13
3
24
8
11
6
22
37
4
86
7
10
4
12
11
63
6
8
6
43
19
38
19
5
18
9
5
44
20
18
10
8
27
55
5
15
18
25
11
8
4
52
6
4
14
18
51
21
36
32
14
20
36
49
5
8
10
12
15
7
6
11
20
27
11
34
15
12
12
17
10
17
6
4
39
16
14