24
6
31
13
16
18
14
6
23
7
22
24
16
22
19
39
56
31
27
16
11
58
12
18
6
30
45
9
9
84
45
11
4
10
13
17
16
14
7
25
15
22
4
6
39
11
12
4
14
22
4
12
36
18
25
15
17
29
13
17
9
4
10
14
2
36
10
9
32
5
4
18
28
21
8
11
4
9
8
7
21
10
30
9
21
12
19
12
19
8
23
13
14
13
3
6
4
17
4
5
9
32
20
6
22
7
9
47
13
37
16
8
29
13
19
9
38
74
8
6
3
11
23
19
5
25
20
13
17
21
10
11
4
32
25
4
46
4
29
14
48
12
6
8
16
14
9
51
8
6
8
33
6
5
34
17
5
21
45
20
3
45
22
25
31
2
23
44
8
11
51
20
3
15
28
7
20
10
12
64
18
50
28
24
67
36
7
9
35
18
19
6
13
9
6
6
62
4
26
42
4
11
15
20
10
15
25
13
12
20
9
5
27
10
46
4
16
3
6
4
10
20
3
7
5
10
15
14
7
13
9
45
21
3
12
14
5
43
7
8
38
5
28
16
11
13
32
9
11
22
31
24
17
3
43
33
10
4
10
27
22
8
11
7
9
9
11
12
6
11
171
14
15
11
13
33
18
10
4
8
28
9
13
12
34
21
11
8
15
42
3
20
13
11
18
4
3
6
6
12
13
38
20
24
2
22
11
12
42
12
32
10
22
6
10
7
15
8
6
5
22
60
4
52
19
10
7
9
6
20
37
15
11
2
24
7
73
89
8
5
13
14
14
24
10
3
17
14
12
16
22
16
30
38
14
9
39
26
22
14
23
16
9
21
7
6
9
37
13
4
6
4
17
38
7
25
35
6
21
9
8
18
5
42
27
23
53
30
19
16
18
10
25
31
67
16
10
11
17
34
8
17
9
21
34
29
14
22
7
4
14
16
23
24
17
15
15
11
24
14
9
14
10
28
14
16
26
10
26
13
21
8
5
24
47
10
43
20
18
18
12
16
10
17
7
17
21
17
67
22
15
38
16
13
11
18
11
18
22
67
18
13
35
33
12
10
33
8
11
17
14
8
48
32
4
20
15
9
5
33
13
24
38
30
7
8
4
15
38
16
35
5
44
4
26
48
5
14
7
8
36
6
20
21
8
17
10
9
26
25
4
7
5
48
12
20
11
13
23
9
23
33
5
6
8
54
19
12
22
16
79
38
17
11
4
24
18
25
64
9
6
8
8
66
6
48
9
21
9
17
20
19
46
7
32
11
5
22
8
56
22
31
5
21
41
9
41
4
36
58
39
46
20
24
6
27
46
31
7
16
10
7
16
5
47
19
10
46
13
8
55
28
8
17
41
10
9
17
12
21
47
12
13
29
4
8
35
50
5
69
9
17
11
9
49
16
24
3
10
12
33
11
10
4
3
69
8
4
17
29
7
37
10
37
9
6
6
34
9
6
17
67
20
14
19
16
48
7
9
23
19
15
8
128
46
65
18
4
9
29
12
14
18
44
31
6
19
56
6
8
8
11
13
5
38
47
16
7
17
22
11
20
12
20
8
15
63
23
18
2
16
21
4
22
5
7
22
56
11
23
15
17
46
9
14
42
50
6
4
8
21
18
8
6
26
65
18
7
9
11
7
6
10
11
8
17
22
16
11
8
12
16
5
20
3
26
18
11
8
56
7
3
21
44
71
18
4
12
38
25
12
4
6
42
8
6
10
117
48
18
13
16
6
11
7
43
12
12
15
46
15
16
5
4
15
16
7
4
15
14
6
18
10
4
26
23
4
6
5
8
5
81
8
11
24
13
7
7
29
5
60
35
8
6
70
6
40
58
34
11
43
10
23
38
36
6
17
20
6
19
20
11
30
6
14
9
16
4
5
18
18
42
3
30
10
15
5
10
28
6
25
25
4
3
4
19
6
46
6
30
10
9
43
43
27
52
24
11
9
13
18
12
26
36
21
16
34
12
5
18
6
24
18
8
12
30
13
10
7
17
103
5
5
6
40
20
9
11
26
38
3
20
18
20
5
17
6
17
35
7
11
18
18
8
32
23
15
38
43
11
5
16
30
9
10
23
8
16
3
44
13
11
16
16
10
36
31
27
8
14
6
13
4
16
17
22
24
9
8
19
9
9
12
9
12
9
17
8
49
59
4
22
11
75
4
35
20
58
9
11
17
43
36
26
11
5
5
40
28
20
19
8
6
15
17
25
10
17
6
14
10
32
6
11
22
11
19
6
5
24
22
9
10
7
15
11
26
32
5
42
35
14
5
10
18
25
17
8
5
18
27
9
8
11
11
3
27
8
10
35
8
4
10
10
22
37
10
28
12
8
42
40
5
17
10
27
7
11
10
41
13
17
18
12
10
29
23
9
4
17
4
14
16
14
21
11
18
7
13
33
24
21
49
5
8
31
19
21
13
17
30
17
49
9
6
5
17
15
8
22
3
9
7
6
31
14
12
126
12
88
6
13
13
14
8
45
12
11
9
43
20
9
39
11
21
25
17
6
38
5
8
13
3
18
5
33
16
9
10
11
17
8
6
13
9
4
5
32
20
10
6
20
16
16
27
7
6
48
13
29
2
6
95
25
26
29
30
10
8
23
11
6
4
8
2
11
2
24
25
96
5
8
5
15
3
20
12
9
19
6
6
83
2
8
18
31
60
30
15
9
13
30
30
29
67
21
7
9
23
6
7
4
5
6
11
19
17
9
15
12
9
7
6
19
22
7
12
5
5
11
16
39
16
18
9
9
27
13
4
11
17
13
24
18
8
77
5
6
6
4
11
15
31
6
8
14
44
12
80
11
38
9
15
5
11
29
21
23
20
11
6
4
26
82
10
5
7
22
9
17
25
20
6
36
8
27
23
61
58
28
6
25
25
5
10
16
59
7
2
20
21
18
17
3
13
80
74
12
37
13
6
31
6
19
44
10
37
10
18
17
13
8
266
10
7
7
4
31
33
24
11
73
8
40
4
6
25
14
22
13
5
10
3
41
11
14
8
8
10
13
10
7
21
4
11
6
11
3
17
7
20
24
7
71
10
18
8
25
23
17
4
24
39
52
22
14
45
5
4
4
13
7
24
61
8
27
8
3
16
4
25
18
66
20
10
13
19
20
27
3
27
20
7
3
10
16
4
44
17
24
18
38
7
19
8
15
28
12
6
11
6
54
7
95
29
12
27
30
6
13
10
9
11
59
28
8
11
7
10
61
14
4
8
7
7
10
7
14
5
8
46
12
72
10
18
20
3
3
27
9
6
31
6
13
7
32
35
6
8
12
34
15
17
10
19
8
5
7
4
8
34
10
7
6
3
15
13
4
8
8
78
18
3
7
28
16
8
5
7
9
35
27
5
21
30
4
15
7
10
7
6
34
20
2
13
26
17
6
5
19
15
8
9
14
6
18
12
6
25
15
36
47
5
20
17
34
13
10
4
13
18
9
5
33
39
13
14
11
61
8
31
16
6
11
10
11
7
20
4
2
30
32
6
22
6
61
22
10
7
13
13
14
6
43
11
8
57
26
25
8
14
23
3
21
21
31
9
19
7
111
4
41
8
51
5
7
19
15
3
22
6
13
8
14
10
28
19
6
8
19
80
9
14
4
31
31
16
17
10
59
7
9
34
19
21
41
32
16
10
10
9
4
12
7
14
15
13
35
34
59
16
7
20
21
20
13
23
22
25
6
19
15
25
4
7
42
6
5
11
7
10
14
34
27
12
21
4
12
8
8
5
10
55
29
19
2
16
4
52
58
16
19
20
6
9
13
6
19
6
84
5
33
20
17
3
4
17
6
6
4
15
15
13
13
8
10
8
10
35
10
40
6
50
13
13
7
99
15
17
16
17
3
22
9
36
2
71
10
8
16
49
3
8
21
27
8
22
16
9
14
11
29
44
116
24
7
6
14
19
12
13
36
4
43
14
20
20
32
4
5
8
9
12
121
11
17
25
42
23
30
8
47
14
8
34
37
9
4
17
15
9
35
10
9
16
4
13
20
3
18
15
19
19
15
15
10
11
11
31
13
7
9
39
5
12
25
14
14
7
2
10
4
15
7
55
16
14
25
29
21
65
16
52
10
10
6
22
3
67
52
5
31
12
23
16
55
4
4
11
34
9
5
7
30
16
7
27
32
33
4
10
13
16
17
32
30
29
6
6
7
20
13
57
13
29
3
15
8
17
14
15
27
7
13
22
55
12
9
14
7
39
9
43
32
11
24
19
8
112
6
12
15
8
12
3
5
19
10
60
5
5
15
14
13
6
7
17
27
7
12
34
15
16
9
17
15
38
31
17
21
21
19
22
25
88
6
38
32
10
7
11
8
7
9
41
12
24
18
24
10
34
6
8
60
24
11
44
14
21
18
32
6
9
31
40
26
4
11
67
26
11
12
19
16
98
67
8
8
11
12
41
20
13
8
14
4
13
6
3
15
13
9
13
4
23
94
21
17
4
42
15
12
7
24
15
109
33
12
17
39
23
36
8
2
26
1
68
6
18
11
6
11
36
13
13
5
7
14
18
13
12
7
17
33
13
7
10
11
8
34
6
31
8
9
20
5
12
106
51
8
34
10
8
10
18
44
28
42
36
3
23
26
5
7
63
16
6
15
9
43
29
20
6
9
49
18
17
11
26
8
38
43
32
21
6
10
49
7
17
28
19
15
17
18
54
9
23
16
15
22
14
21
3
8
52
8
8
21
6
17
58
23
59
8
13
31
23
14
5
21
25
10
7
10
28
7
42
25
12
11
20
5
33
82
14
16
13
11
4
29
8
23
20
8
21
89
10
36
5
8
3
75
19
37
14
5
22
11
16
10
20
27
17
55
29
29
15
31
71
25
19
47
7
30
8
5
8
91
51
19
5
32
42
9
12
29
12
28
30
17
33
9
21
29
42
56
5
15
27
16
4
38
61
18
19
9
17
32
37
14
19
54
13
4
58
7
24
6
7
9
4
15
9
7
38
13
8
11
4
15
19
82
14
50
7
6
17
5
18
8
30
26
46
18
9
10
71
94
8
37
23
5
28
3
31
9
4
7
11
6
4
22
32
17
25
24
34
7
23
18
6
23
5
14
14
4
9
12
5
11
31
14
8
9
74
15
11
6
18
4
3
6
10
19
8
4
3
7
7
9
6
26
11
30
40
5
3
23
11
5
19
29
15
19
41
15
7
6
15
6
17
12
6
25
67
6
35
30
5
50
44
12
17
9
62
48
21
17
17
5
16
38
12
6
2
4
16
12
15
30
70
79
38
6
22
156
8
17
5
19
10
8
16
49
15
90
60
66
23
6
71
8
5
12
69
18
14
10
14
8
22
12
21
7
6
18
19
35
6
6
6
8
23
25
4
42
38
55
24
36
33
42
72
10
11
10
15
25
16
14
8
24
17
18
6
3
82
16
13
11
5
44
21
13
8
14
19
6
22
3
7
56
26
2
33
5
25
11
48
16
5
10
6
72
15
7
9
13
22
16
8
4
9
3
14
33
19
7
20
45
22
12
6
4
20
15
36
23
20
6
18
20
20
18
23
22
10
16
2
20
16
8
56
30
10
31
10
10
8
20
5
6
29
5
25
3
9
6
12
9
20
3
26
7
95
30
54
18
24
22
4
17
7
24
19
55
8
30
23
6
15
12
21
41
7
2
10
5
67
12
9
15
7
20
7
57
10
14
9
2
15
8
11
11
8
20
8
8
36
30
4
8
8
25
7
32
28
5
10
3
33
28
19
14
26
31
18
45
118
18
7
3
16
12
3
6
7
21
8
27
7
22
15
9
32
8
8
5
72
13
12
20
10
21
27
5
2
23
18
74
4
7
36
4
30
10
15
18
26
5
11
4
17
25
41
7
30
21
9
16
21
80
25
48
20
9
13
9
25
27
12
22
12
3
41
4
26
30
6
10
17
27
13
12
12
19
8
12
6
14
16
212
38
6
5
29
10
7
7
7
3
34
13
5
33
9
13
7
10
4
6
7
30
32
6
11
26
17
16
10
42
23
27
18
4
7
32
16
39
24
25
10
7
5
16
13
19
8
7
12
13
17
22
31
38
7
12
10
42
47
13
33
33
6
10
5
14
30
13
61
7
20
18
18
4
25
21
13
25
16
10
5
24
40
8
14
10
21
5
7
18
11
19
7
59
14
19
13
9
6
22
25
2
40
15
12
15
15
51
15
76
17
18
20
16
8
3
32
9
21
15
9
5
15
40
18
19
20
11
35
16
13
38
9
34
20
19
5
19
4
13
15
4
6
10
99
17
24
47
10
16
4
19
18
21
9
16
11
74
22
5
14
26
12
17
10
14
40
38
29
10
4
52
5
38
7
17
10
10
31
31
14
16
20
21
21
19
35
88
3
20
14
6
9
22
44
9
10
21
6
16
11
4
17
28
21
10
18
42
81
9
6
37
30
20
8
62
27
11
25
4
16
22
8
19
4
16
6
10
19
12
6
30
12
11
40
20
11
7
8
9
6
52
47
16
36
66
28
136
4
8
11
33
31
51
14
9
35
47
11
18
9
16
3
5
13
22
43
21
8
29
32
11
5
9
7
16
13
17
20
15
9
7
42
4
24
75
4
17
3
34
13
24
12
5
17
47
18
28
17
12
15
24
30
5
3
16
5
16
6
6
34
17
25
10
10
10
7
3
8
47
9
11
31
41
19
98
9
4
19
20
257
7
9
19
14
4
11
29
4
16
8
40
10
7
22
15
9
8
14
59
12
4
44
43
17
6
22
7
5
10
17
13
8
24
47
43
27
14
56
10
57
21
33
7
10
16
10
15
23
5
12
4
17
2
15
14
37
14
10
5
47
9
21
4
21
13
19
30
8
7
19
9
9
12
17
8
6
29
12
13
102
27
11
7
6
13
22
7
18
24
8
17
7
14
5
15
10
19
4
10
18
17
37
10
11
14
5
38
9
14
32
7
21
40
8
11
16
80
33
49
6
27
8
7
7
5
16
11
12
16
27
16
11
11
7
10
24
6
36
4
8
6
38
4
9
33
19
8
18
12
11
19
17
36
12
8
5
9
35
20
10
9
19
46
45
49
5
13
2
72
18
23
31
43
8
17
37
13
49
5
15
11
12
13
3
31
20
8
22
35
33
6
33
11
15
26
3
12
39
3
3
47
14
7
4
13
16
48
20
7
11
50
19
33
56
34
30
16
25
37
19
9
48
7
11
40
34
44
23
12
31
16
6
47
9
14
12
5
20
55
32
54
13
4
12
7
2
17
32
8
3
8
10
6
13
5
10
36
28
7
20
26
9
4
20
11
52
3
19
14
6
20
18
4
12