20
20
8
9
19
4
11
20
5
25
23
32
11
23
15
9
31
4
14
25
38
4
14
8
13
6
27
4
37
28
12
3
33
12
24
6
4
11
15
6
7
20
9
5
28
8
6
12
12
11
11
37
12
8
30
8
5
8
10
15
13
25
30
7
9
35
13
15
28
13
18
8
26
7
12
33
13
11
8
28
52
8
35
55
36
8
21
70
7
17
13
8
25
8
20
42
16
13
9
20
24
17
22
23
13
45
18
5
11
9
14
19
18
13
13
6
9
5
7
20
15
61
13
15
20
25
26
5
20
4
20
44
20
31
12
25
61
23
28
34
16
9
33
5
31
10
26
5
27
19
11
30
16
6
23
21
12
36
12
9
10
24
33
10
7
29
21
27
6
18
4
21
6
36
17
16
43
9
23
8
4
27
21
43
19
34
11
12
11
64
13
14
6
34
2
33
8
16
13
6
8
25
30
12
7
5
11
45
6
1
17
10
11
17
21
57
3
21
25
4
2
11
31
12
21
8
16
19
18
23
56
27
27
58
9
15
17
6
12
29
17
31
11
43
5
28
20
12
26
5
7
24
13
47
8
48
6
12
5
11
8
18
34
53
18
22
13
7
38
13
11
17
11
24
18
17
50
52
33
4
19
18
47
11
9
7
35
20
30
8
33
61
6
12
33
15
17
16
17
10
26
5
13
5
6
46
42
29
43
25
7
6
38
11
9
21
11
4
18
8
22
9
10
7
5
33
21
16
19
49
7
17
20
38
13
14
37
22
9
15
25
31
81
25
13
5
5
15
11
6
30
14
17
15
14
11
9
6
91
10
10
31
7
16
4
9
11
22
25
5
23
44
72
14
4
3
42
13
7
20
5
12
16
18
6
82
6
24
19
14
31
33
43
18
15
29
7
8
18
9
29
14
39
5
28
10
15
7
14
9
10
5
32
11
7
10
8
25
19
5
22
14
10
6
28
4
5
16
10
28
51
12
8
9
7
44
11
44
17
2
6
23
10
30
4
19
76
5
15
21
12
16
4
9
42
11
9
60
24
17
26
8
16
14
26
4
6
22
19
19
10
6
14
19
23
58
6
5
29
4
24
4
8
10
7
32
8
17
18
9
5
42
29
8
11
12
11
15
16
24
17
7
25
23
43
17
49
10
31
3
5
28
6
13
10
21
19
9
6
5
7
20
34
14
31
16
11
18
3
36
48
6
19
37
17
4
20
18
77
26
57
14
29
6
19
4
30
4
7
22
6
5
12
11
11
16
19
22
5
18
22
29
11
17
28
96
17
15
45
20
23
6
95
13
14
13
39
27
28
10
9
51
14
27
13
8
10
32
23
22
13
36
12
9
31
7
9
15
41
39
85
6
10
7
19
61
16
54
15
18
35
11
9
12
11
31
30
9
17
4
11
5
34
8
21
4
36
7
7
9