13
22
9
10
30
35
2
11
7
3
13
21
16
23
6
10
27
53
58
8
12
20
8
27
4
35
12
11
28
12
15
8
37
10
4
11
12
26
7
39
8
28
20
11
13
23
33
7
21
86
15
15
14
12
42
43
6
13
25
9
18
22
20
28
29
33
24
20
32
10
19
31
5
331
16
8
147
27
9
32
31
38
24
10
29
53
31
26
12
22
10
30
25
20
31
34
45
73
16
8
27
29
10
95
12
17
5
39
34
16
140
36
51
8
8
41
53
9
37
41
6
18
4
29
20
13
22
15
21
39
14
5
10
8
88
56
42
56
13
24
30
8
12
18
72
11
26
61
6
15
3
6
5
47
17
13
31
109
3
21
74
24
26
9
26
13
7
14
18
4
15
16
56
20
11
20
37
25
26
6
10
46
25
9
7
55
12
57
103
21
13
5
44
13
11
7
7
25
17
13
4
17
10
6
13
10
32
64
89
39
39
67
15
42
15
16
24
19
7
40
4
5
13
61
7
8
4
8
9
21
9
18
12
30
27
11
11
20
51
144
15
77
155
22
46
6
50
33
2
26
5
53
30
35
26
46
15
12
19
68
4
21
27
23
5
60
32
9
24
5
20
42
19
13
72
29
35
9
13
66
9
26
32
14
10
28
17
117
16
11
3
29
3
47
13
25
12
37
26
1
6
44
9
7
8
2
19
10
15
16
13
7
10
26
9
48
53
4
29
17
9
15
11
6
140