10
37
6
33
73
23
3
8
33
7
13
68
6
7
31
39
28
12
2
11
5
5
82
14
12
20
35
7
16
9
4
47
17
9
66
54
115
20
29
22
41
9
6
15
20
6
9
19
47
24
35
2
13
32
7
10
33
52
10
6
6
8
10
10
5
36
33
17
7
22
17
16
4
13
22
73
68
28
54
5
12
36
4
37
8
18
6
7
15
59
8
110
10
3
4
49
14
31
37
29
16
11
21
25
7
25
16
19
28
13
16
14
39
7
10
7
11
23
15
17
3
27
13
21
8
44
26
32
21
7
70
44
42
11
37
25
30
42
4
14
4
13
7
37
17
21
10
13
7
32
12
7
17
25
19
21
36
125
7
14
21
25
30
5
15
11
4
18
33
37
40
20
21
13
20
21
27
3
5
7
27
11
20
9
14
44
8
5
41
28
9
4
4
46
55
18
4
42
20
32
41
14
16
82
3
12
26
15
15
11
9
10
16
27
10
13
17
12
18
10
10
12
14
4
69
19
129
7
25
31
3
11
6
21
34
8
10
27
26
31
26
35
20
4
7
17
7
4
39
22
29
5
4
19
9
5
32
9
10
12
2
55
6
15
29
57
14
9
23
20
7
114
19
6
22
81
7
15
26
47
7
27
32
13
16
118
45
10
28
5
18
33
10
7
7
5
5
33
24
32
12
6
10
8
16
13
10
11
42
10
8
34
13
15
33
14
32
23
8
39
25
5
32
13
7
18
15
20
22
21
17
10
56
8
5
8
15
29
8
23
22
4
3
9
6
4
11
5
12
41
17
32
106
23
64
6
13
21
8
12
6
11
27
16
10
79
8
7
6
12
58
6
15
18
61
42
86
5
10
13
6
5
12
15
4
10
3
7
78
20
2
9
16
50
27
5
18
41
34
17
23
20
32
23
21
10
3
10
38
12
36
21
19
35
6
16
43
48
5
41
23
22
19
35
52
30
83
12
21
19
17
18
8
5
16
14
19
9
44
36
13
58
19
20
39
45
9
18
7
6
32
17
34
11
38
2
5
4
19
4
28
8
4
7
73
3
9
4
6
18
11
42
11
7
75
40
16
4
5
19
11
51
49
27
17
5
14
33
16
7
12
18
3
11
11
14
10
18
7
10
11
61
11
46
156
8
21
14
6
19
11
46
7
15
7
27
24
12
2
42
11
7
16
32
22
25
37
31
6
13
81
31
26
39
17
4
16
18
10
8
25
6
17
5
11
18
12
16
23
28
17
14
36
11
16
81
8
32
15
21
30
80
20
21
12
10
22
17
21
9
18
6
14
30
2
44
37
7
9
13
7
19
10
46
18
10
21
12
6
39
5
10
13
16
6
13
51
21
23
86
3
41
30
35
9
42
40
16
37
26
38
5
11
34
5
12
27
64
25
14
34
9
14
27
8
16
17
13
15
10
8
21
47
8
1
12
30
13
24
6
13
34
10
26
4
75
36
11
25
75
40
24
11
11
6
13
43
5
8
9
12
7
5
10
4
15
66
15
7
145
2
13
75
19
10
17
20
14
12
4
14
13
18
8
10
51
20
11
30
29
106
30
4
7
8
10
15
24
28
10
15
49
6
38
39
39
50
13
12
13
17
5
27
15
10
11
4
16
12
15
8
11
33
30
18
15
68
28
17
57
10
7
13
10
2
10
10
6
33
3
26
19
20
16
6
70
47
61
11
8
55
19
16
8
13
15
16
9
7
11
24
44
20
20
3
6
14
12
13
24
24
26
48
24
11
14
26
11
26
6
5
11
12
10
18
21
29
6
40
6
22
20
16
12
22
18
7
10
3
13
13
34
4
14
13
18
22
10
36
32
25
11
21
39
6
5
15
14
6
6
33
22
24
40
18
3
35
14
35
8
18
74
18
12
8
5
31
18
15
17
11
30
29
15
20
7
20
5
5
17
3
6
28
15
29
18
26
38
14
8
4
11
79
24
30
13
23
4
6
22
20
14
28
6
18
13
15
7
10
21
5
42
35
8
4
24
4
37
4
17
7
29
41
21
8
15
66
6
13
14
7
12
12
4
11
38
20
8
17
14
10
19
3
40
14
42
6
8
31
21
24
8
9
9
38
14
47
17
18
37
5
50
5
6
9
9
11
35
20
29
22
3
7
7
19
25
9
17
5
4
59
11
4
19
8
4
45
12
9
3
9
3
58
34
15
8
27
14
5
12
17
8
5
16
44
55
7
90
29
65
35
21
7
25
18
9
21
7
11
12
18
6
30
30
52
82
16
6
22
6
33
5
19
11
9
34
22
5
16
32
81
30
21
6
28
11
59
55
32
12
10
18
26
67
23
7
12
19
28
43
23
23
3
6
9
4
14
11
5
19
22
18
30
3
8
17
6
21
4
5
32
40
12
11
24
19
10
21
20
22
12
38
16
14
17
21
22
56
6
17
4
26
24
3
17
9
10
24
6
3
11
10
20
10
55
23
8
16
5
34
60
6
9
16
11
16
12
12
72
27
20
7
14
6
20
49
21
15
30
9
2
17
11
9
17
2
16
12
19
11
15
9
41
8
11