15
45
37
9
17
33
12
5
12
10
10
8
31
11
8
13
14
13
23
36
6
30
4
25
17
9
119
19
23
53
7
14
20
3
67
19
18
22
16
13
8
13
35
8
19
13
10
20
68
21
23
24
148
42
12
35
47
16
21
19
9
13
6
12
29
6
8
14
53
5
7
8
5
10
5
22
79
8
19
20
8
13
45
56
10
6
18
6
138
32
31
20
12
17
24
7
88
12
31
8
15
24
32
25
6
48
60
3
21
25
30
7
25
4
22
19
32
26
23
17
10
12
37
7
27
8
7
4
6
22
27
17
4
6
26
13
5
29
25
84
25
73
8
76
15
61
10
68
37
75
12
5
11
9
59
9
9
15
16
28
6
7
16
127
14
18
10
12
22
7
15
15
8
62
20
12
35
34
19
17
9
12
9
83
27
10
5
31
24
76
28
27
7
44
23
8
19
14
46
6
26
4
8
8
61
6
36
43
46
20
21
8
3
6
11
60
8
5
29
17
11
7
79
9
34
27
28
6
6
29
41