23
10
35
57
5
8
17
26
26
42
4
15
85
30
30
48
84
39
8
12
19
33
42
4
56
11
9
3
32
12
14
23
11
24
16
56
18
8
4
21
49
17
26
11
44
19
53
32
14
3
6
72
8
9
10
4
9
12
41
12
24
36
12
6
14
47
26
17
11
48
5
61
15
18
22
9
31
9
7
51
31
36
17
9
15
8
12
2
7
13
4
9
9
6
10
11
7
10
16
11
28
20
17
20
16
8
85
15
30
3
4
9
25
15
10
4
9
19
14
20
3
18
12
6
51
13
27
37
36
18
12
6
29
28
13
14
65
39
18
14
6
21
5
21
9
14
7
4
4
17
8
14
16
28
14
47
12
21
11
18
8
95
7
5
7
58
5
3
35
7
49
34
8
15
20
46
98
7
13
23
62
18
25
7
4
6
5
27
33
7
40
41
35
9
21
4
16
5
9
10
20
34
25
18
20
13
9
8
16
4
12
27
11
1
13
61
17
9
5
58
57
16
22
7
16
4
18
9
65
23
18
22
11
6
33
41
8
38
13
31
13
6
30
13
21
9
10
8
75
21
19
24
15
38
21
7
5
67
11
11
18
13
6
19
26
34
30
26
4
19
17
19
8
19
3
23
7
38
16
35
14
17
7
16
8
16
11
20
8
3
15
11
11
15
29
12
36
28
9
2
39
20
13
6
36
22
15
18
7
17
24
20
5
10
6
10
65
66
6
5
19
14
10
32
33
36
6
27
8
38
9
9
37
62
30
60
25
7
6
15
24
4
3
11
12
3
17
4
4
9
15
5
31
6
64
25
16
17
9
9
19
11
8
8
51
14
65
7
37
34
18
6
8
11
6
18
57
7
18
7
16
59
26
15
32
25
40
3
270
6
47
5
4
11
5
12