6
10
51
9
5
8
46
12
50
43
8
20
18
16
25
31
23
5
7
38
18
16
21
34
14
13
41
8
42
3
42
81
34
8
21
45
32
12
3
33
16
6
17
2
30
10
11
10
10
5
23
21
10
28
13
21
10
20
19
12
17
14
11
30
6
7
6
27
3
27
45
11
14
15
22
6
17
3
14
5
25
39
12
22
43
15
17
9
10
12
22
4
8
26
22
11
35
26
45
4
101
46
76
54
7
18
26
63
9
62
39
7
23
17
39
8
60
15
17
13
30
22
13
34
59
40
7
31
29
22
125
12
37
10
32
20
11
24
11
37
43
20
3
19
67
7
39
10
14
14
2
17
17
11
25
11
34
56
22
27
20
22
3
13
11
18
10
30
30
31
4
79
1
23
24
14
15
28
10
15
23
32
10
52
8
11
9
20
15
6
7
50
21
25
12
35
25
11
20
16
5
16
9
22
3
12
21
52
105
17
64
10
22
12
40
9
12
27
11
33
14
19
88
4
44
102
30
2
27
26
15
26
22
19
21
28
69
9
16
10
12
7
20
19
8
23
11
16
28
3
12
65
10
30
6
4
14
11
29
10
29
18
26
9
27
22
26
23
10
38
25
14
7
5
3
15
14
22
14
12
9
22
6
49
11
21
3
6
17
34
14
12
13
15
11
28
19
19
6
10
10
4
13
24
6
11
12
12
13
30
20
11
57
19
10
7
9
15
10
38
50
20
13
5
24
21
3
26
11
24
19
25
27
11
10
15
9
14
15
7
6
11
17
15
14
49
24
39
10
14
26
5
19
16
6
31
64
32
16
31
25
3
13
14
9
32
11
37
12
11
23
15
9
27
8
19
24
11
38
9
22
16
6
17
15
13
20
8
24
22
33
17
16
14
17
9
35
15
12
14
6
10
22
42
25
28
6
136
5
10
30
45
9
18
35
15
13
23
12
10
9
20
8
30
21
15
11
21
20
6
65
25
5
61
44
10
14
18
34
10
15
53
25
22
19
20
21
18
14
12
45
33
12
12
43
19
11
23
21
15
8
22
41
29
27
14
33
10
20
11
15
14
5
35
36
14
29
14
37
14
28
10
10
12
23
16
12
19
16
5
50
7
5
30
7
8
27
9
15
14
31
9
28
26
29
52
13
5
11
24
20
37
8
25
12
11
30
17
28