8
99
22
10
19
9
21
27
38
29
19
18
14
56
35
21
58
20
21
19
30
29
11
51
27
7
43
15
30
22
22
30
7
44
7
6
15
7
8
25
14
8
24
18
6
10
16
36
15
5
35
36
18
12
10
27
29
16
7
25
22
6
46
28
19
7
22
3
28
40
32
25
14
24
7
69
37
22
12
14
15
26
27
33
6
48
10
26
31
9
16
5
21
46
26
16
55
15
29
45
6
45
8
12
7
40
24
29
8
23
17
14
36
38
50
29
23
16
47
13
66
102
47
20
26
11
17
42
5
4
18
10
35
7
5
5
46
6
9
15
8
6
7
7
16
20
47
25
36
26
10
28
14
30
29
37
17
17
20
14
37
88
26
40
11
65
55
3
15
69
8
23
5
17
20
26
8
8
14
61
63
23
7
16
3
60
16
6
4
35
29
45
15
21
19
26
33
24
13
7
17
71
24
29
19
37
19
26
17
18
30
18
23
20
43
16
43
31
16
7
18
67
17
5
21
16
9
26
11
17
55
31
35
13
56
30
25
21
27
17
20
3
20
58
31
18
13
10
51
25
20
15
41
7
16
21
28
53
28
18
43
31
44
14
8
13
62
9
47
13
19
39
4
16
14
19
7
12
47
41
27
32
26
109
34
14
29
6
4
29
32
19
13
20
18
15
33
39
16
9
45
20
21
20
34
8
33
30
11
19
24
18
85
10
28
19
47
25
42
35
27
21
23
31
11
5
59
10
24
41
8
32
17
19
65
5
22
23
8
20
41
19
6
42
29
15
95
22
57
22
37
9
38
11
4
59
117
15
43
6
9
22
56
9
35
15
39
12
107
21
34
17
27
54
24
5
12
11
17
10
41
39
10
26
25
15
41
9
34
33
13
13
6
31
9
22
28
17
8
18
16
34
17
40
31
28
19
37
40
25
22
3
28
42
21
13
10
17
18
15
16
14
24
12
26
56
5
15
21
59
19
32
30
15
22
33
41
20
11
36
106
29
46
18
9
34
18
43
31
16
16
21
3
50
19
15
6
19
20
19
10
10
5
47
12
8
14
19
28
15
5
22
4
19
8
12
43
16
35
29
14
15
32
20
24
14
57
29
29
45
76
11
40
24
19
62
11
16
13
16
11
14
18
12
14
25
24
61
10
20
37
37
32
5
23
7
19
40
34
38
12
46
46
12
9
35
24
20
12
34
23
31
16
63
10
4
17
2
50
32
27
24
13
16
9
75
14
65
16
50
23
32
44
36
19
76
37
24
15
55
52
21
26
27
45
41
17
29
15
13
8
13
61
27
4
21
18
8
7
11
7
20
55
10
18
47
42
43
25
23
27
25
38
10
17
20
26
24
4
16
22
29
7
17
11
21
28
27
20
74
7
8
18
16
8
11
4
13
15
5
8
19
103
39
11
19
13
21
40
39
29
41
29
15
13
18
14
27
9
11
3
8
7
26
24
19
18
48
24
25
13
20
15
18
14
17
11
10
6
26
18
18
60
56
18
8
11
11
79
26
2
14
13
7
30
23
5
30
55
74
28
22
11
14
7
23
19
18
22
18
29
22
37
20
30
17
19
8
23
21
41
27
27
5
6
46
12
30
19
24
41
44
51
24
13
43
12
5
9
13
20
41
22
15
24
22
60
18
124
31
17
21
8
5
72
37
16
17
15
19
23
60
11
7
1
44
35
4
35
18
4
16
20
35
8
24
6
28
13
40
49
16
22
36
18
15
48
13
44
34
30
13
17
22
21
3
50
7
54
12
41
8
22
11
76
28
73