10
12
13
13
29
10
12
3
18
11
5
22
12
13
44
9
3
11
19
3
12
5
34
23
2
7
29
7
9
14
6
3
12
50
24
26
5
3
17
8
46
44
11
6
31
17
10
10
22
5
9
17
97
13
13
10
11
10
13
27
8
16
65
11
12
7
3
33
12
14
12
7
6
8
21
5
6
15
13
4
25
9
5
9
14
6
35
12
22
22
41
10
9
5
28
6
3
16
26
6
19
13
28
11
6
10
8
11
20
21
18
9
26
9
59
8
4
18
8
20
6
12
6
25
6
11
7
10
15
4
9
12
24
4
44
20
8
12
9
13
19
17
15
6
17
9
25
38
31
6
54
14
7
7
5
60
10
9
21
8
9
17
7
10
7
5
23
7
35
14
4
10
4
8
33
6
20
12
6
5
9
16
8
28
3
5
2
21
39
5
69
7
7
11
5
7
12
25
26
15
25
15
34
6
33
22
28
8
16
20
16
7
13
19
21
77
15
9
24
10
8
15
11
37
13
7
35
12
30
9
8
13
9
5
11
13
9
22
32
26
18
21
16
20
15
24
17
8
11
5
10
26
5
7
43
47
11
20
25
13
58
3