9
18
8
38
3
12
49
39
9
15
25
3
14
8
19
5
14
6
26
3
48
49
12
8
11
3
19
60
40
6
9
5
17
5
66
17
2
4
2
42
20
25
17
4
10
5
12
10
19
9
19
5
5
76
19
10
8
18
15
10
8
116
9
13
11
3
20
11
3
16
96
37
7
9
17
21
11
11
14
7
3
7
321
15
9
4
16
23
9
3
20
11
17
39
2
8
7
4
17
10
24
146
8
18
4
11
30
15
68
7
17
10
17
15
30
12
30
26
35
10
12
52
10
24
5
43
13
5
11
14
8
47
14
42
2
13
21
35
14
3
39
48
11
38
10
1
63
10
60
7
8
3
19
7
2
2
8
15
50
5
3
11
5
8
5
15
30
5
96
7
5
20
12
21
3
30
10
9
12
14
31
68
7
7
5
10
17
9
14
7
7
4
7
5
6
9
7
4
5
22
4
35
17
10
13
30
12
8
6
6
86
22
77
18
8
100
11
11
22
39
6
26
19
9
15
14
6
55
7
39
15
3
13
21
47
13
19
10
3
20
19
6
10
17
12
27
21
21
20
17
85
14
26
34
6
3
15
52
22
2
109
6
14
9
11
3
11
3
4
35
21
16
32
10
4
14
19
3
9
18
55
6
4
10
41
60
4
21
45
17
3
30
8
10
6
4
2
19
8
30
15
48
11
28
38
4
13
25
12
20
142
21
7
8
6
52
11
24
5
5
14
4
7
42
24
13
7
8
10
34
19
9
6
5
31
5
71
47
12
23
20
14
3
17
41
20
15
26
5
8
8
19
12
38
21
3
5
13
8
19
16
25
6
2
12
4
23
31
7
17
3
7
20
11
2
5
25
3
43
5
4
13
9
7
9
11
6
16
15
26
10
24
7
4
3
2
6
4
10
17
16
28
8
5
51
19
7
13
16
10
5
7
7
10
16
90
12
28
29
12
2
25
10
17
36
4
7
19
5
19
10
22
4
23
5
4
6
9
7
5
12
4
6
29
19
13
10
7
5
4
270
56
4
33
4