7
19
18
6
14
3
5
6
10
9
27
8
8
23
7
26
5
7
10
8
6
16
4
25
11
28
14
3
21
17
2
3
19
14
4
10
2
3
5
53
55
29
73
12
17
43
21
37
14
9
6
37
10
13
6
19
7
26
10
7
14
11
6
7
14
4
13
12
24
42
45
34
9
11
6
25
22
20
5
11
18
4
25
14
4
3
19
11
14
6
12
11
7
4
16
3
4
23
12
11
7
17
9
7
2
16
21
27
22
6
14
5
11
11
18
18
4
6
5
12
17
13
28
12
15
20
75
15
36
4
10
21
18
17
7
35
14
8
3
4
15
102
11
15
26
28
8
8
6
49
25
10
10
5
23
14
21
26
9
62
23
49
10
18
23
7
13
58
6
3
58
11
17
12
33
29
12
44
19
11
3
7
3
9
17
9
10
27
8
9
28
22
6
26
13
22
5
7
14
23
52
16
5
15
13
42
36
28
53
22
29
11
5
19
15
8
15
12
45
10
24
10
6
15
12
7
18
28
35
14
10
17
29
28
23
18
7
53
10
55
6
23
20
10
12
15
24
6
13
13
5
6
9
19
7
25
18
4
23
3
24
13
34
19
9
14
22
9
16
37
3
6
33
28
25
15
3
46
16
9
21
6
19
10
7
9
24
12
14
9
8
14
60
6
26
11
8
19
18
5
19
31
6
17
60
14
5
6
7
48
45
9
35
8
14
27
10
8
20
19
14
8
15
28
62
8
18
5
11
32
27
6
6
6
17
11
9
20
20
39
14
36
17
8
7
6
7
9
30
73
8
3
14
9
2
16
52
14
26
10
7
7
12
6
19
20
18
21
8
34
15
15
40
4
14
11
16
7
14
9
7
18
30
25
21
13
10
8
7
7
7
6
45
42
17
16
69
5
27
7
2
16
12
37
6
5
19
6
12
22
19
29
24
7
14
14
48
7
9
41
17
9
10
15
13
18
26
35
7
18
80
7
3
23
5
5
18
13
12
11
7
43
9
31
6
16
23
7
6
20
7
31
25
19
5
10
15
17
8
10
10
6
12
43
17
26
14
39
6
23
3
15
12
25
45
12
10
39
50
5
5
12
46
6
55
6
18
8
19
14
11
7
36
3
5
19
9
5
17
6
23
10
40
30
17
49
3
22
23
21
7
7
8
14
30
10
17
14
6
69
21
34
14
33
8
67
10
20
5
9
10
11
6
16
32
15
34
26
15
36
6
13
18
10
14
11
36
28
13
11
19
26
22
30
6
13
16
6
11
35
5
23
13
8
5
15
17
7
12
8
13
14
7
23
10
9
42
10
6
10
12
10
2
4
11
12
26
11
18
14
29
8
13
3
7
21
9
11
6
29
6
33
30
31
39
24
19
7
2
24
8
7
3
10
2
36
9
33
4
6
15
7
6
27
18
6
10
18
17
20
12
8
44
26
38
16
6
32
47
10
18
12
8
6
27
18
23
3
15
13
25
24
7
22
9
17
18
27
16
4
14
16
32
12
13
4
11
33
14
7
11
7
36
6
32
6
10
16
11
46
31
12
33
4
29
8
14
9
16
6
10
55
30
20
6
63
26
18
11
2
13
16
6
23
8
15
14
9
9
6
8
22
9
6
19
26
19
2
24
12
9
15
4
5
12
14
7
10
2
7
1
26
20
6
11
48
18
48
12
48
9
15
7
29
18
36
7
33
17
4
9
39
7
7
10
38
16
18
7
5
4
10
20
15
15
11
5
15
4
37
11
8
17
14
14
41
14
32
42
29
47
12
8
26
18
8
22
12
12
9
45
9
63
69
13
72
21
9
10
27
6
9
13
11
6
6
7
29
28
17
11
5
14
15
21
29
19
57
9
6
38
5
24
8
24
6
23
16
15
11
26
17
9
12
10
13
2
26
9
25
57
21
22
4
18
16
7
10
26
59
2
37
14
5
26
10
43
6
21
18
14
6
24
24
29
19
19
13
12
3
9
14
74
29
5
19
8
8
7
6
33
21
14
35
21
11
17
5
8
9
16
22
118
37
3
23
14
5
5
7
17
4
14
5
3
5
5
77
20
35
17
10
17
13
3
21
12
81
6
6
33
19
6
9
24
17
5
14
20
38
26
41
33
30
94
4
24
22
27
11
10
12
35
6
8
22
4
12
6
7
20
9
18
16
10
8
107
13
9
11
24
5
7
9
23
14
12
11
15
68
20
10
9
21
9
10
45
30
17
7
6
10
20
30
13
26
6
23
9
12
11
8
22
9
14
8
5
20
13
15
16
10
4
10
15
5
19
6
11
26
6
4
7
9
11
29
8
15
29
15
9
27
13
2
16
9
6
119
9
27
22
15
8
29
21
4
13
9
25
15
18
7
27
6
27
6
9
6
9
36
23
26
7
54
22
6
55
5
20
4
8
7
25
9
6
21
7
19
9
39
3
6
13
10
21
12
44
21
70
4
21
10
10
7
16
14
12
12
8
2
17
5
22
23
19
5
20
52
2
42
33
94
11
9
9
32
40
23
19
69
9
20
7
12
9
5
3
15
172
11
8
5
9
14
14
21
5
4
9
18
13
19
7
57
15
41
44
16
19
20
26
7
47
43
40
6
74
11
7
18
13
4
16
47
13
7
39
11
8
20
4
15
14
15
21
7
14
18
4
14
16
8
17
25
30
12
8
4
12
61
6
23
14
6
4
34
20
14
5
34
28
8
8
9
11
43
26
9
34
4
9
5
4
10
41
5
24
9
7
18
24
13
10
12
7
5
20
22
15
24
8
8
10
10
8
4
16
9
25
12
8
14
31
43
14
29
9
9
8
32
6
50
67
21
13
31
7
14
4
17
54
39
13
29
13
10
10
9
13
11
6
7
7
8
46
9
10
12
6
110
21
45
4
13
30
7
7
37
17
11
15
15
66
5
10
35
18
26
6
8
8
52
11
13
8
7
15
15
15
11
24
11
14
5
17
6
24
8
16
21
7
7
5
69
16
13
14
20
43
8
24
18
9
21
16
13
13
22
4
11
5
7
12
28
8
20
13
12
10
15
7
10
19
18
7
20
11
13
17
17
5
13
5
15
26
4
5
4
41
57
18
26
32
8
17
2
24
5
19
24
43
40
5
57
14
6
4
10
30
31
13
20
11
6
9
11
5
22
23
8
19
30
3
17
11
19
8
80
6
7
5
5
3
11
6
10
5
17
20
32
2
14
16
25
20
11
9
46
8
28
5
5
7
21
50
5
13
47
5
11
6
10
31
3
7
6
7
17
4
5
7
49
7
14
4
8
13
4
9
8
7
27
11
5
6
10
51
15
8
8
33
32
10
14
20
7
14
38
20
3
13
8
10
9
48
27
7
61
20
7
10
15
10
20
8
17
3
33
6
12
8
7
16
17
28
19
6
23
15
5
10
13
8
49
24
4
8
29
51
15
24
33
13
4
16
12
4
17
15
10
19
8
37
17
9
32
15
11
6
31
36
28
34
6
83
29
19
12
23
19
14
14
7
5
28
12
6
48
8
19
7
18
44
5
24
8
18
18
47
19
4
18
4
32
12
43
11
62
29
28
5
17
6
14
5
35
27
27
15
8
11
35
6
11
18
8
88
11
5
13
5
11
15
62
32
34
7
6
3
19
24
12
62
19
43
9
33
20
26
4
7
11
11
19
8
24
18
26
13
8
15
13
12
14
35
5
14
4
27
17
33
23
12
8
16
19
11
9
12
15
17
7
46
14
8
14
26
10
25
13
55
9
12
17
12
12
5
16
6
10
15
17
37
7
9
12
7
10
13
26
8
3
13
19
25
4
4
21
24
38
11
26
10
20
9
5
12
56
6
11
31
14
8
16
12
5
6
10
24
44
28
35
22
6
66
6
15
10
23
13
24
12
16
46
27
32
12
21
10
8
7
8
7
6
18
16
11
5
23
30
28
24
9
40
12
13
3
16
16
13
20
15
19
25
4
17
5
12
4
55
7
6
23
4
4
38
18
13
7
30
8
10
6
6
10
15
19
20
30
11
9
11
22
17
13
4
23
8
57
21
75
31
8
13
8
41
56
11
15
14
8
6
9
23
12
17
14
11
20
60
24
20
76
10
21
35
26
25
18
6
18
22
16
33
64
12
15
13
23
9
8
21
4
28
9
17
17
14
29
11
3
23
4
17