15
10
12
15
8
3
6
5
18
6
6
25
3
15
26
8
15
10
8
19
11
10
9
17
26
7
3
10
8
5
2
10
9
50
26
10
4
3
57
18
43
7
15
19
11
9
10
6
23
212
7
27
15
8
5
34
13
11
8
6
9
11
10
9
8
11
19
4
20
13
9
16
11
24
16
8
16
21
13
4
9
14
5
19
21
30
22
5
11
12
12
13
11
8
5
10
48
8
20
53
10
10
5
12
5
26
8
12
6
7
7
8
8
4
19
7
13
7
33
9
24
46
11
4
4
10
106
3
16
10
13
47
33
56
7
18
5
7
46
3
39
29
10
20
24
16
18
7
62
4
7
4
21
12
16
88
5
33
17
3
32
19
5
20
16
3
15
15
5
12
8
1
27
33
32
45
9
3
19
25
9
16
13
18
15
7
9
40
25
49
10
59
15
2
7
4
18