38
17
50
9
14
61
8
27
23
53
10
25
14
6
62
3
14
12
42
40
64
11
8
23
12
15
22
21
14
9
33
20
25
13
10
30
74
82
13
17
3
16
6
34
17
16
39
38
24
30
3
9
5
82
56
9
5
21
28
25
15
31
3
11
9
16
34
12
36
37
34
5
14
22
12
47
21
10
14
14
48
43
31
27
12
14
24
18
14
4
29
30
44
16
20
19
37
20
21
20
17
9
11
26
15
30
14
28
2
4
16
31
7
10
43
13
23
63
20
41
16
29
43
10
5
21
24
6
21
25
49
28
8
80
90
13
33
42
23
11
20
17
15
11
24
22
11
7
39
31
34
5
5
12
31
10
18
34
11
9
22
12
71
16
17
3
77
20
10
25
64
39
22
36
15
44
17
6
24
16
21
30
24
61
7
8
4
21
43
54
18
44
13
8
13
55
12
64
4
10
58
41
36
7
8
22
15
11
4
18
6
13
9
73
20
18
24
7
28
15
9
12
70
30
12
31
10
42
30
12
27
23
4
22
40
32
5
19
30
14
30
43
34
41
25
28
29
44
3
29
8
33
11
18
9
8
39
97
47
101
11
26
23
15
13
6
31
3
8
20
47
14
36
70
11
11
52
74
24
56
11
10
23
14
2
17
37
21
15
15
9
8
46
21
20
36
3
23
31
15
61
15
32
26
2
59
14
13
12
23
28
39
17
37
33
18
17
3
7
13
21
29
29
20
40
9
22
11
9
14
9
25
13
17
20
32
11
31
23
57
13
51
14
16
49
18
32
14
15
32
15
16
12
45
11
117
16
55
19
65
9
8
5
16
16
8
14
60
50
15
11
19
16
9
99
24
4
12
20
19
40
26
15
33
14
11
18
42
41
45
12
23
17
45
22
18
23
20
34
23
31
14
9
10
79
30
26
12
31
23
76
12
28
33
13
18
48
23
19
5
29
12
13
30
10
19
31
13
9
9
21
6
23
28
70
11
10
42
39
26
43
27
21
4
6
9
25
28
48
14
11
8
6
5
36
30
6
14
9
20
16
19
79
24
36
33
26
5
55
35
19
27
36
6
21
14
23
10
13
29
68
6
22
20
26
14
26
43
29
17
20
47
9
19
66
19
14
15
23
36
38
2
22
13
22
30
73
36
11
16
14
13
22
24
8
23
26
26
19
35
20
33
8
28
49
15
25
22
21
32
8
31
29
30
42
45
5
27
20
18
18
24
22
66
19
19
21
6
85
24
18
30
55
22
51
32
15
26
30
4
52
16
27
24
8
27
34
17
15
19
9
25
16
7
13
8
35
7
33
113
38
9
9
61
8
18
8
8
38
9
5
10
14
7
37
9
5
8
9
7
9
6
5
39
6
19
26
27
60
8
24
10
20
63
12
36
27
19
20
37
7
18
12
20
17
66
8
4
34
30
27
39
5
5
16
10
15
50
34
39
8
42
10
23
30
19
13
22
72
29
15
20
11
44
19
22
9
16
17
37
11
23
27
55
16
3
39
27
48
10
58
12
7
5
25
8
46
144
23
11
9
21
53
35
20
17
11
31
7
13
8
24
46
35
14
34
33
21
20
6
11
7
12
48
17
50
11
13
11
27
15
9
8
42
13
7
16
8
6
4
20
61
18
25
17
16
28
13
10
21
32
11
51
21
11
22
16
29
21
17
24
26
23
26
54
21
37
5
16
46
9
49
19
12
12
21
9
22
38
25
6
14
8
28
39
20
3
23
18
33
3
35
9
22
8
3
18
14
13
27
40
21
23
5
22
36
28
26
12
31
18
13
11
5
16
4
24
26
17
11
15
12
27
26
5
5
66
24
8
8
40
13
9
17
23
9
34
18
4
12
18
8
75
11
30
37
10
29
42
3
7
15
25
7
22
29
21
11
7
28
3
18
14
39
62
12
61
39
9
19
35
22
44
50
30
16
8
21
64
27
20
21
18
42
31
17
18
21
6
8
20
54
7
16
19
8
22
27
18
17
16
10
36
9
18
9
10
14
13
86
3
112
26
11
28
14
21
17
15
53
40
21
60
8
6
15
23
11
26
17
18
44
23
23
44
9
6
26
37
10
15
6
15
11
18
20
17
8
44
57
31
37
16
8
53
19
44
42
25
28
15
26
23
23
34
21
17
50
15
10
4
12
12
67
13
15
81
17
27
44
5
11
25
13
12
14
9
69
81
117
10
60
16
12
26
20
79
25
11
31
10
55
27
23
13
31
14
23
17
9
34
15
6
20
6
11
28
16
8
43
6
54
11
18
31
12
98
31
10
12
45
2
41
50
34
21
8
29
73
14
28
126
8
23
23
22
15
3
14
12
64
22
30
63
22
28
22
10
16
22
16
11
18
20
35
18
12
9
13
50
10
5
22
55
16
57
13
17
22
13
12
68
32
5
62
45
16
24
26
11
24
21
94
30
17
27
28
14
9
41
1
7
32
49
35
14
31
7
17
10
38
12
21
8
7
26
15
6
36
18
27
7
19
17
16
12
11
38
79
20
29
14
40
24
11
27
20
21
19
30
7
18
16
11
15
26
13
20
19
4
14
16
12
58
34
12
30
8
30
10
54
37
46
41
58
17
34
8
14
12
15
26
32
8
12
15
17
14
27
78
24
13
8
34
18
270
55
11
29
10
18
36
40
16
40
28
11
10
15
43
35
11
8
3
14
15
26
52
5
13
7
21
16
26
7
49
18
30
28
11
25
14
23
25
5
61
49
19
30
17
8
50
19
35
5
24
23
22
57
7
116
93
16
14
15
43
27
22
68
21
8
37
23
26
22
30
17
8
30
16
24
10
10
18
27
33
19
11
8
17
21
19
19
7
13
18
25
22
11
16
36
10
43
24
24
46
16
25
38
26
12
42
18
9
15
50
6
4
8
13
15
45
16
12
31
11
14
24
6
4
20
18
27
15
18
21
7
10
69
22
13
32
9
17
58
35
15
19
18
12
13
8
3
20
15
40
45
19
8
7
6
8
57
20
9
157
17
5
40
77
32
15
23
22
10
8
22
27
22
25
21
36
35
17
12
16
13
41
41
13
14
6
55
24
20
27
9
39
15
60
21
9
20
25
60
8
49
14
6
18
17
18
19
4
35
4
11
33
14
10
15
21
21
29
35
12
41
30
55
19
36
17
33
32
20
18
62
36
15
16
10
9
29
30
35
9
58
52
44
34
10
9
47
19
7
34
26
20
20
5
5
257
44
65
9
11
10
10
21
17
18
5
23
40
16
44
33
12
27
11
30
19
9
32
31
17
3
17
13
7
36
7
33
14
29
16
12
7
28
25
55
49
45
36
8
17
7
3
8
19
13
2
207
5
16
23
18
11
24
18
23
4
60
29
24
13
18
11
66
44
16
14
20
21
5
25
19
7
18
11
23
81
38
10
42
14
3
20
16
5
28
18
51
3
8
37
20
13
10
13
13
31
28
43
39
34
8
117
28
21
49
11
46
6
7
17
32
17
20
4
31
27
32
21
50
34
19
14
10
35
40
17
22
9
22
33
9
8
32
9
10
94
10
55
7
89
30
39
9
36
39
9
5
20
34
24
11
23
28
8