21
18
20
9
17
20
20
12
18
22
26
80
23
68
15
24
3
23
6
46
10
14
11
11
33
6
40
6
16
37
27
55
17
21
7
5
17
29
47
13
3
23
53
7
8
9
8
1
41
13
12
11
10
37
34
21
11
11
11
11
8
31
36
4
17
8
14
5
21
17
40
26
39
35
31
16
12
46
67
15
52
27
32
37
5
35
36
37
10
40
10
28
44
19
85
14
42
39
44
29
6
33
9
34
60
51
26
39
24
14
24
14
28
10
6
80
16
22
59
34
25
11
22
7
15
30
11
24
17
27
34
51
18
56
30
29
9
4
19
19
4
22
23
12
30
18
18
59
39
24
23
33
20
47
46
31
11
21
19
12
39
26
4
11
6
12
49
8
25
22
11
34
33
10
20
8
61
58
6
33
4
39
15
35
14
31
36
22
16
15
16
6
14
13
16
4
33
57
33
25
39
5