20
9
29
79
21
15
7
35
24
28
36
39
7
14
46
26
31
5
43
18
10
10
11
24
50
7
24
16
14
11
56
9
58
10
5
11
4
26
3
14
54
16
36
9
36
42
12
34
21
9
10
35
7
3
16
23
30
15
50
31
20
21
56
68
24
37
38
12
43
6
16
9
5
30
3
4
45
42
50
58
4
14
7
21
5
14
10
41
19
80
64
28
7
12
24
20
17
25
13
21
64
4
12
9
38
10
39
41
39
7
79
9
8
15
24
80
31
24
13
7
70
27
27
6
10
9
24
6
85
14
17
54
3
9
23
6
18
27
7
9
41
8
52
18
28
59
13
16
5
34
13
15
50
33
7
16
7
8
97
14
15
59
49
8
24
6
28
14
14
9
17
16
31
38
5
9
10
21
6
22
29
28
25
14
21
43
16
69
11
25
35
46
13
21
12
13
22
15
9
11
8
25
19
18
19
17
55
29
34
27
10
49
20
23
29
12
8
37
11
67
28
32
13
7
19
73
12
25
46
10
23
17
24
7
60
18
9
35
21
6
29
57
18
21
17
5
9
10
14
31
36
12
68
36
17
21
37
6
8
39
7
6
35
37
33
26
42
19
7
19
53
27
29
11
10
5
17
7
11
12
5
8
6
24
19
15
23
31
25
59
20
22
21
6
18
15
32
66
18
9
25
37
34
15
17
22
4
12
76
6
13
11
20
21
9
36
9
47
9
9
26
35
6
5
7
24
14
9
16
11
11
2
19
24
22
40
24
17
56
43
12
9
6
28
29
5
12
24
76
19
8
35
20
51
8
71
16
19
13
13
6
7
9
28
30
66
40
36
16
6
23
22
60
8
21
28
20
8
22
43
22
6
11
33
23
81
17
80
48
8
6
21
37
16
26
92
20
12
17
10
11
5
27
36
7
6
12
9
17
18
43
31
8
58
28
13
71
11
12
47
6
29
17
9
37
26
51
18
20
19
71
29
21
9
23
40
25
13
6
74
34
28
20
16
16
21
5
49
23
12
42
31
10
32
18
41
5
37
35
7
52
10
53
12
13
5
32
17
9
28
32
15
30
16
14
23
20