10
8
5
14
9
12
76
8
18
11
14
12
5
7
9
7
4
8
15
17
9
44
11
30
3
16
11
22
6
8
3
13
32
7
15
22
3
12
18
13
21
22
4
17
14
14
9
6
10
30
9
27
16
3
5
3
4
4
11
27
16
11
10
18
10
10
49
6
3
11
12
11
16
6
6
7
8
7
22
91
5
8
11
5
4
15
9
14
4
5
15
18
15
26
10
4
28
18
23
8
54
28
13
14
21
16
67
53
4
20
17
17
27
10
9
54
16
33
14
20
21
16
11
16
46
7
61
10
49
8
45
9
29
60
6
11
4
16
22
23
10
23
14
21
9
20
4
16
10
24
9
8
10
10
38
19
7
8
7
3
9
3
16
8
23
34
3
11
12
20
29
4
19
8
66
12
23
6
3
9
27
8
10
27
6
26
18
7
156
5
15
25
45
97
5
17
6
13
9
22
25
14
4
17
11
9
12
22
4
4
8
12
22
35
15
12
15
9
20
25
51
46
50
5
26
2
23
31
8