38
26
94
18
4
10
19
26
6
6
8
21
13
12
20
5
16
23
10
11
23
19
9
10
10
12
8
20
7
4
40
13
10
10
10
10
15
17
6
23
18
26
3
7
30
2
19
10
42
199
16
14
16
12
3
5
15
18
8
65
7
12
15
37
8
12
11
43
29
5
7
56
9
3
10
25
20
16
23
11
4
13
6
10
4
8
13
14
12
19
32
9
35
7
6
14
7
6
7
20
3
13
4
5
12
18
4
21
25
5
9
13
8
34
6
27
8
3
3
7
16
12
14
13
9
16
21
23
106
6
30
10
11
12
15
19
25
17
18
31
7
30
24
85
22
6
6
12
21
13
17
10
25
10
10
15
7
15
31
6
7
18
9
8
11
4
7
12
10
25
9
9
124
19
19
17
16
16
6
33
11
7
2
4
6
14
18
9
5
7
13
84
9
4
20
4
3
18
16
5
22
35
32
20
9
13
13
14
5
15
6
6
37
10
15
48
67
13
12
5
18
15
20
6
62
5
25
4
17
12
21
5
19
21
17
17
8
3
13
9
24
69
3
18
8
14
5
4
15
21
14
7
4
4
14
50
11
46
8
11
5
27
7
27
6
7
5
9
6
12
9
11
7
12
14
8
80
18
86
21
11
6
46
26
30
4
36
20
14
59
20
6
13
5
6
8
12
7
10
17
19
73
23
12
2
11
7
22
7
4
15
4
15
29
16
13
7
5
9
19
8
14
5
24
22
12
17
258
9
19
26
7
9
22
9
65
23
38
5
13
5
5
10
13
9
2
26
18
3
14
23
7
7
22
10
7
60
28
8
16
34
46
8
19
12
54
12
9
25
11
31
32
6
12
14
38
4
33
19
48
15
12
9
4
10
21
13
8
12
4
21
51
67
16
19
33
8
6
18
13
5
10
45
5
6
19
19
30
6
19
27
15
4
8
5
14
52
16
7
51
20
19
20
12
5
28
10
3
16
13
6
21
12
16
17
28
7
11
27
11
35
17
14
11
14
9
7
19
11
23
21
8
4
17
5
5
9
16
7
17
20
41
14
3
5
11
18
9
15
5
36
39
11
17
28
10
22
36
23
3
8
13
8
19
22
14
10
9
3
18
14
140
9
8
16
9
29
7
6
8
15
11
10
23
9
10
9
9
15
7
5
12
11
32
26
7
7
7
7
25
12
7
53
3
11
26
28
33
27
16
7
24
11
13
22
7
14
6
7
10
15
75
8
62
16
17
6
14
8
8
93
3
3
17
32
4
12
13
76
15
15
15
10
15
3
19
34
13
19
9
17
5
21
12
6
11
23
24
22
28
17
16
9
6
19
18
6
10
13
19
6
28
28
12
16
7
30
11
24
11
7
7
31
9
140
5
20
39
36
4
19
20
10
9
8
24
4
12
11
9
15
12
10
9
5
8
65
11
4
11
16
9
6
4
28
12
22
97
20
15
6
10
46
3
28
3
10
15
11
25
5
7
16
82
33
21
38
7
5
7
28
18
26
11
31
4
14
5
8
5
8
36
24
25
10
3
19
29
7
12
16
7
3
24
27
21
8
3
12
4
7
4
9
9
28
12
19
6
10
6
57
9
16
23
20
18
9
8
43
3
35
20
31
7
33
7
42
15
8
7
9
38
11
15
15
14
6
18
17
11
25
4
9
39
12
12
16
9
36
14
5
7
7
13
7
29
10
18
19
26
12
17
5
11
3
4
4
15
6
27
4
8
25
24
14
12
3
4
6
10
34
9
4
65
9
9
13
16
34
12
13
11
16
12
10
9
11
17
4
10
5
11
13
13
69
11
26
12
5
4
11
17
15
20
6
15
9
9
20
3
6
12
57
13
3
22
6
21
4
6
23
10
5
44
5
18
71
25
21
15
10
5
8
47
9
6
12
13
6
8
7
5
18
13
13
9
9
3
10
13
30
17
36
14
5
32
14
10
19
6
26
12
10
82
5
3
8
9
7
11
8
4
9
70
14
8
13
14
7
52
42
19
8
6
14
22
14
13
3
5
16
19
21
8
21
8
64
7
7
11
3
6
8
6
29
42
2
17
5
8
8
19
24
8
7
73
18
7
24
4
9
10
64
10
7
33
18
11
10
10
4
5
7
16
7
9
19
7
86
12
8
2
91
6
11
10
6
10
23
31
17
10
34
7
16
7
23
10
12
11
2
16
6
9
34
34
12
16
10
16
13
12
9
23
14
21
33
35
14
4
18
5
4
4
27
6
16
15
5
37
11
24
18
25
4
14
8
46
17
69
7
10
35
6
4
7
10
17
21
14
10
29
23
15
12
8
67
8
5
15
8
20
16
11
6
21
4
14
38
10
10
21
42
6
10
9
18
12
36
14
166
11
5
5
27
98
6
11
47
7
7
15
15
44
10
8
13
26
9
9
27
29
17
7
34
17
9
24
5
20
3
7
10
30
35
9
87
12
12
29
16
13
51
8
10
6
6
13
4
15
7
52
5
5
11
20
6
3
7
8
13
27
15
13
23
23
14
5
73
8
4
17
8
7
25
6
8
8
22
5
5
22
12
10
4
38
7
5
29
45
15
13
60
13
5
8
9
4
33
15
3
8
34
8
8
22
8
15
2
6
5
13
30
13
54
27
41
5
8
119
78
9
4
34
5
7
18
15
8
13
12
7
12
6
9
8
28
25
3
8
14
19
8
5
12
16
12
40
4
9
22
15
39
6
8
7
6
41
7
8
13
14
3
6
19
7
9
25
11
31
7
17
11
8
24
2
3
4
54
5
20
9
14
6
12
6
22
15
79
7
18
6
6
48
8
18
21
14
10
19
125
34
8
25
11
8
10
18
28
6
31
9
13
9
3
19
14
43
12
14
13
10
17
8
20
52
51
22
14
11
62
16
10
28
5
9
19
12
3
4
25
11
8
10
9
5
6
24
5
11
6
6
5
31
18
6
86
15
14
15
16
27
13
13
15
13
54
7
5
26
5
4
48
23
26
8
23
22
8
23
4
7
12
20
9
23
13
7
23
8
50
12
16
11
13
5
7
17
16
10
12
8
11
6
17
5
51
14
6
44
38
29
5
12
49
8
6
7
16
9
9
21
17
16
3
5
24
16
5
55
3
14
4
11
46
12
11
13
34
6
2
10
5
34
19
10
12
4
9
26
8
25
25
34
31
5
11
56
10
30
58
8
14
34
12
30
22
11
1
6
12
10
3
22
20
5
2
112
11
9
4
20
11
12
11
7
16
11
6
6
7
12
11
11
5
4
6
8
18
17
76
18
29
8
17
13
4
6
32
11
21
3
11
15
13
7
15
20
4
5
4
12
9
7