14
58
9
16
7
15
10
5
45
14
64
20
16
14
138
8
45
36
21
29
10
53
2
15
73
5
6
34
16
24
5
40
13
11
5
10
21
21
7
8
25
7
23
19
16
34
31
9
33
10
32
45
46
10
17
36
9
18
22
15
8
20
10
3
17
15
10
11
3
13
24
5
18
31
16
16
19
28
9
39
14
8
26
7
4
34
43
10
7
50
30
33
11
18
8
15
9
3
8
13
8
23
16
10
38
22
6
30
16
28
51
13
18
8
16
6
21
11
9
68
15
6
18
6
5
9
38
5
18
19
36
9
16
16
5
13
18
16
3
8
43
45
8
10
12
16
27
12
36
50
34
12
13
14
13
24
14
28
8
25
27
16
8
18
26
10
3
6
24
18
8
3
24
28
40
9
32
7
7
17
14
5
18
8
11
29
8
15
3
4
5
7
7
10
14
15
62
69
13
5
12
15
14
7
10
14
15
7
21
34
37
5
50
11
15
23
8
19
18
7
15
7
12
9
26
13
51
21
11
24
28
26
3
22
8
28
8
31
16
7
36
103
17
3
17
24
29
11
9
27
25
64
19
18
19
7
4
17
22
39
22
10
32
56
8
16
29
6
14
10
56
19
2
8
4
35
20
18
10
21
9
35
6
9
7
9
45
19
33
13
33
18
5
12
36
22
44
25
20
41
9
70
21
8
63
37
5
49
15
10
21
26
15
75
19
4
36
34
5
3
25
5
12
13
38
14
3
11
16
27
14
23
9
48
41
8
35
12
4
12
4
32
24
13
21
21
33
9
36
13
11
8
7
26
9
5
39
21
46
28
18
12
3
21
19
39
12
35
31
17
21
15
48
11
13
68
6
8
4
22
13
9
10
13
19
7
38
44
7
11
26
11
33
23
15
7
13
61
33
13
12
33
13
4
41
44
9
25
10
65
62
20
5
13
7
23
25
8
6
49
35
25
7
15
36
7
21
56
14
15
38
12
11
6
5
2
7
9
63
18
49
8
5
7
40
17
9
15
15
13
24
14
16
19
4
21
117
25
5
77
16
12
2
70
29
23
30
21
13
4
13
19
6
5
18
20
19
6
15
37
36
13
13
24
51
9
24
14
7
10
14
8
19
15
21
24
48
49
35
27
41
11
9
12
10
47
34
33
4
17
21
18
36
14
6
15
5
6
23
19
71
21
3
5
26
26
7
14
13
18
9
33
9
39
30
16
2
12
15
54
5
25
4
17
11
19
4
16
27
46
89
19
7
11
9
3
7
24
20
23
13
15
59
42
4
13
6
11
15
32
12
41
17
8
7
15
14
39
7
10
8
14
34
15
25
20
10
31
16
17
30
10
8
15
9
6
107
5
20
19
8
12
9
8
28
119
25
12
20
27
41
31
16
5
4
15
36
30
12
31
59
17
21
29
11
28
16
21
12
15
6
8
10
15
5
7
5
3
33
17
5
43
17
5
23
4
6
7
17
63
29
9
29
30
48
5
7
20
14
12
31
15
101
27
22
14
12
20
16
35
11
24
90
34
10
6
27
8
3
5
46
16
22
13
28
8
11
64
7
8
22
23
15
27
15
12
9
22
66
21
24
12
9
16
15
25
18
10
27
71
59
50
5
4
9
25
17
20
38
4
14
10
29
10
12
17
5
7
17
7
13
16
37
24
23
60
45
9
12
9
19
12
10
85
17
13
7
25
23
13
11
47
11
4
5
6
20
2
20
56
24
6
8
7
14
14
31
25
22
13
85
17
14
13
22
6
11
18
6
38
14
23
12
13
17
20
46
31
14
18
11
12
44
10
10
4
16
8
9
16
17
7
6
27
16
46
6
15
17
36
9
13
31
27
11
75
11
5
38
8
6
10
24
28
10
20
3
29
14
5
16
3
6
20
24
14
12
22
4
28
9
4
3
28
3
31
24
3
14
4
25
18
29
28
3
19
6
13
13
8
10
22
34
5
266
16
11
16
20
6
28
16
11
8
21
6
2
9
24
8
34
10
23
19
3
21
16
23
41
21
21
7
42
73
5
6
12
8
23
15
14
16
48
4
4
10
48
34
14
10
2
30
14
21
24
24
22
66
70
7
14
26
12
28
80
28
4
6
35
16
65
8
17
25
7
46
6
15
39
33
14
14
91
55
25
15
11
10
10
12
13
120
34
50
20
13
46
15
13
21
24
24
17
19
12
6
45
11
3
7
11
6
14
15
20
27
14
6
8
33
17
18
59
30
5
10
18
41
18
44
28
11
12
3
6
47
11
7
18
17
4
19
23
8
16
12
26
20
14
16
55
22
23
21
9
4
6
9
12
8
17
17
14
20
47
27
51
16
31
22
18
14
36
18
12
55
9
7
22
11
27
31
18
11
11
5
5
40
48
6
33
12
40
5
4
17
35
13
8
9
15
8
12
19
46
18
14
38
40
7
45
21
15
16
11
15
14
16
11
6
25
19
28
11
8
8
29
9
10
64
3
10
14
22
22
13
5
25
22
7
26
12
4
6
25
15
12
13
52
16
5
11
7
33
53
20
29
14
10
7
14
49
92
26
14
8
36
14
8
15
7
12
12
44
5
3
5
7
8
16
12
16
12
5
62
9
30
21
7
6
8
24
30
3
22
8
11
32
6
2
31
14
9
33
29
12
93
19
5
19
17
61
20
17
36
41
25
32
11
4
33
8
25
21
8
8
7
9
29
20
8
41
15
24
10
36
13
33
11
23
4
10
8
6
9
12
9
11
39
7
5
34
16
22
14
6
18
7
35
7
17
49
15
15
17
5
18
10
4
44
25
13
10
26
16
39
15
8
30
25
10
11
10
32
5
10
5
20
24
12
37
8
8
6
29
3
13
19
40
16
8
14
13
16
3
14
13
15
3
34
19
12
34
7
47
13
7
11
10
8
13
13
6
14
38
12
19
3
64
12
23
7
20
14
35
4
6
15
12
34
52
47
6
12
13
4
10
9
26
18
12
10
17
20
23
16
9
40
26
9
14
16
5
31
44
12
69
33
16
22
20
26
16
30
1
41
37
2
5
9
10
52
10
45
37
31
2
12
8
5
5
33
6
100
30
9
14
21
2
2
12
39
42
228
27
10
19
24
6
15
28
13
164
31
10
23
33
15
13
48
22
55
9
27
26
8
26
10
8
38
45
4
72
10
16
11
16
80
19
10
29
36
30
17
28
22
30
15
6
19
36
16
33
8
27
16
11
11
19
12
13
10
9
16
13
18
3
18
9
13
14
4
16
19
12
5
17
12
31
17
6
14
30
10
9
27
11
18
21
3
17
14
22
6
11
5
49
8
10
23
10
19
29
24
8
17
16
23
17
3
20
20
21
14
4
4
18
42
15
5
5
31
65
5
14
12
26
22
38
14
18
20
7
14
19
21
18
26
6
13
7
4
18
20
6
12
17
13
9
23
159
7
3
12
4
15
5
10
8
4
9
4
45
24
8
6
14
7
8
6
9
16
5
27
9
12
6
85
20
10
5
6
36
15
9
17
28
35
7
24
32
11
5
21
110
36
8
9
23
22
17
30
16
4
17
29
42
5
11
8
8
17
3
11
19
14
54
24
10
37
5
7
19
19
14
43
37
5
48
25
20
10
14
23
22
10
23
17
32
15
24
32
70
21
9
6
7
31
7
6
27
10
7
25
46
7
30
6
31
36
21
6
9
10
21
9
9
23
9
16
5
36
30
9
32
74
15
9
10
226
27
9
20
27
59
24
10
33
15
9
23
45
9
20
7
17
4
18
15
10
43
10
8
10
4
9
35
24
63
126
30
3
17
41
14
10
13
65
28
7
13
12
11
3
3
3
18
21
6
42
24
20
47
27
15
32
48
13
4
9
29
28
27
14
25
23
14
15
13
7
21
14
24
23
3
5
16
12
28
15
5
16
9
12
29
8
47
7
12
9
40
3
25
7
14
33
22
27
15
32
6
25
15
35
4
4
53
6
3
12
79
3
10
24
7
9
21
6
13
15
6
8
62
6
43
4
9
48
8
22
7
15
38
22
28
25
7
14
30
5
16
32
12
38
22
14
3
19
11
8
15
18
31
6
10
5
9
15
7
11
5
21
15
5
6
53
2
85
9
28
22
12
38
23
20
14
54
9
20
18
23
11
4
22
12
6
7
12
41
33
9
143
20
28
18
25
9
10
6
16
22
7
8
6
13
20
4
6
10
28
17
36
13
37
28
25
18
16
5
10
41
18
11
11
24
17
55
18
9
42
15
4
16
13
12
20
19
16
4
9
48
32
2
71
10
5
14
11
18
9
39
23
7
37
19
6
54
11
8
3
36
11
5
26
26
19
13
11
39
12
19
29
16
7
15
8
9
7
4
11
13
42
20
57
16
20
5
5
20
67
4
121
11
9
80
15
20
27
14
21
17
6
17
8
15
3
5
5
17
8
7
15
25
9
38
6
7
14
11
4
39
32
10
12
30
9
35
4
27
32
22
9
24
9
11
5
60
56
22
28
17
4
14
13
12
15
4
26
14
39
9
5
13
9
12
29
29
11
33
15
30
10
17
22
11
29
23
6
11
17
62
6
36
19
3
6
4
16
12
8
30
6
21
6
6
7
9
11
8
8
11
26
79
41
27
5
9
21
31
11
22
47
23
22
22
54
12
46
15
5
13
52
4
7
27
24
38
5
25
31
7
10
7
23
15
10
6
10