7
91
25
27
11
26
19
31
13
56
52
30
40
8
14
23
25
13
9
9
33
9
70
8
10
8
26
11
10
10
19
25
9
25
19
27
19
36
31
15
8
8
30
13
3
57
9
16
36
18
29
14
13
63
10
8
28
36
14
20
6
56
11
14
11
28
20
18
23
17
23
9
8
43
15
22
13
12
14
11
10
19
12
62
25
48
3
4
9
4
60
33
87
12
27
15
22
21
12
77
14
21
19
27
47
14
13
18
11
22
14
23
14
10
26
19
44
25
2
10
12
124
13
36
12
5
27
18
20
7
5
3
10
30
30
11
14
62
22
17
14
8
32
8
50
43
30
13
17
20
33
16
28
11
12
24
9
32
50
14
146
5
14
19
131
17
19
20
29
4
56
21
22
62
92
18
56
19
17
14
17
21
33
30
21
17
42
44
17
59
58
24
27
27
13
72
79
17
14
14
5
15
5
12
37
31
22
44
49
10
82
16
8
13
48
20
8
61
7
43
33
15
25
27
7
27
41
39
14
17
22
7
20
48
31
74
31
7
11
23
22
37
51
20
20
27
30
13
12
12
10
35
28
16
4
61
13
23
30
26
47
35
10
15
6
15
17
68
30
34
47
18
49
33
10
16
39
68
23
10
15
41
20
2
26
8
52
16
23
6
63
11
27
14
4
19
9
24
1
22
12
21
28
124
16
12
7
29
10
10
18
15
69
90
11
39
50
67
47
49
6
16
34
16
41
7
2
14
36
14
4
26
33
6
27
23
4
45