29
8
20
49
5
29
14
12
31
42
25
27
14
13
12
9
8
11
17
3
13
80
26
11
31
12
13
6
19
16
22
18
7
13
6
6
14
24
42
32
64
13
5
26
31
10
6
13
12
4
51
32
8
11
8
37
18
4
5
10
20
3
17
6
14
18
8
20
9
3
4
9
30
15
6
14
8
18
9
8
39
37
7
13
4
19
69
28
21
28
6
18
9
17
6
5
17
20
4
26
7
32
16
3
10
17
18
7
20
5
57
12
11
5
27
9
42
9
7
7
6
16
9
31
37
11
14
41
24
6
3
4
34
85
18
48
18
42
34
5
4
4
8
11
55
15
8
6
22
19
11
71
47
17
19
10
22
17
8
4
24
13
18
4
14
9
16
25
16
19
20
37
38
61
44
18
11
9
60
51
21
22
5
6
20
24
4
22
6
7
4
13
22
32
40
22
27
12
18
6
3
20
31
35
16
32
14
14
5
57
43
57
14
24
4
5
5
20
15
6
6
6
20
26
16
50
7
25
51
11
20
41
16
9
3
13
20
18
17
18
15
29
9
28
7
6
65
11
15
6
5
6
2
13
11
31
27
9
18
12
13
17
5
14
5
9
7
7
6
65
37
13
12
15
10
2
66
19
25
11
16
53
11
14
5
34
9
15
33
20
6
30
3
15
19
11
23
17
21
8
21
23
10
8
4
60
7
14
19
27
83
5
20
5
11
5
12
12
5
30
59
66
28
73
8
10
7
28
12
4
36
8
15
19
28
59
8
5
9
5
7
9
33
23
33
6
11
21
7
21
23
7
7
35
50
9
10
28
17
96
52
38
28
6
82
5
7
42
4
17
76
8
7
4
8
6
12
60
6
28
30
7
19
7
31
7
22
5
17
26
10
29
12
8
46
19
10
19
13
5
9
27
29
4
33
13
8
4
38
29
13
7
11
7
14
12
38
10
35
4
8
6
5
21
18
5
13
112
42
16
8
3
7
11
57
33
86
33
19
5
12
106
9
21
11
38
4
6
36
13
6
17
14
29
10
12
29
31
11
11
28
12
8
9
31
5
13
7
12
4
15
15
4
11
32
4
10
4
36
8
11
47
28
21
2
10
69
7
4
17
7
5
22
7
13
24
54
13
9
101
39
20
29
6
37
12
23
10
7
28
3
34
7
7
19
6
22
15
10
12
21
22
68
18
12
16
22
19
11
58
15
28
19
9
34
7
3
4
28
6
6
4
6
35
5
33
24
15
10
25
25
21
35
6
10
8
9
17
10
14
5
11
14
11
10
25
6
2
30
9
8
11
8
20
17
2
29
18
29
16
9
32
4
31
4
15
15
8
18
6
22
19
11
11
16
68
17
12
60
7
15
4
21
6
10
19
34
9
39
37
16
67
4
30
7
10
20
8
15
37
10
10
26
6
6
3
34
3
26
10
22
10
12
23
21
21
7
65
7
18
8
6
6
12
38
37
46
5
6
16
13
11
5
17
5
30
25
8
13
6
16
8
3
9
3
15
9
6
3
9
12
20
36
26
10
11
6
38
24
5
73
11
13
7
78
45
26
34
11
35
5
18
31
15
13
6
14
7
9
9
13
6
14
13
12
10
64
7
11
4
7
33
8
5
17
19
11
30
17
22
21
10
12
9
2
15
7
9
9
34
6
8
23
23
21
65
53
6
8
5
9
29
7
13
4
13
38
20
27
26
49
27
27
15
13
6
15
3
6
27
6
7
4
23
24
4
8
10
5
32
24
13
12
5
10
7
4
5
22
23
17
3
14
3
18
42
30
25
11
22
32
7
26
44
16
21
9
36
4
9
13
24
6
8
64
12
27
7
32
15
14
36
10
19
10
8
7
27
13
8
31
44
7
23
22
10
23
9
3
10
9
5
31
83
29
18
5
11
54
70
8
32
4
17
24
32
9
7
19
24
24
5
11
8
4
8
4
3
47
14
2
22
12
18
71
24
22
20
3
2
11
5
54
10
38
49
5
34
15
4
12
8
7
79
9
23
5
7
15
12
11
24
9
27
24
89
17
15
14
46
11
26
3
11
4
25
87
73
4
22
8
13
6
34
9
9
6
37
9
11
6
10
20
8
5
13
19
6
6
7
6
13
9
46
9
24
16
28
24
10
5
8
20
34
11
17
29
4
7
25
7
8
14
24
19
14
7
18
45
32
9
7
11
24
15
26
60
4
11
13
31
11
28
7
5
7
13
21
20
15
10
10
13
30
18
15
5
6
10
66
24
24
9
18
12
7
6
75
7
15
6
24
3
7
14
22
10
7
13
15
24
8
6
30
31
26
7
59
17
9
23
5
19
61
33
10
8
7
9
4
12
10
11
34
7
32
11
5
5
21
17
4
25
17
8
15
113
100
5
13
57
2
8
28
9
9
9
27
32
4
61
10
27
10
20
12
12
45
39
21
20
6
5
17
14
31
12
8
18
5
59
8
72
17
4
7
9
49
11
17
35
10
8
23
3
28
13
10
10
22
61
17
20
23
33
12
14
13
7
12
54
12
6
11
10
5
8
20
12
16
11
4
13
8
6
16
4
11
24
4
120
10
31
95
13
26
11
9
13
43
36
12
14
20
23
55
8
6
14
6
47
22
24
101
5
40
18
8
14
73
11
10
4
20
13
26
87
10
43
36
10
13
44
15
12
23
17
12
25
13
34
11
9
34
6
36
7
12
11
9
27
16
7
27
23
18
17
23
3
5
16
6
8
12
9
18
16
4
24
19
6
12
32
25
37
9
19
26
68
10
15
17
23
13
3
15
3
10
10
3
89
74
15
22
4
17
10
20
6
22
6
19
18
7
24
7
4
12
16
10
6
14
34
2
13
79
7
16
6
17
9
13
14
6
12
20
7
15
11
34
9
27
65
8
12
21
62
30
9
5
19
15
54
6
46
18
6
21
4
12
17
8
39
15
25
17
31
8
5
8
4
6
7
28
24
9
16
17
46
5
14
8
5
19
5
11
28
12
8
21
23
18
4
5
21
24
3
7
21
5
20
4
6
10
8
3
10
24
19
2
12
12
50
53
21
10
46
11
30
9
22
15
7
14
38
5
8
26
6
15
13
12
51
36
14
10
17
5
32
21
31
16
8
3
71
15
7
4
34
14
18
14
13
38
7
14
57
9
67
6
5
12
4
8
21
17
12
6
23
15
11
21
26
36
25
5
14
18
46
13
29
6
10
12
7
30
6
13
7
28
13
11
4
10
4
77
14
35
26
14
16
19
8
11
8
5
22
17
14
5
20
66
62
8
186
11
45
10
11
24
2
17
9
2
35
29
3
9
14
19
49
9
113
23
6
5
32
31
27
24
10
19
8
21
25
45
7
5
13
9
15
16
13
9
19
26
31
20
11
18
22
5
2
12
3
21
7
6
10
8
56
16
28
18
12
18
6
3
36
37
14
20
22
10
6
7
11
4
8
16
35
42
6
3
8
45
14
17
5
23
6
60
12
18
32
57
35
14
13
55
25
18
17
10
46