4
59
7
24
5
8
30
12
23
11
33
12
12
2
21
40
38
22
8
7
34
6
7
29
33
7
57
37
7
11
22
11
4
23
9
26
40
10
56
30
10
8
16
23
12
22
11
5
29
3
13
9
23
22
40
10
34
4
10
24
38
21
33
65
11
10
26
16
8
26
9
20
9
7
22
10
4
4
8
6
18
5
20
45
7
8
22
10
76
21
52
15
26
9
13
41
33
18
6
26
22
96
6
26
5
15
14
11
16
4
17
3
59
12
26
6
22
20
41
7
46
11
46
5
85
16
56
8
6
17
13
24
28
72
45
39
14
8
22
21
11
19
7
16
23
42
73
49
28
10
16
42
9
17
20
30
120
16
10
5
4
17
12
17
24
12
17
51
22
5
2
13
21
8
46
31
23
26
8
6
15
12
14
12
11
8
9
6
15
31
15
17
11
33
9
20
24
33
13
5
6
13
20
15
37
21
86
37
10
7
14
31
26
13
28
87
27
54
33
7
5
34
6
17
10
49
28
6
60
18
3
5
10
19
106
18
5
33
10
37
9
20
7
44
74
5
46
125
28
12
5
5
7
70
5
9
23
10
35
17
6
7
5
16
14
62
9
9
13
54
10
30
74
21
24
13
17
23
12
131
45
27
11
15
6
12
21
4
66
7
23
27
18
6
53
30
19
12
6
48
20
10
9
22
20
6
3
5
18
20
8
17
15
41
11
14
37
17
22
59
43
36
12
23
12
112
12
7
14
38
6
14
21
11
26
9
14
11
37
46
19
66
8
17
5
11
10
5
55
12
46
15
11
4
9
26
10
48
25
4
17
9
29
8
16
12
16
6
11
4
33
13
6
9
10
7
22
11
35
28
16
48
9
3
62
23
17
19
17
8
35
9
34
5
8
5
11
12
9
5
5
14
30
8
23
29
22
35
20
12
7
24
6
35
8
5
32
4
59
8
18
15
25
7
8
23
20
17
8
27
8
7
2
18
16
11
12
55
41
57
29
14
12
8
3
3
29
7
9
27
12
5
25
4
24
17
6
20
10
5
13
13
25
72
7
27
19
5
9
17
13
30
11
11
27
21
15
13
15
20
32
4
55
6
13
23
3
13
21
45
42
7
12
19
21
48
22
37
86
34
7
55
31
18
27
83
15
13
11
4
20
19
43
42
37
34
21
28
15
73
5
23
7
28
18
32
16
4
7
17
38
6
25
9
5
31
22
9
7
24
8
29
7
8
14
8
3
37
33
59
10
8
7
20
36
30
32
13
47
5
15
9
18
29
7
14
10
30
6
16
12
32
67
8
16
36
6
22
31
35
9
19
33
8
29
16
27
10
8
23
11
18
13
6
47
6
16
9
41
33
8
9
27
25
14
11
18
43
19
61
10
5
12
6
15
9
15
12
4
153
24
22
9
12
64
36
4
12
9
53
7
12
14
8
28
17
42
4
7
47
7
23
11
13
19
31
21
26
4
18
62
8
10
31
25
7
15
13
56
15
8
24
59
92
16
44
14
16
15
19
94
6
10
29
30
13
13
26
8
33
13
17
26
39
30
37
8
12
18
15
7
11
5
6
26
28
18
33
18
12
6
18
12
34
34
17
3
41
69
21
3
15
17
23
26
86
101
32
17
12
11
6
23
32
54
5
23
23
7
40
6
7
8
45
40
61
20
25
27
7
4
6
21
17
74
11
41
61
14
19
7
11
10
29
36
36
7
45
23
36
16
10
12
19
41
9
24
7
12
23
18
6
46
2
17
18
10
28
18
37
12
31
95
53
19
37
25
39
4
12
44
12
6
59
23
38
36
29
9
7
45
22
24
26
23
22
24
15
17
19
21
21
4
3
10
6
9
26
31
18
29
24
8
10
5
4
31
104
13
13
9
7
77
8
10
12
31
28
43
9
12
22
10
23
24
14
10
6
61
41
9
13
15
6
5
25
15
10
6
5
23
68
18
15
12
21
12
23
13
4
9
24
17
40
12
34
11
12
37
26
47
7
26
5
19
4
9
10
21
16
19
22
8
3
12
9
14
8
61
14
48
15
44
17
4
19
40
9
9
8
19
7
6
10
8
7
64
8
18
7
12
6
43
52
38
21
15
7
89
37
34
12
32
34
2
53
33
41
14
36
15
11
8
10
33
15
8
37
48
15
8
14
5
20
21
15
74
16
36
13
9
106
8
16
6
145
9
6
5
25
23
17
44
36
26
23
8
7
19
21
71
3
25
10
10
39
5
6
18
4
15
5
22
9
39
15
9
32
31
39
39
57
18
15
13
24
31
53
19
6
17
16
109
77
18
30
25
6
17
30
22
27
28
11
8
60
21
34
20
6
24
14
20
9
24
5
36
17
59
9
17
9
7
21
7
30
25
16
22
64
3
29
10
13
5
4
16
10
14
17
66
12
11
16
13
7
39
9
6
21
22
48
42
18
11
12
65
20
7
11
10
14
43
7
21
6
49
17
22
2
8
50
23
6
31
29
34
12
16
16
6
77
9
18
23
27
9
41
10
22
17
15
36
10
4
5
6
27
35
21
10
9
14
31
11
10
9
20
14
8
8
6
8
12
7
6
16
8
9
22
20
25
92
25
13
16
22
12
75
9
16
33
20
17
19
25
20
5
49
3
11
5
24
22
15
3
9
12
40
5
12
15
6
7
7
25
21
32
23
19
24
8
33
23
9
46
9
6
29
27
29
15
14
8
29
39
17
6
49
19
16
22
9
17
6
10
16
9
16
18
12
9
25
11
10
20
43
4
10
19
36
85
15
26
22
7
16
35
26
73
10
28
16
6
12
29
14
3
13
17
49
51
25
8
15
15
4
11
12
54
26
9
7
12
49
22
10
26
5
8
18
5
45
3
18
18
18
9
15
49
65
69
7
18
5
12
45
21
10
31
14
12
11
10
131
25
25
14
3
35
6
21
8
32
6
88
8
22
20
8
28
44
25
17
7
14
15
25
7
7
5
15
7
35
9
35
47
22
16
18
31
28
38
37
2
36
17
5
16
55
23
11
10
12
4
5
2
10
27
20
16
8
16
3
72
33
35
33
33
15
50
39
16
33
46
9
7
73
13
22
16
10
36
11
20
25
10
21
4
11
9
14
19
5
9
20
11
36
74
54
14
36
11
11
23
13
24
10
25
10
45
11
6
32
16
11
20
32
20
39
22
34
88
15
10
5
28
7
5
11
5
11
11
26
12
22
8
5
20
9
20
33
11
6
190
27
12
7
89
5
23
7
7
33
34
11
36
10
109
21
23
5
24
11
57
28
41
16
30
14
45
47
14
36
14
7
8
15
68
5
21
40
72
9
25
9
30
21
29
32
18
11
27
5
15
31
12
24
5
16
8
8
12
37
27
13
45
35
75
28
18
32
29
11
11
11
12
34
42
18
9
37
3
5
11
5
17
44
42
37
23
13
27
56
16
4
7
64
15
17
28
17
7
19
30
17
11
3
31
13
4
26
6
57
30
19
13
82
20
12
19
28
4
28
32
24
11
44
35
22
4
18
15
27
7
26
12
5
10
21
28
30
15
51
12
42
63
18
17
58
17
18
14
88
20
5
13
33
5
11
25
19
7
19
52
20
63
31
16
24
28
7
5
9
68
25
21
10
4
5
26
9
7
12
72
15
13
42
8
4
12
28
7
10
17
14
7
24
24
39
23
21
25
51
45
14
5
15
7
23
6
35
21
8
25
43
19
15
7
35
31
46
9
40
21
24
6
6
10
23
13
11
11
4
13
23
20
37
19
4
6
32
9
7
21
22
33
33
8
5
9
32
6
27
32
15
29
19
18
7
16
18
22
12
12
4
55
39
20
22
8
6
16
20
8
5
68
26
20
23
13
26
16
9
16
23
18
16
27
7
30
5
42
12
29
6
19
23
14
7
26
12
44
14
24
45
15
24
14
5
13
9
38
5
23
13
7
31
10
13
3
27
22
13
4
3
10
51
6
57
5
4
24
10
10
9
33
27
31
21
37
10
29
64
4
22
23
19
5
5
34
4
31
13
22
26
28
2
54
36
9
23
5
26
8
17
5
17
31
17
13
25
36
8
6
3
86
14
5
16
8
24
9
3
13
28
6
20
53
12
25
31
15
20
24
27
21
31
27
42
8
7
9
24
36
19
17
16
16
57
28
8
24
29
13
82
24
15
10
12
32
14
13
13
20
38
39
14
16
15
124
16
15
13
10
13
6
11
27
23
19
3
13
14
18
14
37
29
10
11
45
6
34
6
23
12
21
4
26
95
13
38
25
21
166
51
21
4
7
18
6
20
7
17
35
39
20
8
65
14
16
24
14
14
28
41
7
8
67
10
9
33
31
15
8
80
12
27
21
9
23
16
5
42
15
6
23
13
15
38
34
5
32
22
7
18
11
34
35
4
14
21
33
35
34
7
32
9
6
9
14
7
22
20
9
10
29
24
39
5
22
50
17
14
32
48
28
23
20
14
22
16
53
16
18
42
41
27
13
6
10
17
49
19
22
12
16
7
31
28
6
12
10
21
17
4
9
4
33
11
38
29
65
14
8
28
76
64
11
36
7
12
13
4
6
5
16
9
22
11
15
22
34
20
18
40
35
20
8
20
33
21
18
11
18
30
13
15
8
32
13
43
11
6
41
15
27
11
10
6
36
32
61
4
20
18
21
43
20
7
32
24
17
22
8
14
5
11
23
20
15
11
59
103
11
14
31
55
26
17
6
29
9
12
18
13
12
6
15
7
4
32
10
18
7
14
36
10
26
11
10
27
44
8
38
16
18
321
41
54
22
20
22
40
15
24
19
15
21
3
19
146
15
35
3
28
27
8
17
22
10
43
6
15
6
17
53
17
13
172
10
4
27
9
39
36
9
20
45
8
42
28
94
47
16
9
19
11
43
12
38
28
11
4
20
10
13
28
11
45
13
10
14
22
15
26
36
34
12
23
21
20
54
7
22
13
16
23
15
12
10
12
19
26
27
5
43
21
12
2
9
15
30
55
7
19
7
5
6
2
38
10
13
9
4
4
4
21
16
8
17
7
21
188
41
33
20
21
66
11
7
11
19
51
4
17
14
4
14
17
33
18
20
4
83
11
6
30
20
6
27
20
25
8
8
22
23
13
26
110
10
26
10
60
10
19
30
12
14
10
15
15
8
12
28
7
4
20
58
48
10
35
16
13
4
32
10
24
25
42
21
15
5
24
25
34
20
17
4
14
10
18
13
13
7
22
4
22
20
9
49
17
15
33
26
18
10
31
7
10
55
26
25
27
4
41
56
27
18
7
13
12
5
8
15
16
12
24
16
16
18
17
14
18
5
21
12
57
43
15
10
64
8
9
5
17
12
4
6
35
8
38
32
16
27
8
4
19
13
8
23
26
9
30
10
7
21
46
26
10
24
5
11
53
10
11
5
76
121
4
27
17
23
75
18
24
20
31
20
30
20
10
2
27
29
28
17
70
10
17
44
14
43
10
18
6
31
4
7
3
89
7
13
35
26
6
17
17
16
5
13
4
22
20
3
6
5
20
22
19
15
37
23
10
20
32
12
13
12
58
42
18
5
44
6
15
14
12
12
16
55
50
32
16
10
9
21
21
7
6
29
34
16
10
11
9
6
16
54
47
37
202
13
4
4
16
19
38
18
26
30
10
3
13
36
46
30
16
43
22
23
32
26
12
10
33
26
30
12
4
28
6
50
26
9
3
10
36
22
7
17
28
10
6
32
7
11
16
10
6
45
19
12
18
23
4
13
8
47
8
22
17
9
6
4
13
32
7
19
12
6
22
19
21
13
34
4
5
8
113
11
27
17
35
7
61
9
14
124
6
31
9
12
38
13
9
12
38
11
13
9
40
14
22
13
54
12
19
112
25
94
55
20
13
10
11
5
15
37
20
16
13
21
8
16
12
4
48
17
5
32
11
62
13
20
13
52
7
43
30
19
10
43
9
30
9
10
37
11
44
109
95
19
43
17
106
28
4
31
20
10
30
16
32
24
6
6
66
8
39
5
19
11
20
27
7
8
27
49
22
24
40
6
10
10
24
6
3
11
5
8
55
10
19
12
20
10
2
17
6
15
18
27
10
30
10
31
18
9
24
11
18
8
6
5
16
21
17
10
6
30
27
5
72
11
9
14
15
5
18
9
16
58
34
24
9
6
11
20
30
5
7
18
50
12
24
54
8
7
22
6
18
56
5
13
16
36
17
53
53
3
12
6
34
53
28
24
6
4
6
13
14
36
119
35
4
18
18
26
25
81
6
72
12
10
26
20
51
19
25
12
4
6
17
12
23
4
6
20
18
34
13
18
18
5
12
6
35
11
7
5
14
11
56
16
48
3
31
9
8
101
4
34
8
28
17
98
21
5
6
3
12
39
8
9
4
27
13
96
15
12
37
76
12
5
6
40
4
15
18
30
16
10
22
12
22
51
19
9
6
5
56
9
4
15
24
40
19
14
12
26
3
11
30
23
20
3
7
10
38
3
12
37
45
11
10
14
12
9
15
20
20
24
57
70
6
2
7
30
5
8
19
7
60
48
48
4
53
10
38
45
17
19
9
9
23
5
6
13
9
12
14
20
8
9
32
22
5
3
14
7
14
7
50
57
10
7
11
53
3
4
40
37
11
27
45
3
21
60
11
10
2
9
19
22
31
17
7
27
48
9
15
15
8
14
8
17
29
31
7
24
6
49
41
7
44
27
12
27
10
48
16
8
9
4
7
21
37
9
27
19
13
13
9
7
26
10
28
29
19
24
9
59
9
3
78
37
11
15
11
28
14
24
37
30
5
11
14
130
5
9
17
2
9
57
21
39
29
17
64
11
70
25
27
14
39
7
21
6
12
30
14
17
5
2
10
42
28
29
66
19
3
4
39
10
36
9
16
10
13
11
33
12
19
23
56
11
24
9
13
6
8
6
4
25
17
8
10
12
16
21
34
60
14
24
12
57
1
39
23
6
26
23
16
9
7
4
18
25
25
8
28
13
7
12
35
37
20
14
10
10
30
9
15
14
34
11
26
10
9
36
25
9
3
5
24
19
76
35
15
10
15
11
18
6
44
32
43
42
13
7
20
12
18
51
37
23
7
9
40
31
19
27
7
6
24
10
17
7
13
5
13
28
10
31
20
68
20
11
19
7
9
20
6
22
10
16
6
6
70
30
21
14
8
61
5
3
21
16
49
10
11
36
106
69
5
3
20
32
34
4
8
21
54
33
4
9
9
10
21
41
15
10
13
16
10
18
8
60
3
26
9
46
23
8
16
5
14
19
35
4
26
4
9
13
20
18
89
5
15
15
7
7
10
3
28
12
18
15
28
9
8
32
10
13
10
15
5
37
14
15
13
19
29
11
7
22
4
21
6
17
6
51
8
23
12
21
7
40
11
33
14
38
15
24
13
4
28
32
72
18
4
15
15
20
21
4
34
10
12
53
33
7
24
29
7
21
36
34
8
13
7
8
16
29
11
32
21
34
14
14
24
16
20
2
15
5
21
62
33
8
9
11
42
70
28
25
15
52
12
15
3
39
21
19
26
28
12
12
31
19
18
15
33
25
11
24
10
12
12
62
25
16
9
13
15
5
12
9
11
22
28
22
6
15
12
43
8
16
13
31
20
28
20
14
24
23
8
17
42
82
15
14
36
9
15
6
11
16
37
21
7
12
6
12
51
19
49
10
16
36
14
3
11
2
23
14
35
13
30
42
8
19
48
25
25
23
7
6
13
26
10
27
13
7
13
30
10
34
11
63
4
8
33
34
10
15
8
5
4
27
14
14
11
15
8
13
17
19
8
44
19
10
39
9
83
44
12
32
8
35
6
9
43
16
41
52
16
25
64
18
6
9
65
20
20
29
9
5
11
12
12
21
19
10
28
14
15
27
68
6
19
18
22
37
71
12
14
15
60
8
9
60
17
28
17
23
24
15
8
12
34
17
97
23
15
32
21
14
14
7
2
11
78
5
24
38
19
14
16
8
20
15
4
51
10
29
4
40
11
27
7
4
8
11
58
31
9
10
3
29
17
41
49
4
8
38
17
37
25
18
6
33
46
44
14
6
14
6
10
16
35
6
11
5
13
21
11
20
15
7
12
23
18
22
4
4
11
68
8
14
16
32
7
7
18
21
35
10
10
17
22
10
59
17
10
7
17
9
18
14
29
6
14
12
10
21
34
11
7
7
5
11
10
44
33
11
6
15
32
28
18
37
5
21
31
11
33
7
35
11
5
9
18
20
59
5
12
44
12
6
36
24
26
11
17
4
16
16
11
15
16
64
11
8
52
84
12
6
6
7
19
5
52
6
26
9
11
4
6
18
25
4
16
10
4
29
38
27
13
6
7
50
30
38
6
9
15
30
52
47
15
111
29
11
20
37
7
19
17
20
18
6
38
9
15
6
22
53
7
6
3
9
83
26
15
16
19
34
15
36
10
21
28
16
21
34
29
24
21
11
34
30
20
36
131
25
6
10
48
34
42
29
5
23
12
18
20
13
37
25
9
10
62
28
9
12
18
12
25
7
14
20
13
22
85
30
20
14
22
68
40
55
11
23
16
9
38
90
22
16
47
55
11
19
3
35
22
11
8
49
10
29
14
7
23
48
9
11
12
6
35
29
5
27
29
11
32
20
11
41
3
10
16
16
18
28
17
35
7
18
28
22
5
18
3
13
38
24
63
36
34
20
21
79
13
120
60
46
36
13
58
8
17
16
19
18
8
9
39
18
22
55
6
3
18
24
17
43
7
5
44
27
12
10
6
10
25
7
11
41
58
25
13
8
27
19
8
7
22
7
20
14
12
14
24
27
35
11
60
77
31
7
58
4
26
6
12
5
6
8
25
13
23
83
13
72
15
10
8
11
57
18
23
13
32
39
6
11
30
75
14
24
14
18
5
32
22
11
34
15
29
3
27
28
26
36
18
21
15
16
36
25
48
4
8
39
7
36
65
4
10
7
28
21
6
6
10
4
11
28
11
32
14
34
19
20
11
18
11
5
8
38
7
31
7
22
15
11
11
7
22
15
10
4
4
5
7
10
10
3
11
162
5
8
13
20
30
33
19
8
3
20
16
23
6
46
32
13
4
24
20
11
7
87
5
5
13
18
17
24
11
24
18
34
10
15
12
15
34
26
12
15
18
51
12
16
55
10
17
6
15
7
32
6
21
6
8
9
16
9
13
17
20
29
5
132
33
54
59
13
4
9
10
21
49
24
6
32
5
25
9
37
35
34
36
4
50
27
17
42
5
102
53
21
42
18
30
22
6
22
71
5
21
19
21
10
7
35
5
4
4
16
17
44
23
24
18
23
9
90
23
10
41
22
31
76
11
6
10
44
18
24
6
21
25
10
12
25
27
37
24
3
11
45
31
2
17
6
31
5
5
5
6
14
8
8
5
29
6
19
34
22
50
26
21
11
72
45
29
36
29
103
11
44
27
14
42
22
34
5
40
51
33
18
24
25
64
16
11
42
8
5
12
24
25
10
53
20
16
9
12
11
93
21
13
15
31
70
36
22
18
3
60
39
10
11
13
15
36
41
17
47
11
23
5
28
22
7
26
20
5
6
7
5
35
32
5
16
54
24
30
41
21
38
15
19
30
8
3
135
14
8
18
45
5
51
16
25
22
23
48
9
13
65
16
82
14
13
21
11
8
5
5
7
13
14
25
7
27
7
14
27
27
8
5
27
12
14
24
22
62
7
3
34
13
23
7
28
3
7
23
22
9
16
29
40
19
27
8
15
26
13
57
5
9
32
27
39
60
12
59
14
9
35
26
22
8
35
10
14
21
5
7
15
20
14
10
32
9
4
31
17
65
57
39
13
7
11
10
33
21
6
41
4
27
26
81
31
8
70
21
6
26
8
8
50
27
13
10
15
18
26
9
15
12
38
18
21
51
28
8
21
2
17
128
2
27
23
28
11
14
4
19
20
24
18
20
36
23
7
70
4
25
19
21
83
10
17
47
84
58
5
28
10
16
31
28
16
6
6
6
22
5
26
39
8
17
15
60
6
63
22
23
61
12
6
14
20
12
31
12
25
23
35
13
28
15
8
16
2
24
11
11
10
31
10
43
30
3
31
17
9
13
3
20
31
6
3
22
35
21
50
6
46
22
27
23
25
4
51
12
15
11
5
28
6
5
5
32
24
17
19
49
12
33
13
16
32
12
29
14
13
27
24
21
5
23
4
4
24
7
15
36
9
22
16
29
7
4
9
17
21
5
17
5
13
19
12
7
12
24
22
14
15
7
13
12
10
17
64
66
129
9
53
6
5
24
77
25
13
26
24
43
9
44
13
9
25
49
7
43
21
49
22
31
19
2
12
12
22
9
39
12
43
26
55
23
11
24
13
7
7
8
4
30
32
9
18
14
6
9
17
8
31
34
11
28
19
24
23
64
13
4
8
10
7
16
10
18
2
27
66
22
17
2
22
10
70
6
14
11
19
11
22
6
43
21
12
11
15
6
7
12
15
25
13
49
16
7
14
3
20
33
22
8
24
7
9
21
15
14
22
3
15
4
14
4
9
4
18
8
14
7
10
15
31
9
16
54
14
4
29
17
17
5
35
41
21
34
6
6
7
21
26
5
20
8
14
16
16
22
16
16
8
10
73
42
27
32
73
30
5
15
16
7
10
10
28
62
37
16
23
12
33
14
13
11
10
33
28
37
48
19
8
14
27
18
8
7
19
30
34
33
8
6
37
19
13
15
27
10
4
5
6
28
17
14
11
4
21
41
11
53
14
12
4
29
29
7
21
15
23
13
33
16
75
18
39
6
21
10
31
67
27
66
47
127
22
11
18
7
4
19
36
11
8
9
11
15
10
23
24
29
8
10
23
8
22
5
32
35
6
4
11
19
35
27
12
4
18
26
15
39
28
24
5
52
24
43
19
18
10
8
45
4
14
52
13
67
13
69
37
21
34
22
21
4
19
5
7
10
8
25
21
16
21
13
63
13
7
4
46
19
9
13
3
23
34
14
14
6
39
35
11
4
25
19
27
4
7
29
14
17
3
21
20
13
16
15
75
32
16
28
52
29
5
26
9
34
12
6
19
21
15
11
20
55
30
14
32
7
13
13
32
34
12
19
14
20
46
3
6
17
21
20
13
32
65
14
3
48
19
6
30
18
4
8
3
16
4
9
4
18
24
4
6
15
26
6
99
17
6
21
10
21
4
8
34
4
23
17
36
16
11
67
32
12
52
29
45
5
10
8
12
14
44
25
6
7
4
6
24
2
16
2
7
22
14
12
13
30
25
34
6
28
10
5
5
10
9
12
10
12
12
27
5
8
38
12
6
26
7
27
10
18
9
147
22
9
16
19
8
17
9
24
32
17
17
7
13
41
21
6
15
11
5
74
9
16
29
12
6
17
7
30
18
21
11
12
6
28
16
5
18
65
18
11
40
9
51
43
20
58
57
18
26
3
8
8
36
28
18
24
26
17
3
87
31
22
9
15
27
37
16
17
6
6
11
6
10
11
14
11
24
41
40
22
17
48
9
11
20
8
10
36
37
4
60
52
14
15
24
6
17
13
13
21
15
8
25
15
11
55
12
25
27
8
28
11
44
10
19
16
12
18
39
15
4
9
20
13
32
15
28
26
30
45
36
16
15
13
8
19
16
11
35
9
20
17
26
19
27
35
25
6
4
5
53
79
19
54
9
5
23
16
21
12
6
24
30
17
20
28
24
75
7
43
14
35
44
9
20
6
46
23
9
5
11
19
24
25
15
5
13
13
6
5
12
9
4
8
39
9
11
25
41
27
74
7
84
20
41
9
9
10
25
31
4
12
15
25
30
49
9
19
5
34
47
17
11
8
38
8
12
10
12
51
26
7
19
66
69
12
4
11
77
6
10
18
25
12
40
9
11
78
15
11
10
7
14
77
24
41
10
30
44
7
19
39
16
18
52
5
24
6
23
55
4
13
6
7
6
8
9
4
29
21
9
18
15
53
8
7
32
17
32
14
9
4
18
38
13
13
38
39
10
258
16
31
11
29
5
44
21
23
46
23
23
11
15
5
16
6
10
12
15
4
37
39
19
35
19
8
30
74
32
8
31
16
7
13
12
6
14
7
11
45
7
24
68
3
11
11
16
4
14
17
50
28
7
14
11
38
44
5
20
31
6
10
24
16
10
37
6
12
20
29
2
28
22
3
25
6
5
34
18
72
5
17
3
11
35
4
5
7
26
8
16
5
24
11
17
12
55
22
53
8
20
28
28
32
22
4
10
5
21
6
15
11
68
19
37
24
7
37
27
13
50
17
4
9
4
17
15
26
18
65
26
27
25
16
44
34
5
11
14
28
9
9
6
25
59
5
15
9
12
14
13
6
19
29
9
12
34
8
29
91
23
36
14
11
6
8
75
55
49
88
4
47
29
4
9
19
3
3
8
16
17
6
6
34
6
27
6
49
8
106
16
14
31
44
57
11
16
21
34
28
10
11
31
11
29
8
12
11
8
23
116
60
17
16
4
14
4
12
42
7
7
15
20
19
8
19
5
12
8
8
25
6
16
115
16
25
4
34
41
25
7
56
48
24
31
25
9
32
28
61
6
19
5
38
14
7
10
15
20
83
10
4
34
5
12
9
9
11
9
33
19
5
7
10
34
6
29
64
15
4
38
42
30
40
34
14
11
6
20
83
23
4
7
26
92
12
6
20
15
33
48
13
5
50
24
8
14
12
15
19
22
5
31
13
10
4
16
11
22
13
35
10
30
9
25
19
26
46
14
7
41
3
9
4
13
6
15
7
14
13
25
120
6
14
26
9
30
11
16
23
9
4
12
20
35
23
9
17
31
20
14
21
9
36
14
14
50
11
12
24
5
23
20
38
11
113
19
22
13
5
17
19
39
20
24
18
19
47
18
10
47
27
6
7
84
29
16
10
7
17
18
26
9
6
15
9
13
10
27
35
41
14
22
48
14
3
4
12
8
9
15
7
45
74
8
100
13
18
18
19
8
18
25
13
3
14
50
7
95
45
12
27
8
37
6
18
16
8
24
18
3
13
6
3
29
28
25
19
11
38
32
19
9
17
36
27
13
26
15
17
39
19
67
17
6
13
24
8
11
15
49
19
7
3
24
17
14
17
15
26
19
15
6
52
12
20
16
9
37
23
12
15
23
45
4
13
20
41
9
14
8
8
24
20
26
38
20
12
13
15
3
9
12
41
10
6
14
16
9
3
17
50
8
15
22
53
17
35
31
10
12
14
52
72
11
24
5
3
15
48
49
13
24
27
10
13
45
6
45
24
18
26
21
64
16
6
16
13
12
16
41
26
34
31
3
5
4
3
10
28
25
23
12
8
21
44
19
15
19
29
8
11
63
13
10
126
6
14
19
45
10
5
20
7
8
9
16
42
15
43
4
19
10
39
11
68
61
30
18
40
31
40
23
17
19
22
8
85
27
91
4
78
30
10
9
20
12
33
51
4
8
204
44
29
37
13
90
5
30
6
2
7
13
17
4
24
18
14
24
44
24
23
7
3
6
12
47
75
9
6
22
9
21
5
12
80
8
43
5
12
18
8
8
17
6
16
59
5
18
31
4
5
9
19
30
57
52
19
34
33
4
2
8
10
17
45
6
7
12
19
7
4
23
7
9
27
17
103
7
36
14
78
9
23
11
6
14
11
24
11
10
14
32
44
11
41
27
6
51
17
9
28
30
50
22
41
38
5
23
6
10
32
68
12
25
18
28
21
13
16
22
43
21
26
18
20
9
29
5
8
20
58
37
24
8
17
33
9
18
9
21
9
38
32
9
20
4
5
30
4
14
26
10
22
21
9
17
5
18
110
13
22
23
6
26
65
5
6
15
8
32
7
34
11
8
11
11
24
26
16
31
44
16
39
4
19
32
13
21
6
13
19
40
18
18
40
15
9
32
14
10
17
40
70
8
22
12
25
270
15
11
11
6
9
30
9
18
21
13
9
36
5
11
8
3
10
70
32
14
38
4
16
20
53
12
104
46
10
23
22
25
23
46
7
3
16
34
14
12
31
17
15
48
5
28
7
13
11
5
13
73
9
23
26
76
13
5
6
23
40
8
27
9
7
8
20
64
38
20
14
25
7
45
55
18
9
13
31
18
30
9
5
34
8
11
28
11
65
13
76
6
11
10
9
10
4
31
12
24
2
23
18
13
10
19
8
5
33
60
49
40
17
48
6
14
48
17
40
35
55
10
85
166
8
14
31
32
9
20
16
23
32
53
19
7
18
32
50
8
43
37
14
20
58
18
7
8
19
13
32
4
35
9
37
26
19
10
18
13
5
34
62
60
6
10
21
48
19
18
18
13
23
8
9
42
35
26
10
33
25
13
6
87
21
19
16
12
11
12
14
7
28
4
7
21
23
26
14
23
35
4
46
20
13
7
8
8
9
10
11
25
29
6
11
15
24
10
21
30
15
6
16
20
38
10
20
14
25
42
26
27
4
22
7
10
7
15
7
12
37
17
55
103
15
16
148
32
15
68
5
24
70
52
10
7
29
35
9
59
21
6
149
12
45
14
15
8
4
28
13
14
6
32
7
10
10
12
8
19
63
5
15
11
41
20
6
15
4
36
42
7
13
33
15
3
8
16
25
8
10
16
18
24
24
7
40
77
16
11
36
6
13
21
4
13
37
43
6
10
4
35
40
26
8
10
20
24
5
10
11
44
34
6
35
5
13
8
8
8
17
6
17
19
19
7
18
10
43
57
16
6
3
13
8
76
16
9
41
19
14
7
8
10
29
6
13
7
6
18
12
19
14
46
24
9
30
20
14
7
10
15
15
4
9
37
11
16
12