24
15
49
4
39
16
101
49
29
30
54
15
13
7
17
10
35
25
14
23
18
28
10
58
9
20
17
7
22
6
7
24
6
7
18
22
14
28
21
43
63
16
25
32
9
11
38
19
55
13
162
10
4
21
13
16
4
29
21
33
55
23
4
19
2
17
18
14
24
12
27
75
18
10
8
11
25
59
70
28
28
71
13
16
53
18
8
34
12
27
36
26
15
13
12
8
7
15
11
26
131
3
35
76
52
14
29
16
21
20
13
46
6
8
17
36
12
40
23
15
13
21
8
38
34
5
13
9
19
11
4
64
31
31
14
30
42
13
4
24
38
31
64
8
29
15
31
47
39
57
11
56
37
25
35
55
35
25
11
39
24
44
6
34
51
73
12
5
23
11
29
60
10
14
32
8
24
10