10
21
17
34
17
18
10
21
15
7
8
7
10
10
6
27
42
26
28
11
6
12
44
9
26
5
13
8
23
34
9
9
18
8
18
35
21
9
15
13
10
11
24
10
11
9
13
33
15
16
19
32
8
14
6
17
16
16
21
9
15
35
4
9
21
27
11
16
10
4
10
24
13
6
45
9
61
4
13
25
7
14
11
50
16
5
18
9
17
20
10
16
7
23
11
71
6
5
8
22
17
28
5
13
9
74
9
4
10
5
23
11
16
23
22
19
11
15
5
5
18
8
92
5
32
12
26
11
4
8
22
41
15
35
23
29
6
9
27
15
21
10
10
11
8
6
5
39
20
6
15
33
8
5
11
23
7
26
16
5
5
51
3
27
15
20
5
11
96
5
17
21
16
8
18
9
22
11
34
11
18
15
9
7
4
9
81
17
31
66
22
3
12
22
24
63
8
4
4
23
13
7
9
14
24
8
7
11
4
10
74
6
6
17
23
61
6
16
24
12
11
4
43
63
18
13
19
6
8
4
8
6
5
5
17
31
7
8
31
12
37
8
46
41
14
21
15
12
22
6
3
29
11
9
7
47
15
13
21
38
18
16
23
18
5
22
35
19
27
18
17
6
34
11
11
7
8
9
9
37
18
9
18
17
22
7
19
5
34
6
9
21
12
35
12
6
10
34
8
54
8
4
6
9
11
40
6
10
39
14
53
23
78
23
11
21
9
16
11
5
19
6
14
16
12
11
19
5
28
3
6
9
11
5
15
48
21
5
11
14
11
11
5
9
6
13
23
10
5
22
13
7
4
9
8
15
7
8
3
6
20
19
5
7
19
30
7
25
15
11
5
10
8
9
24
7
11
16
26
24
57
26
24
20
10
4
10
12
30
11
6
10
22
26
9
5
6
12
16
33
7
6
54
10
6
7
6
15
11
8
31
12
12
9
4
29
6
15
23
40
7
28
7
26
9
17
7
7
9
6
22
27
9
22
10
19
4
5
18
21
12
17
14
22
35
23
7
7
9
15
75
19
31
19
19
9
8
22
16
11
42
32
28
72
25
5
13
5
15
20
60
6
4
4
9
29
8
15
13
21
55
6
6
25
7
12
20
7
26
14
9
13
11
32
18
17
16
42
19
10
11
15
49
28
30
15
5
6
66
13
4
19
28
20
10
9
10
14
21
6
11
37
23
12
14
21
5
6
12
16
5
14
10
22
11
22
42
30
13
7
37
5
8
18
10
7
58
23
10
7
17
7
10
20
10
7
17
3
7
3
10
8
186
14
15
56
8
8
45
33
30
17
4
11
28
32
26
11
13
12
10
8
4
3
11
4
9
9
9
14
46
26
7
21
8
28
10
4
13
9
7
9
46
20
5
21
13
10
31
25
40
11
17
29
7
35
8
24
7
33
14
13
23
16
17
16
7
13
10
16
12
19
31
4
7
60
12
10
4
5
139
31
12
15
17
8
24
7
11
19
8
10
6
9
37
33
18
22
6
64
28
30
7
22
26
8
29
56
43
17
8
12
12
12
25
35
13
19
10
36
17
32
5
23
24
5
56
11
13
9
28
12
33
13
13
6
6
13
5
27
60
4
24
17
15
13
9
7
4
41
10
8
7
21
35
9
14
16
25
20
9
21
63
33
21
10
6
5
6
9
10
7
7
5
14
7
25
26
7
15
4
21
6
56
7
26
9
8
16
19
5
4
26
8
20
17
7
22
10
11
9
60
22
14
53
48
70
11
24
29
14
7
25
34
9
20
8
6
13
52
8
7
16
58
4
6
11
7
9
18
6
13
28
8
7
15
7
39
15
4
15
6
20
19
7
12
9
7
9
9
10
7
9
5
10
10
6
17
20
3
25
12
61
18
12
6
6
13
27
7
16
21
7
15
9
27
22
61
6
6
21
38
20
22
16
9
16
18
9
13
14
14
13
8
5
12
63
7
15
19
25
19
9
11
15
16
22
34
16
13
28
24
24
3
3
8
21
16
24
12
5
12
36
25
27
6
11
12
31
13
6
12
15
20
4
10
18
6
9
9
12
93
21
6
9
21
21
75
8
10
17
11
22
10
25
16
23
3
7
16
13
17
3
12
19
13
48
2
11
6
8
16
7
11
42
8
15
9
45
9
15
4
16
12
20
18
9
7
19
10
25
5
11
73
24
4
15
7
17
17
18
9
8
8
9
27
12
5
9
26
26
60
21
3
9
63
58
8
7
12
37
10
7
5
8
8
8
15
29
18
16
24
9
13
31
10
12
37
12
16
25
4
10
48
16
12
6
13
13
18
37
9
9
16
14
34
10
19
4
15
18
27
20
28
64
9
21
6
6
36
10
15
17
15
8
7
3
10
15
8
46
10
10
9
8
5
36
20
4
25
14
34
24
19
14
8
19
9
54
7
7
8
9
5
9
25
8
45
11
16
15
22
8
24
11
7
15
8
16
17
43
6
27
34
6
4
11
10
16
8
21
23
19
6
6
44
7
38
8
4
9
7
12
14
6
5
25
52
17
49
12
36
4
32
6
12
13
17
26
29
9
7
11
5
15
36
67
8
6
7
14
4
62
13
69
25
10
7
12
15
17
40
11
3
15
12
33
9
14
21
10
8
20
8
14
42
10
11
11
7
18
27
41
12
17
5
7
12
4
21
6
6
69
4
30
11
8
20
33
59
10
22
12
10
41
17
5
8
25
19
9
15
4
7
27
7
8
41
15
10
10
19
15
26
18
10
10
6
123
9
8
13
19
28
34
9
11
14
3
9
5
9
37
5
7
42
7
9
15
6
43
22
4
36
28
16
12
12
51
5
6
31
45
8
11
9
16
9
33
19
7
6
8
18
10
9
16
18
41
11
85
6
7
33
21
6
18
16
5
22
12
14
12
15
16
19
11
4
19
6
7
80
11
12
17
10
22
24
10
23
7
110
15
5
9
7
37
5
6
53
7
11
11
30
8
7
20
10
18
9
32
5
6
14
8
9
5
9
10
34
5
12
20
14
12
13
54
10
7
21
5
17
19
24
5
70
7
7
9
10
31
24
26
20
14
3
36
8
15
22
14
13
11
20
19
6
140
14
9
11
11
7
6
5
41
47
14
17
16
27
65
7
8
14
20
8
15
15
12
19
12
9
73
12
14
7
6
32
19
6
8
20
9
10
15
31
12
39
7
11
9
34
6
5
26
21
6
8
9
13
11
40
11
26
12
13
9
8
15
10
28
19
71
4
21
37
33
13
40
40
5
17
6
11
33
10
14
17
7
11
29
13
8
7
15
13
19
10
32
25
9
138
14
21
19
8
15
9
6
13
13
12
7
18
13
5
12
12
39
14
4
21
14
13
5
8
7
11
6
7
8
13
10
8
8
50
45
8
16
8
10
45
10
14
8
16
9
113
12
26
7
7
6
40
6
11
14
31
30
11
4
11
34
27
10
20
9
14
6
24
37
4
35
8
18
34
10
12
9
8
6
27
28
22
11
37
14
56
11
21
22
9
5
36
6
11
7
117
19
27
10
8
38
24
39
14
67
12
11
32
19
23
4
29
24
13
18
12
9
14
7
4
9
15
18
6
10
36
18
5
6
16
16
10
12
26
30
43
24
7
29
29
25
17
9
7
28
17
13
8
10
27
9