5
5
15
6
10
11
15
17
7
19
5
42
33
17
28
32
3
15
16
23
13
9
9
21
14
8
10
8
34
11
11
8
28
11
7
5
26
5
25
42
40
6
7
9
37
29
31
11
21
34
25
9
8
5
7
44
57
21
24
58
6
7
11
18
15
17
44
7
16
5
25
5
22
7
19
22
7
9
23
19
7
16
41
13
2
5
6
60
23
11
6
7
16
5
53
10
3
76
9
13
14
4
7
14
27
22
8
28
4
10
11
30
21
16
6
12
34
5
6
8
18
7
19
28
10
5
18
48
16
22
15
16
16
22
12
7
74
97
10
40
11
30
20
9
4
10
14
27
13
46
5
28
28
5
13
32
11
15
4
41
3
12
7
5
24
31
10
13
19
17
15
8
12
5
21
72
9
4
13
8
34
5
7
18
19
16
27
11
27
10
4
4
4
3
19
11
36
14
5
38
23
17
6
46
24
11
64
12
28
14
4
8
6
20
12
10
33
5
13
22
13
28
20
11
32
5