7
13
26
3
22
9
25
5
21
13
18
21
36
28
36
13
12
5
30
13
25
24
39
31
6
14
24
9
9
4
8
35
8
22
18
3
22
12
32
17
36
22
13
7
24
47
6
10
29
4
4
19
9
17
42
14
8
12
8
35
17
66
32
17
13
9
37
6
16
23
6
16
34
27
2
9
57
9
6
7
4
31
31
7
17
14
6
104
38
2
1
10
8
3
46
16
20
11
29
20
29
37
19
20
14
41
42
7
8
33
26
17
16
16
17
27
47
10
14
27
24
3
7
25
4
5
10
23
13
10
33
41
20
10
12
25
3
4
12
4
71
13
41
31
31
16
87
13
42
9
19
56
31
42
21
7
7
24
21
43
37
19
28
22
7
18
31
13
10
14
7
33
17
3
6
19
26
5
12
20
16
4
3
22
15
26
25
6
17
21
6
28
22
18
6
33
12
6
36
12
5
4
6
43
27
11
9
5
10
24
11
3
10
10
14
4
46
38
3
32
16
31
8
33
16
6
3
7
12
20
5
32
15
19
50
4
59
57
39
24
8
7
18
19
17
55
6
8
11
24
12
8
26
10
23
17
26
17
5
14
87
13
13
11
9
9
12
12
6
3
5
69
38
30
3
24
28
41
9
15
7
40
17
18
15
5
47
17
37
69
14
4
6
15
24
7
17
28
10
36
33
6
7
31
14
31
41
4
4
28
3
31
56
9
6
9
9
31
108
26
4
23
31
57
11
6
53
11
9
14
17
42
90
19
14
32
61
11
12
15
54
32
4
12
34
7
28
11
6
33
20
19
44
3
10
27
39
11
84
23
33
11
123
10
8
9
25
51
21
54
28
16
5
138
5
25
120
35
73
13
8
22
5
9
33
54
19
6
10
14
13
10
3
13
41
5
13
29
41
9
68
9
18
5
8
35
17
34
55
93
41
7
5
5
37
6
19
17
18
10
16
7
31
12
14
18
26
10
50
8
28
15
50
14
18
43
33
15
5
4
18
67
6
26
33
15
5
10
33
24
166
5
12
2
46
24
7
8
22
4
5
7
15
20
28
29
44
21
8
15
3
2
35
5
38
9
58
9
8
7
5
15
6
17
5
10
8
35
13
35
11
16
16
37
14
53
27
33
36
39
7
9
7
55
22
10
17
15
6
35
20
15
13
19
28
35
5
13
60
24
52
19
79
8
18
11
11
39
17
6
27
12
11
31
13
37
11
25
80
9
25
19
93
8
9
10
17
41
248
8
5
13
10
12
11
33
29
15
70
6
14
27
34
22
40
16
50
19
19
6
15
10
17
24
3
84
4
27
11
51
9
9
12
9
16
5
2
25
27
30
4
12
90
18
30
4
10
42
33
15
32
62
12
6
8
39
30
17
25
4
8
53
80
29
39
5
16
19
3
19
62
33
49
16
38
5
61
14
26
101
31
30
12
10
30
3
5
18
16
10
24
5
12
15
6
7
57
14
5
5
22
33
14
5
18
10
21
7
5
15
13
50
29
30
13
20
8
14
7
21
15
4
8
48
69
28
23
6
3
13
23
19
14
23
17
22
14
10
15
24
7
25
11
31
114
3
7
30
7
21
4
9
5
25
3
14
21
23
14
10
28
39
67
7
29
7
15
78
9
10
7
48
10
30
34
2
32
6
31
36
19
15
25
6
18
35
12
6
8
28
5
19
4
6
27
79
13
48
11
9
21
13
15
30
29
9
9
16
8
30
6
12
20
14
3
12
9
10
49
24
12
13
14
5
25
23
40
8
105
5
27
18
11
9
20
98
24
5
38
11
16
8
40
32
26
7
2
6
10
9
11
42
7
19
20
22
8
11
54
5
21
8
14
23
5
49
32
18
19
4
3
22
3
25
9
19
9
29
64
9
15
43
7
4
12
12
4
12
20
10
20
13
4
15
12
12
33
5
45
29
24
23
15
22
4
6
4
4
16
19
27
7
3
4
5
15
9
82
24
5
7
13
5
20
30
6
11
78
4
6
17
12
7
24
37
23
15
29
8
32
16
15
11
9
12
8
7
9
56
15
9
23
17
6
42
44
22
8
24
15
10
23
172
11
9
6
44
4
30
2
9
16
17
4
9
20
22
5
9
60
12
33
22
69
26
16
83
7
14
14
8
50
34
17
9
25
14
22
11
10
94
29
16
12
33
6
21
21
27
9
5
28
8
16
2
67
20
15
9
57
23
18
26
14
11
28
21
6
21
14
23
6
7
48
7
4
6
27
24
5
15
19
14
4
6
10
15
14
14
10
9
15
109
22
5
19
11
54
18
49
20
6
18
20
5
13
20
23
36
28
42
15
32
8
30
14
19
17
12
7
29
10
6
14
22
24
10
7
33
17
8
8
15
8
33
50
8
19
10
49
17
9
17
19
49
14
4
58
32
7
27
2
31
17
4
13
7
10
5
7
13
25
12
67
15
27
30
4
22
17
4
7
4
23
15
22
28
17
17
26
10
15
13
30
40
13
23
43
11
24
5
30
30
3
23
26
21
8
38
7
13
36
19
54
17
24
11
38
22
17
26
15
16
11
13
28
49
10
11
5
28
39
46
11
50
41
18
6
6
3
11
30
13
3
6
26
9
34
21
12
34
18
17
5
32
26
7
12
17
8
27
33
83
30
51
5
14
6
15
31
7
17
5
21
8
18
4
43
41
7
58
10
26
23
8
87
20
29
26
17
59
14
19
5
13
12
20
33
18
6
32
47
47
15
9
11
30
8
19
10
20
25
11
27
16
53
13
21
5
4
40
24
15
7
34
25
22
20
29
15
25
12
10
8
8
33
16
13
18
8
5
3
34
22
10
22
19
9
32
4
14
10
7
10
10
43
19
58
12
12
12
14
15
11
17
10
25
5
21
6
9
3
34
25
40
24
48
40
18
14
21
9
38
39
6
33
10
5
21
5
14
92
58
10
38
7
20
53
58
20
9
3
46
7
36
28
12
21
66
4
9
45
41
17
20
59
14
31
29
21
20
8
20
6
14
5
33
25
8
32
5
65
18
26
25
2
15
15
4
17
12
49
25
23
9
7
54
64
6
27
44
36
12
11
63
15
6
21
15
20
28
6
10
7
6
17
10
6
46
15
73
20
27
10
9
23
15
3
6
25
33
9
39
10
19
14
15
9
35
17
6
24
8
15
9
16
11
4
118
24
49
11
9
20
27
60
11
133
51
23
7
31
24
24
30
7
6
7
6
87
6
3
14
18
13
18
5
46
6
4
14
13
63
132
34
24
5
2
32
19
22
76
19
4
7
43
16
27
5
9
18
25
3
2
14
58
66
5
123
2
11
12
17
10
33
13
67
11
10
4
20
5
9
16
17
5
11
53
22
37
22
34
10
163
11
48
62
18
24
25
10
27
13
21
19
9
24
14
37
14
30
40
31
66
36
46
129
8
10
7
56
9
6
14
24
13
78
15
4
16
16
29
16
19
17
17
75
22
8
28
11
3
21
36
7
4
7
19
9
11
23
25
46
14
68
26
4
34
36
6
9
11
83
38
5
15
23
40
37
13
13
9
5
41
6
16
29
8
22
12
9
4
5
7
8
28
9
10
13
55
15
36
51
11
5
17
20
25
25
10
16
65
12
17
43
6
37
59
19
41
33
29
28
12
49
44
46
68
14
10
7
60
7
15
4
10
15
2
8
11
7
11
13
21
11
4
8
8
25
49
27
30
3
24
14
54
35
11
4
12
82
11
6
16
10
3
9
36
20
13
19
24
16
12
6
50
8
13
3
5
21
35
17
43
22
42
11
7
31
43
15
53
7
21
52
10
11
14
49
9
21
29
14
15
11
47
54
18
34
18
5
27
38
31
8
10
8
37
14
24
63
24
7
7
24
34
55
76
13
25
9
35
12
36
4
5
61
17
13
15
38
7
55
18
33
8
10
7
14
50
2
10
26
15
29
6
31
5
30
27
15
7
35
7
17
45
9
55
23
23
6
7
21
27
24
12
7
12
7
6
12
21
6
11
18
24
19
6
20
16
30
11
12
25
12
10
19
5
78
16
10
6
12
50
53
10
14
11
15
44
13
6
28
13
13
22
30
37
3
9
25
7
74
6
25
27
11
17
6
66
52
17
6
141
20
4
36
42
16
45
16
13
21
46
21
5
22
3
27
10
8
8
6
13
19
12
29
35
22
11
41
15
8
4
28
7
52
5
13
5
5
5
45
27
18
19
57
4
15
17
10
5
13
4
34
37
27
4
56
3
56
5
20
26
12
10
109
5
11
17
11
46
12
43
115
9
8
29
13
13
10
11
21
12
18
10
11
46
37
16
8
6
7
7
30
28
14
6
32
16
15
30
37
16
16
5
5
25
17
18
19
16
16
11
23
6
45
5
5
16
30
24
11
34
43
8
12
65
12
24
17
16
81
12
28
11
11
32
20
28
18
8
31
50
26
13
10
3
2
13
54
13
48
5
9
32
5
7
30
6
31
7
15
19
3
9
10
22
30
44
13
2
10
23
7
13
32
29
67
6
33
5
23
55
36
20
17
5
43
2
8
31
11
40
10
32
12
35
36
57
12
13
9
28
28
3
24
24
7
18
39
4
10
8
8
23
38
2
23
13
5
9
21
8
7
20
17
11
51
16
8
5
30
9
3
8
6
9
21
40
23
2
10
11
16
10
7
9
66
9
60
9
11
8
35
27
5
19
39
9
10
29
21
70
36
28
38
117
12
8
40
19
63
38
11
5
14
11
23
17
39
17
14
13
7
21
38
11
27
6
17
3
4
21
36
46
6
4
13
78
18
23
24
6
7
17
20
7
65
18
30
12
15
30
6
30
83
23
80
24
12
12
8
10
21
43
36
53
22
9
31
48
10
3
26
23
6
5
16
4
40
10
6
35
8
146
3
6
43
59
5
2
16
28
27
16
75
10
18
4
11
7
4
24
14
14
30
42
85
25
16
47
25
30
16
16
12
8
36
10
11
45
21
47
9
26
19
10
13
66
38
25
10
18
20
15
10
7
21
24
10
89
32
5
3
9
8
9
32
26
8
3
6
22
5
39
5
3
60
30
60
21
16
113
62
23
13
40
3
28
31
6
94
16
12
8
18
12
29
38
4
20
11
15
22
16
36
4
4
13
47
23
9
30
4
3
4
3
35
29
20
10
39
4
17
5
33
9
9
20
6
9
19
13
8
7
17
3
31
19
12
71
36
22
12
20
16
9
7
22
18
8
4
12
18
17
28
15
25
43
11
46
23
7
8
28
3
4
25
41
22
5
10
6
40
6
9
16
32
10
101
64
45
5
10
13
7
15
27
14
11
19
32
18
7
22
7
7
7
53
18
33
8
26
6
12
44
37
21
36
62
52
11
8
29
44
23
20
8
31
10
16
13
7
2
10
46
6
7
52
13
4
4
15
7
2
31
6
10
7
15
28
18
32
13
8
16
145
30
43
5
9
42
47
18
20
17
19
46
32
8
13
12
7
15
11
4
33
23
11
12
5
63
9
13
6
21
55
5
20
7
27
39
60
11
10
13
11
34
15
21
10
83
24
38
10
84
27
29
30
6
5
8
4
29
23
46
27
47
7
14
8
6
3
51
18
23
29
8
26
9
76
9
36
66
5
13
11
22
2
46
10
19
5
4
97
26
63
27
14
9
26
14
12
20
15
10
10
10
13
15
17
54
66
3
61
12
29
9
25
22
16
24
4
24
6
10
14
3
25
7
63
16
6
5
64
2
50
28
14
8
31
8
13
18
39
7
49
9
8
8
42
3
91
38
4
19
21
16
18
11
22
31
7
27
56
13
87
7
22
17
10
19
17
8
11
7
10
8
26
11
7
42
4
7
24
40
5
18
105
6
34
50
15
72
21
14
4
33
10
5
9
15
26
17
25
21
10
4
12
9
2
8
9
7
5
12
15
16
14
9
11
11
19
23
15
7
29
25
20
18
33
6
12
7
36
34
19
18
31
28
13
28
8
18
68
19
15
7
18
3
8
17
6
31
31
12
5
6
7
5
13
18
28
16
19
8
3
9
33
12
43
29
8
10
80
6
15
25
40
6
18
7
53
5
2
10
15
20
6
25
8
15
9
9
3
60
55
13
9
6
42
21
5
14
15
20
40
13
5
13
14
20
10
32
16
5
91
32
34
4
22
7
27
5
5
8
7
51
22
24
9
42
15
21
23
2
26
4
78
11
29
14
20
20
60
57
12
12
7
35
25
4
30
7
18
3
14
19
49
22
17
49
22
56
4
5
15
17
5
32
9
15
9
26
12
59
26
28
31
5
10
26
7
29
7
6
64
14
7
5
13
12
6
8
29
8
47
24
36
7
20
39
19
7
36
41
11
14
11
10
9
14
13
8
5
6
12
3
5
4
34
79
34
9
12
54
6
3
14
16
26
23
14
7
40
14
8
5
32
18
7
21
6
21
28
3
40
32
2
14
55
11
21
22
14
12
8
28
46
9
16
8
15
26
97
20
4
33
12
15
18
11
4
31
37
6
6
19
21
36
22
36
35
47
23
8
17
14
8
16
3
3
23
6
6
33
21
38
6
17
48
46
22
8
17
49
8
17
38
25
39
7
23
13
13
6
41
17
13
34
67
55
3
23
4
8
6
4