5
12
16
4
53
9
18
6
13
4
28
48
9
4
5
19
30
14
12
5
36
17
6
14
5
97
70
73
22
63
17
6
29
8
8
54
75
10
5
8
22
20
17
21
12
23
29
47
42
14
5
33
57
24
33
13
5
20
32
32
40
110
37
22
55
47
22
18
30
9
19
27
54
35
16
9
12
9
34
10
10
8
24
54
10
24
33
27
207
40
43
15
26
57
14
32
38
12
4
9
11
9
3
19
17
38
15
31
22
13
17
11
21
5
18
18
4
8
25
15
22
16
16
14
57
17
23
22
19
25
31
21
9
41
12
21
11
29
66
32
24
24
17
4
19
32
7
129
10
15
24
19
33
18
9
36
8
47
75
11
27
75
41
46
5
16
9
20
7
14
21
13
12
53
39
23
16
84
13
58
7
15
22
63
18
21
67
18
33
12
28
11
16
28
9
23
10
30
23
30
9
53
37
18
38
13
10
30
27
58
5
3
27
15
38
5
12
41
4
26
10
11
6
12
25
56
21
4
12
92
8
29
6
34
57
62
15
23
20
7
20
17
32
102
8
10
5
41
5
36
20
87
6
8
28
11
22
41
29
14
6
37
13
24
2
50
16
34
2
8
7
38
10
3
26
17
31
16
18
7
20
59
6
19
23
20
19
4
21
22
69
5
20
13
34
16
20
74
10
36
48
4
18
28
69
25
23
9
35
52
6
51
64
12
21
29
14
8
13
4
16
13
9
18
13
59
82
4
5
42
19
19
26
26
10
33
55
67
19
28
15
11
23
28
41
23
7
9
6
33
38
12
66
41
4
47
35
18
78
6
6
35
27
47
39
6
20
7
9
38
10
20
14
39
24
10
31
22
51
22
23
19
10
17
19
11
13
10
9
52
5
21
4
9
24
22
37
41
24
14
48
46
57
28
7
19
12
25
25
22
21
19
32
16
3
28
27
7
20
5
51
18
29
34
25
25
1
3
30
3
8
25
13
5
31
25
5
35
18
34
20
17