55
27
9
12
32
18
55
54
8
14
34
11
24
11
22
16
27
15
38
4
21
18
49
23
2
18
10
33
14
26
11
32
95
3
18
20
12
25
42
13
9
27
29
69
39
52
34
38
31
28
16
60
8
26
30
8
16
30
18
26
15
29
15
42
24
8
38
10
20
108
32
33
9
33
23
23
37
21
7
43
28
18
26
41
38
32
43
13
47
22
12
15
161
42
51
11
25
28
13
27
32
90
11
33
29
41
5
11
57
14
31
9
74
25
14
28
4
35
33
72
24
16
18
16
28
17
4
22
37
10
18
21
50
30
52
26
28
7
34
37
16
28
10
61
47
18
80
11
8
22
41
31
8
45
23
29
34
18
2
33
44
58
18
21
17
14
12
13
6
19
48
33
10
110
37
3
49
13
10
27
27
11
9
8
58
16
21
11
8
50
13
19
27
47
14
49
30
22
44
15
61
24
15
14
5
4
51