3
4
30
30
19
8
10
10
11
5
9
13
3
17
6
65
8
97
13
11
116
9
13
21
15
49
10
7
1
8
18
22
20
7
4
71
5
7
7
11
24
15
19
7
20
4
14
112
6
5
23
16
4
7
7
4
30
88
6
15
9
14
16
41
7
15
8
37
5
6
6
12
33
35
3
11
10
15
9
3
10
5
3
4
12
20
14
21
9
41
27
51
8
62
10
4
23
17
11
19
4
8
14
21
10
8
2
46
5
13
16
15
13
9
6
10
5
14
13
6
58
36
6
4
40
16
27
4
35
6
6
7
12
7
4
8
6
5
15
7
12
37
4
13
4
6
19
6
13
16
28
18
4
12
7
13
10
9
38
11
7
8
10
35
12
22
13
26
5
13
4
28
7
13
9
25
5
18
7
25
3
6
51
6
8
43
2
4
13
11
10
10
12
21
9
30
4
8
3
11
9
9
18
4
7
19
23
14
29
9
10
18
19
14
4
8
16
3
6
6
4
5
4
7
7
3
47
13
7
13
59
21
5