75
27
8
7
19
10
11
7
13
13
4
33
10
10
6
14
14
9
3
9
10
12
13
16
22
40
27
28
8
21
18
15
15
11
4
42
20
18
11
13
21
5
22
6
12
7
10
13
6
7
4
22
9
6
23
30
11
2
20
9
13
25
18
45
5
5
31
11
7
16
11
38
17
3
10
29
10
19
17
18
94
6
14
28
10
27
7
80
19
10
6
20
19
29
8
28
84
28
10
22
8
43
27
21
27
4
12
13
7
16
21
18
27
5
11
19
22
33
17
8
20
3
14
9
4
83
8
4
11
6
9
39
17
14
7
72
13
7
5
13
7
5
4
96
6
17
14
62
9
25
7
19
30
16
5
15
137
8
12
4
5
8
11
5
8
10
4
6
18
12
38
17
28
25
8
8
3
3
132
25
24
19
13
24
14
14
12
11
18
31
18
11
19
30
6
42
23
6
36
11
24
3
7
19
11
17
7
12
23
5
6
21
13
8
7
35
8
46
24
14
23
19
26
11
21
4
11
35
2
26
6
7
18
15
13
25
23
2
10
20
12
20
22
7
10
9
30
101
12
24
11
32
5
11
5
11
8
9
27
2
17
18
73
10
22
22
7
6
12
43
19
22
7
34
5
8
6
17
32
5
6
7
4
9
8
27
7
9
34
12
6
6
8
22
8
5
36
7
12
45
9
9
72
65
37
4
11
20
5
9
10
11
12
10
40
13
16
20
8
9
14
33
26
17
8
7
23
3
4
23
4
4
8
15
50
12
2
24
8
18
9
108
4
7
17
29
6
19
12
5
10
6
14
30
25
6
16
8
2
8
17
7
27
6
16
5
28
4
20
20
7
9
32
10
8
48
32
16
4
2
27
52
8
24
14
24
5
17
2
52
19
17
3
14
11
31
9
10
6
6
6
50
3
5
9
30
12
18
1
23
15
5
13
5
19
7
8
23
16
35
6
15
2
16
19
10
10
17
6
4
12
30
26
35
5
79
11
30
36
8
55
20
3
9
25
5
77
30
21
6
10
29
19
15
23
31
11
6
5
39
5
34
10
8
8
21
16
19
8
6
7
25
19
18
5
10
22
12
11
30
9
8
19
4
15
26
8
9
12
12
5
43
13
3
5
38
35
18
49
33
10
13
56
3
5
10
11
14
19