8
7
15
21
17
14
38
8
49
11
3
6
5
6
5
12
13
39
27
6
28
10
14
13
21
6
9
10
5
10
3
9
36
25
9
6
3
12
19
8
46
15
28
28
36
32
29
5
15
18
31
9
16
19
9
13
13
11
15
5
7
8
35
8
41
3
23
7
4
9
6
5
18
31
3
5
33
8
8
13
15
35
27
63
7
22
8
4
12
9
10
4
15
32
9
20
17
3
30
9
8
5
19
17
14
61
19
18
13
17
9
10
35
62
21
7
9
14
6
10
10
22
7
9
39
60
18
31
11
73
23
5
13
9
2
5
8
108
48
8
7
15
8
8
22
6
8
18
10
12
7
56
3
5
15
28
20
3
14
8
6
33
18
8
6
31
16
20
31
31
15
12
22
31
9
8
33
18
15
14
15
11
6
9
11
16
34
7
8
4
17
6
33
8
8
11
26
8
67
5
4
18
3
13
16
17
5
6
5
5
15
48
51
32
24
54
21
13
13
3
21
10
7
8
5
8
9
5
37
37
10
7
15
29
4
20
73
11
5
24
119
10
5
5
3
2
3
31
11
10
12
60
4
11
6
4
14
8
11
8
37
33
31
5
6
55
21
211
3
15
14
35
10
4
23
3
19
16
7
14
8
15
30
27
9
15
7
21
13
5
93
11
13
10
10
22
21
24
13
46
57
45
30
20
7
3
13
18
12
38
42
15
15
22
91
12
68
6
18
27
7
7
5
5
35
56
21
4
6
18
12
8
15
8
3
6
25
7
11
6
32
13
5
5
10
50
20
96
10
57
13
4
17
14
4
18
3
10
4
15
4
38
28
13
5
10
2
12
11
11
18
154
7
9
22
6
20
18
3
8
14
5
12
11
10
4
26
35
8
30
66
26
28
7
49
6
25
14
3
7
9
29
7
32
43
70
12
8
9
11
17
3
23
2
25
29
21
21
40
48
12
29
10
14
5
73
8
11
25
60
3
13
20
22
36
9
42
6
19
23
44
30
5
46
12
5
4
53
61
5
20
14
19
4
20
14
28
7
16
30
11
22
7
69
22
4
11
17
35
7
31
9
7
7
21
21
5
112
5
5
15
7
5
11
34
36
29
4
5
28
4
6
21
3
29
11
9
8
21
11
11
29
3
15
5
14
22
27
12
17
50
14
11
6
11
18
40
18
12
51
3
13
17
9
22
2
14
13
15
20
9
12
20
2
3
30
5
20
56
8
50
7
4
41
5
2
17
9
34
6
31
6
44
59
3
7
19
8
15
3
47
9
21
13
13
7
3
7
22
11
27
5
38
16
12
7
11
26
4
11
10
11
12
23
10
11
19
11
10
10
28
20
22
3
30
9
15
27
11
25
18
9
10
33
7
17
29
47
10
4
21
18
12
17
26
4
12
21
10
7
3
27
11
38
4
8
9
9
9
6
40
11
17
9
53
28
15
6
7
11
8
29
4
17
7
5
10
4
32
42
6
33
14
8
5
18
10
10
16
2
8
5
16
12
10
18
18
118
7
12
15
4
7
3
42
24
14
3
4
5
7
16
10
30
49
16
8
54
6
8
10
45
13
13
12
6
6
9
9
25
3
40
22
12
13
79
15
3
34
4
3
27
19
7
28
7
69
10
21
4
6
40
9
7
57
15
64
17
21
8
9
14
52
18
10
7
6
5
6
12
11
28
34
5
62
35
6
31
4
17
11
6
22
1
45
14
7
51
8
42
25
5
4
13
15
20
3
43
11
27
7
51
6
23
10
39
21
36
22
4
3
37
5
27
2
22
6
3
10
4
17
5
21
10
9
4
5
12
45
10
8
5
15
23
6
10
4
8
18
6
13
5
16
18
15
12
31
14
5
10
6
6
8
54
28
11
17
13
6
26
6