17
8
43
14
26
16
108
36
51
15
11
15
32
4
27
19
97
59
21
19
41
33
12
35
29
7
7
10
7
7
16
15
11
22
27
26
12
13
7
40
19
7
18
16
11
26
9
13
2
31
14
49
13
41
11
38
3
17
20
16
17
71
28
4
18
7
24
33
14
20
9
34
7
10
73
44
18
44
5
13
15
5
10
17
43
20
17
37
24
9
7
39
14
3
36
28
10
18
28
21
9
3
3
43
15
26
24
10
23
19
26
2
8
20
11
18
22
4
16
10
42
16
39
24
21
13
35
12
26
8
76
2
26
15
21
17
46
43
13
4
6
9
14
2
32
78
93
4
10
26
9
9
13
32
46
20
23
20
62
16
15
34
53
4
5
14
47
3
34
24
11
37
25
18
39
63
36
18
19
15
21
18
15
44
55
19
37
22
6
6
12
9
19
48
30
26
20
14
6
32
16
16
8
17
26
8
25
20
21
21
18
22
19
30
18
18
3
23
8
20
23
6
17
20
37
12
33
41
18
16
17
7
14
9
25
20
18
10
25
4
16
56
3
68
8
13
3
12
18
30
20
19
6
11
13
7
5
8
20
77
1
38
13
35
11
14
22
27
32
20
25
15
9
19
53
98
22
42
5
40
41
36
21
11
70
8
19
9
10
26
11
24
24
30
25
6
4
11
61
20
24
16
13
3
3
26
12
19
5
9
26
40
101
13
10
88
10
18
16
28
26
38
6
9
16
3
20
18
52
21
28
17
32
16
9
10
27
32
248
15
17
27
33
21
38
9
11
16
5
9
17
74
5
8
28
23
9
25
51
21
15
9
22
11
9
5
22
22
19
15
18
10
32
12
66
23
28
29
5
23
18
10
20
19
27
16
15
31
19
29
30
50
9
43
10
34
26
11
23
43
41
58
24
13
27
57
6
6
17
21
34
56
20
38
32
13
9
37
15
80
21
10
7
13
36
10
7
28
6
8
32
12
37
6
54
20
59
14
15
2
44
39
22
15
13
11
12