14
30
8
63
4
4
2
38
10
20
24
5
3
16
20
16
9
7
10
16
12
16
12
11
6
20
8
5
7
64
13
8
8
35
5
7
10
4
24
62
1
4
2
25
25
34
16
4
43
53
20
10
19
18
12
7
9
6
62
19
12
14
40
99
13
6
42
29
17
28
6
25
46
22
16
4
7
10
9
3
6
56
28
28
22
25
17
22
33
9
25
17
50
10
52
9
8
13
3
15
19
4
5
13
19
32
6
7
12
10
36
37
9
23
68
9
2
27
9
3
25
5
6
7
7
7
13
14
21
20
14
11
3
27
16
6
10
6
21
36
22
34
5
22
28
22
21
32
20
10
13
21
13
15
3
11
10
7
13
40
20
9
44
14
12
16
16
30
50
9
28
28
5
87
85
2
30
31
6
4
5
24
17
40
28
24
7
20
31
13
9
14
8
18
11
10
16
12
7
22
24
13
17
19
11
37
11
36
13
17
8
38
10
53
13
28
38
15
7
24
8
7
14
50
9
26
61
8
9
9
6
2
5
30
37
5
32
5
24
14
5
7
7
30
4
8
4
6
25
14
18
9
6
10
7
6
34
12
20
27
7
10
9
27
8
7
11
6
18
28
6
15
33
13
15
11
101
40
6
8
28
30
12
13
47
10
7
34
18
9
22
28
6
5
28
7
4
4
25
10
28
8
7
9
37
13
3
7
14
14
18
16
53
18
8
9
27
25
3
15
11
10
6
17
13
6
43
22
8
18
15
14
4
22
19
10
37
7
5
10
14
20
11
19
6
11
27
45
35
62
23
25
4
5
8
21
4
47
14
12
41
16
96
10
19
2
17
5
36
4
8
4
5
13
5
4
9
55
12
20
8
14
9
8
5
10
34
35
15
21
7
4
18
26
49
20
41
9
6
11
12
11
30
6
21
14
14
4
5
56
10
6
6
50
21
8
21
12
10
12
11
3
49
11
20
21
27
7
6
12
47
3
6
8
7
9
17
61
7
22
28
26
15
5
20
9
10
35
16
32
5
40
23
32
44
22
19
9
9
49
7
16
4
14
26
3
28
7
7
2
11
7
6
47
35
9
7
15
18
9
9
11
27
20
10
5
32
36
38
74
36
5
4
27
66
19
13
16
4
6
21
12
12
73
34
4
9
7
22
67
26
7
3
16
56
20
38
6
12
20
28
20
13
5
15
27
8
4
8
33
17
25
18
7
23
4
11
37
27
2
16
4
18
6
7
71
10
24
28
6
56
4
35
18
19
10
22
13
8
6
6
6
12
8
10
25
111
25
36
49
5
26
17
15
10
6
10
15
3
2
12
11
85
5
15
12
17
93
8
26
13
6
64
6
7
8
13
5
8
65
2
16
29
9
29
60
12
14
6
11
3
9
10
64
14
9
15
10
9
12
18
5
24
26
6
15
26
15
9
87
27
15
9
26
2
2
9
55
14
24
6
11
21
3
18
8
61
26
10
5
18
8
7
19
27
3
10
23
14
10
13
3
33
17
25
17
25
21
11
10
12
31
32
5
12
7
32
15
9
8
47
41
53
28
12
54
6
70
15
155
3
3
11
20
17
15
20
5
5
20
19
47
4
32
17
26
9
25
16
30
11
40
13
84
20
20
35
25
24
23
18
5
7
12
8
36
2
5
6
4
4
16
21
10
6
14
6
12
15
12
11
14
25
7
7
8
2
4
21
13
17
46
5
8
15
14
25
40
9
16
5
8
17
6
7
21
34
16
17
56
25
6
15
18
87
6
12
26
27
10
19
29
20
17
19
7
26
8
33
8
5
4
6
16
5
7
9
27
45
5
7
34
5
12
3
17
12
11
2
58
9
35
6
6
14
6
4
4
10
14
6
4
10
14
2
7
34
13
22
12
12
106
13
5
7
8
19
29
16
11
26
11
13
3
24
9
11
13
34
27
54
11
24
14
48
37
14
10
7
20
5
7
13
17
13
19
10
38
5
6
18
14
3
30
37
54
5
16
22
6
3
15
113
6
16
86
11
22
26
25
16
36
34
20
14
23
34
3
4
11
4
2
7
7
5
19
2
9
6
32
13
7
14
53
25
8
23
10
65
7
28
34
5
22
7
25
7
2
8
4
28
43
28
19
8
18
6
7
6
18
24
3
31
16
4
50
10
3
28
19
9
4
7
6
19
42
18
24
26
12
9
50
19
28
16
16
14
5
82
16
18
31
23
29
10
31
9
10
27
12
13
7
7
54
27
11
68
18
6
6
45
17
5
53
25
13
5
12
7
28
7
10
22
24
8
7
12
19
22
21
20
9
112
3
23
14
9
14
16
18
5
8
41
8
6
9
7
19
4
10
48
16
17
7
7
28
9
25
38
6
7
9
5
4
10
24
10
29
11
20
17
9
10
24
23
32
5
16
32
7
46
6
16
23
14
8
3
10
14
48
46
3
38
22
15
34
31
9
30
9
8
32
17
39
6
14
5
37
33
5
19
24
9
15
95
7
4
16
5
3
19
31
10
7
17
11
14
20
24
18
34
10
5
10
35
9
39
28
20
3
14
7
11
6
20
13
10
9
14
12
15
12
18
23
7
96
6
11
16
12
13
13
16
11
17
9
8
12
8
75
7
7
44
42
17
6
7
4
8
7
18
16
40
27
23
5
29
13
7
18
10
41
5
13
31
6
9
6
14
14
4
9
9
14
16
6
7
30
6
4
9
10
8
11
4
17
7
6
62
3
6
6
28
24
11
10
3
4
9
19
112
2
7
7
50
14
14
5
5
12
3
6
7
4
6
9
4
33
9
20
26
20
27
9
20
19
6
9
13
35
30
6
2
10
13
4
34
3
19
5
13
9
9
31
18
4
3
7
36
12
12
19
16
46
21
33
4
9
3
15
7
31
4
29
31
8
16
11
32
4
7
28
15
31
22
18
20
13
13
166
72
11
9
8
24
3
7
17
7
9
5
24
3
68
43
20
21
8
4
7
12
36
5
16
9
13
7
8
17
7
6
10
42
25
32
21
28
37
40
26
36
5
32
26
13
15
17
13
3
2
25
9
9
9
12
15
15
12
20
14
12
9
15
8
23
4
40
23
11
15
5
8
12
54
13
18
9
8
9
53
42
21
21
16
9
10
16
61
16
54
4
5
13
11
8
26
26
19
37
20
8
5
27
5
23
2
47
11
29
3
24
20
8
32
12
14
18
27
32
20
48
7
5
9
5
13
39
38
63
13
26
12
13
18
7
8
331
20
8
52
15
12
4
11
26
23
51
21
99
12
7
17
16
20
18
11
31
13
4
12
32
23
7
11
25
29
16
13
37
96
25
42
25
3
10
21
10
10
8
26
22
12
60
26
15
45
16
27
4
21
12
36
10
4
31
4
19
14
5
6
19
51
3
12
20
5
19
2
27
25
11
5
66
13
6
14
7
71
23
12
23
25
10
17
12
8
6
13
28
12
5
5
27
10
19
5
11
19
25
8
7
10
18
60
13
13
9
12
29
10
14
11
23
19
23
25
10
13
52
60
15
10
11
9
20
10
58
3
30
15
11
6
17
8
12
37
18
3
15
10
10
6
8
15
5
29
35
6
8
23
2
7
13
20
9
46
35
32
25
3
7
29
30
28
2
19
7
9
5
29
14
20
20
22
9
5
6
11
7
28
9
14
11
14
24
4
124
21
11
11
32
18
9
16
7
38
14
18
9
5
17
15
23
11
5
9
9
20
6
11
6
5
26
18
36
12
10
12
8
35
10
6
14
26
21
14
42
8
9
5
13
20
14
5
15
10
19
12
26
15
7
13
5
45
18
6
10
6
21
38
10
6
9
16
14
15
34
6
4
30
9
13
12
27
16
9
35
33
12
29
23
16
32
22
4
6
4
7
13
7
7
14
21
7
11
22
9
7
31
17
7
15
15
13
7
29
43
11
4
6
19
6
22
23
70
23
5
46
48
46
4
24
22
6
43
6
23
5
20
9
22
17
32
11
8
12
7
11
6
12
6