40
25
44
16
42
22
11
67
37
8
16
39
10
108
8
38
11
28
15
30
98
9
18
26
31
7
52
99
11
33
84
10
42
9
35
12
40
18
13
10
54
17
25
13
10
12
19
12
22
60
56
26
6
50
30
7
10
21
33
13
19
30
19
24
24
26
8
6
5
69
9
17
15
27
9
21
17
7
42
4
7
46
9
13
42
16
42
12
21
41
12
10
4
45
10
58
19
43
16
81
11
14
24
48
19
21
11
12
61
38
8
30
40
63
14
10
20
18
11
16
10
9
20
42
4
23
38
42
8
17
9
34
26
18
72
13
12
31
58
17
37
23
88
26
16
13
17
25
22
69
19
26
13
7
11
45
15
24
22
40
27
37
114
7
12
50
12
61
7
18
31
10
18
16
16
48
26
27
6
28
18
70
64
21
47
27
10
27
14
44
20
14
35
22
8
35
16
17
22
18
13
44
8
9
28
20
19
6
90
18
100
20
24
13
21
36
70
35
19
42
38
40
12
31
5
25
15
20
18
26
20
57
37
125
28
61
46
67
12
28
18
33
35
26
21
28
16
23
4
19
4
15
16
35
22
6
11
11
29
30
25
41
27
5
11
16
21
9
16
35
9
16
23
42
21
30
20
28
4
13
11
11
77
17
44
37
26
41
25
5
20
26
16
69
43
26
8
10
20
9
13
12
21
37