8
7
23
26
21
46
13
3
10
3
6
16
20
5
10
10
19
7
9
11
6
58
24
25
6
15
7
7
5
14
9
20
21
23
15
5
6
11
10
12
9
4
12
14
13
43
13
5
13
7
11
10
10
8
15
34
42
5
15
21
3
15
19
14
16
5
27
15
13
2
66
16
6
54
10
58
11
9
17
45
21
9
6
2
12
9
11
20
3
31
35
7
11
19
3
9
40
12
22
24
17
4
20
5
6
6
5
15
44
16
18
30
45
7
8
12
23
30
9
16
13
4
18
7
27
16
17
21
47
14
35
15
8
21
29
5
19
19
15
30
12
3
35
9
8
89
15
9
17
6
7
10
10
6
25
8
17
15
2
19
11
9
12
38
25
22
22
16
11
5
31
11
10
7
38
5
23
19
6
25
11
4
24
16
7
5
17
10
21
16
18
10
15
5
12
5
14
24
34
8
8
5
7
12
52
36
7
82
9
4
59
10
11
10
10
13
23
17
13
13
22
8
19
5
15
20
7
10
22
11
13
32
18
8
9
7
16
7
8
7
16
4
2
46
22
20
28
46
15
13
22
25
15
7
40
32
70
18
11
15
8
60
17
20
7