14
4
29
6
63
29
35
7
15
14
6
21
5
35
12
6
6
26
23
15
38
29
22
9
15
12
5
26
73
49
20
15
47
92
4
44
4
16
16
30
24
58
12
10
15
13
134
16
8
42
12
76
5
30
11
14
32
26
6
12
12
24
8
64
8
13
7
13
12
39
40
19
34
35
41
69
25
48
7
5
16
3
199
5
35
11
14
30
11
3
5
54
41
9
6
35
12
10
9
6
17
97
7
5
16
11
14
11
1
25
10
19
47
16
28
62
40
5
2
5
10
21
19
29
22
13
23
36
31
8
30
14
25
43
14
13
52
32
32
8
52
18
11
9
67
14
56
13
13
44
19
14
58
19
15
7
18
16
10
47
70
6
6
13
6
11
6
26
15
7
4
12
9
31
39
6
15
8
28
18
13
50
25
11
4
31
4
32
31
25
30
36
17
8
8
9
6
17
9
19
30
17
6
18
12
21
25
8
11
11
9
6
22
43
23
12
10
6
26
82
45
8
23
28
10
5
3
21
32
5
24
52
13
9
5
8
8
18
28
9
48
83
19
16
19
17
5
41
14
8
17
6
7
4
12
34
7
21
32
18
55
12
13
17
39
40
11
37
10
10
13
5
10
12
35
13
17
35
8
20
13
43
47
6
17
11
23
28
7
20
15
16
22
5
35
11
14
6
5
30
9
10
6
46
12
27
8
51
82
42
7
45
6
4
6
77
32
23
13
9
12
11
70
15
14
6
38
14
25
22
39
10
15
65
22
45
70
21
21
7
41
4
10
35
11
29
33
10
16
7
51
11
12
45
40
17
23
28
20
11
25
28
40
23
12
18
8
12
18
33
39
27
15
6
21
13
13
11
9
18
14
8
23
16
16
43
125
23
10
44
11
24
15
9
12
3
39
71
4
13
23
27
19
32
9
10
37
10
20
37
11
10
6
7
55
19
14
10
11
7
3
31
5
2
23
29
19
10
42
10
31
3
19
11
6
19
30
14
6
5
10
33
42
30
28
29
37
24
5
83
17
77
80
22
13
35
40
19
50
16
71
21
27
29
11
52
44
42
39
4
12
35
14
11
33
15
27
10
53
12
23
68
26
6
45
39
32
21
8
13
10
68
8
34
36
3
13
21
33
11
8
24
10
15
9
6
12
8
50
9
36
15
12
24
9
18
9
30
24
53
8
7
18
7
23
14
12
19
20
14
15
125
30
6
42
21
2
14
82
34
112
17
6
117
29
30
42
13
83
59
9
19
26
31
10
18
94
68
34
21
24
21
36
41
28
49
19
7
20
76
20
9
11
4
13
16
9
42
16
11
32
22
16
13
4
10
8
5
22
8
15
49
11
7
28
19
14
21
13
5
96
6
30
8
10
38
6
153
6
6
7
6
10
5
32
14
57
18
13
22
10
11
34
85
19
10
33
6
31
7
36
12
9
42
23
18
5
10
54
26
20
49
5
30
18
7
9
19
12
9
18
46
22
15
13
17
20
19
21
36
42
4
8
210
22
23
11
118
6
41
52
32
29
19
16
29
43
26
25
6
13
11
37
23
8
9
22
29
12
5
14
8
15
4
5
36
10
12
79
44
10
90
95
16
17
36
24
59
22
45
9
10
7
19
7
29
5
12
25
25
14
6
64
17
9
8
2
24
4
20
7
30
13
15
15
16
42
21
17
23
11
15
6
11
46
29
28
22
19
27
13
33
35
6
19
13
14
12
30
6
18
6
11
31
30
40
29
9
21
12
48
9
19
19
20
13
15
33
27
17
42
67
37
12
7
6
13
11
17
8
40
15
55
17
6
27
31
18
38
18
9
10
42
7
17
12
82
31
12
27
4
17
19
30
21
26
9
7
31
32
17
41
5
44
7
32
33
10
6
34
21
28
18
22
26
22
18
8
26
15
19
126
46
17
40
27
7
20
4
22
58
11
8
11
20
35
5
6
52
75
34
82
12
15
6
17
11
13
9
57
16
68
14
19
10
19
22
21
29
7
16
65
5
163
43
12
32
42
24
14
31
10
50
9
19
33
15
27
4
18
49
9
80
11
7
6
17
63
14
80
8
38
42
47
23
4
5
32
9
8
11
23
27
23
30
7
60
19
6
75
9
58
5
65
4
5
30
14
19
8
7
22
19
11
188
19
18
26
5
17
15
6
18
14
31
43
155
17
27
26
68
9
16
67
6
7
14
7
54
31
6
17
56
29
17
8
38
3
13
5
34
53
93
21
10
36
24
34
15
12
18
9
22
31
51
15
24
6
21
10
33
12
3
17
19
5
3
15
137
19
12
38
5
61
72
64
6
15
35
21
11
85
5
12
11
5
5
6
3
13
32
9
13
7
43
3
5
3
20
29
31
57
8
27
15
11
38
34
19
30
4
60
13
7
11
62
23
4
41
5
7
4
21
48
31
12
28
56
19
42
59
16
6
19
6
15
10
51
20
6
27
19
21
37
127
46
18
46
31
30
37
23
13
60
28
9
9
19
37
13
66
17
16
10
57
75
30
9
45
7
80
22
21
13
17
8
9
20
18
6
20
36
7
9
38
12
8
15
26
15
15
15
101
43
22
18
62
19
28
10
41
12
8
21
38
89
9
13
11
34
4
7
16
15
30
11
36
4
13
4
10
7
8
94
35
8
52
19
25
19
9
7
6
5
46
37
24
31
28
12
50
8
57
14
10
29
26
7
162
54
79
20
36
10
5
80
8
33
33
11
14
68
4
20
8
7
23
21
25
30
36
13
32
9
47
11
24
28
8
2
8
20
17
2
37
6
19
6
14
22
18
13
7
5
40
27
21
8
8
7
24
10
28
29
12
15
12
8
24
9
26
11
30
53
18
20
15
54
24
8
8
15
17
41
27
11
22
53
22
37
6
47
20
21
22
4
17
18
20
19
4
54
19
15
14
18
23
15
78
7
100
11
5
12
62
10
39
13
17
8
16
21
81
4
17
14
31
12
4
20
12
16
24
17
36
8
18
7
15
24
53
18
21
14
3
8
31
15
21
30
84
50
12
10
10
14
7
12
7
16
42
67
5
36
81
105
8
31
44
3
19
12
28
36
36
21
8
18
10
24
9
15
24
39
27
41
18
9
18
77
9
52
9
27
23
11
9
30
31
66
43
28
83
5
31
16
24
22
48
19
37
7
37
15
42
9
23
22
9
11
14
19
18
6
15
5
14
8
5
9
37
21
59
20
4
148
3
15
32
12
9
64
11
40
14
28
7
21
8
13
41
30
31
17
30
36
33
32
56
9
35
7
26
14
27
6
16
11
6
12
23
4
15
76
5
15
52
50
18
5
13
3
24
15
17
13
18
10
125
24
30
18
38
36
11
53
13
5
4
14
29
10
11
3
18
18
12
5
19
61
26
14
53
16
30
56
15
34
16
39
10
20
9
27
28
34
23
39
11
57
11
34
9
11
24
33
20
32
6
11
18
8
27
21
6
8
8
10
23
5
17
4
14
62
6
44
49
9
11
27
96
12
34
50
23
62
8
23
9
5
32
4
34
22
31
23
11
6
24
22
143
39
152
12
15
12
11
6
28
5
7
12
23
7
9
51
35
17
8
22
7
18
27
2
63
29
23
12
6
31
3
15
22
69
17
12
24
27
8
27
19
14
28
19
51
9
17
17
32
50
7
61
24
38
39
14
7
58
10
28
30
4
82
29
23
11
9
7
24
46
22
24
12
55
66
146
25
14
16
11
7
58
30
9
31
21
10
4
32
24
15
24
43
5
18
19
41
23
5
27
15
5
19
16
34
14
19
22
23
7
5
32
36
42
22
6
21
40
31
11
5
13
12
32
99
31
29
9
5
33
23
13
4
20
8
10
82
25
24
19
4
8
15
8
29
32
7
19
46
14
8
7
6
4
11
24
32
10
9
10
6
9
22
33
8
14
15
56
19
7
7
35
11
13
25
22
51
9
35
10
15
3
56
52
14
22
29
47
42
15
14
62
8
5
14
30
28
23
33
7
16
9
17
20
8
3
12
9
58
6
19
40
5
4
17
32
33
30
14
49
25
21
21
25
18
11
24
12
2
18
38
14
22
11
38
10
6
29
9
7
3
19
13
11
21
10
37
12
6
21
25
22
167
86
11
15
51
29
21
31
30
20
12
7
10
24
14
5
7
21
20
10
10
21
9
83
18
34
19
24
17
29
34
23
6
29
52
14
13
38
35
6
25
10
4
16
16
8
62
31
79
11
9
51
19
20
110
30
6
68
18
93
20
36
14
25
36
12
31
18
22
15
41
37
5
8
3
17
10
11
6
9
7
25
11
3
11
29
10
43
22
10
42
11
6
13
48
12
9
19
27
15
6
108
4
17
8
19
26
10
14
70
23
15
14
6
53
10
10
7
10
136
13
18
26
17
17
14
7
33
26
21
11
19
15
8
2
7
77
8
60
5
57
14
11
9
7
30
19
5
20
9
6
38
13
21
9
51
15
28
6
4
20
8
37
12
16
23
20
3
16
9
10
32
30
23
104
45
17
11
17
36
18
7
43
67
5
15
14
66
20
50
57
39
12
45
18
10
26
12
31
28
6
7
22
8
9
26
19
61
19
55
35
17
21
39
38
6
12
5
40
34
11
24
38
25
23
17
26
25
7
15
12
14
36
7
33
45
5
5
6
14
8
10
9
25
40
29
9
55
8
30
32
8
13
11
30
11
3
80
6
45
51
17
5
11
20
20
6
8
10
5
17
17
4
16
12
24
42
21
33
12
11
62
6
4
9
19
11
7
3
64
101
8
44
35
29
45
11
5
18
12
31
41
77
14
7
6
13
24
43
7
18
8
24
18
24
23
36
4
11
23
52
11
16
8
39
14
5
28
16
3
3
20
6
12
57
6
11
8
44
69
42
40
6
4
11
24
52
6
7
16
143
11
8
15
5
14
21
10
16
22
6
23
29
11
12
7
6
16
7
20
4
37
5
41
16
12
16
11
25
19
11
3
21
9
40
6
21
26
39
8
81
8
18
8
10
30
4
35
25
21
40
20
14
7
27
62
6
11
13
40
8
18
6
18
15
7
4
53
12
19
7
11
47
18
76
24
7
23
40
52
16
29
15
12
18
30
8
9
60
13
41
6
13
28
116
27
5
6
37
52
25
38
5
20
11
19
16
6
28
42
69
7
23
5
8
10
28
9
24
27
29
26
32
12
62
20
12
25
26
13
5
148
25
11
19
5
18
11
10
26
13
22
20
9
5
5
26
19
29
52
16
59
7
21
123
57
26
9
25
28
15
41
35
13
21
8
5
27
28
20
5
16
4
21
9
38
13
22
8
20
8
11
93
20
16
6
51
7
83
33
31
70
10
6
26
46
8
31
28
21
8
16
9
149
14
4
31
22
24
9
23
27
17
5
16
16
10
33
19
8
27
5
31
5
12
24
22
5
23
12
47
4
44
11
28
27
21
60
20
4
19
36
19
37
10
51
28
18
6
12
23
12
23
10
29
4
7
3
8
40
17
9
20
5
27
15
6
42
26
7
29
54
46
21
13
23
15
6
5
6
33
37
8
11
10
55
11
44
26
14
8
9
4
16
24
5
6
10
8
6
51
8
40
15
7
16
19
13
189
20
8
21
6
6
12
17
29
16
71
16
17
72
136
66
7
37
9
9
11
30
7
18
7
41
29
9
31
7
18
24
20
106
7
63
10
38
33
4
21
18
5
20
11
37
33
18
25
33
21
33
15
4
7
16
18
37
22
37
67
22
27
37
5
20
8
13
6
34
30
39
8
22
49
7
65
14
14
52
23
17
8
24
5
7
34
6
27
69
20
17
10
45
6
11
94
21
8
18
3
15
18
10
45
18
7
6
23
19
31
73
3
73
16
34
9
21
20
6
14
13
10
7
12
116
14
19
52
31
20
27
6
15
14
40
15
30
25
30
15
10
29
22
5
37
6
13
5
11
6
22
24