17
38
27
53
9
43
7
5
11
5
5
9
11
2
57
17
100
4
20
4
27
16
11
15
25
20
14
7
18
10
8
34
5
16
10
26
21
20
8
7
63
10
78
7
15
11
11
46
3
5
33
14
12
9
47
2
13
13
19
17
4
19
10
2
28
12
52
6
18
39
7
11
42
18
7
16
49
57
5
26
24
42
12
6
36
31
7
9
21
11
62
10
5
8
8
3
8
17
18
7
21
13
4
65
8
4
19
18
4
21
11
23
5
12
6
21
20
21
7
22
24
12
53
3
7
27
6
4
4
7
10
3
5
19
33
47
4
43
16
22
37
3
21
8
16
36
16
6
24
10
29
18
29
8
28
12
5
12
61
52
12
59
30
4
31
24
23
27
24
10
76
4
12
51
23
3
30
27
34
13
22
28
8
13
20
85
25
18
13
14
31
17
6
19
20
3
47
20
23
31
13
22
21
10
6
15
13
13
12
6
27
19
31
21
35
45
24
21
29
6
22
13
30
31
45
23
23
39
25
11
5
9
52
59
15
12
42
11
24
38
9
18
13
77
6
5
58
22
17
17
21
14
9
5
7
5
67
28
48
26
11
26
46
15
17
43
4
8
8
27
26
7
9
25
6
39
11
5
16
45
17
29
14
10
21
2
31
28
63
6
54
15
16
26
67
2
19
32
54
54
7
28
8
30
22
3
52
14
21
18
12
19
11
24
8
14
11
44
20
16
16
28
12
22
15
21
20
42
19
39
16
48
16
46
21
4
13
26
14
22
4
30
9
24
13
6
22
22
16
18
17
13
14
45
7
12
19
9
6
5
23
58
29
12
4
42
59
33
11
45
7
43
8
19
20
91
14
53
4
16
11
7
20
6
10
13
31
7
36
32
26
5
10
28
186
23
11
5
18
5
10
18
27
31
25
15
5
33
15
5
12
12
12
26
11
20
5
22
13
21
37
7
14
13
20
36
16
48
15
18
34
8
14
15
18
8
5
9
84
30
44
33
16
18
11
22
15
9
39
14
18
27
23
12
9
2
24
36
10
42
15
21
8
10
6
6
16
18
24
48
18
11
20
2
7
5
25
12
15
7
21
11
8
61
8
15
5
17
13
17
35
3
19
7
5
3
32
32
18
18
54
26
14
4
9
17
18
65
38
14
6
25
8
5
23
11
11
8
9
31
46
26
59
20
19
3
5
12
17
15
24
7
14
11
68
15
8
18
4
29
11
40
13
18
62
7
22
47
52
77
9
12
27
10
25
23
32
4
21
71
13
25
13
29
6
6
11
24
39
35
17
15
17
13
25
18
14
29
31
28
23
9
25
12
3
33
9
5
11
10
47
11
6
20
7
3
10
10
67
25
16
23
4
4
26
15
13
9
47
19
32
19
4
20
4
19
7
15
19
17
12
12
7
8
9
35
13
26
12
11
10
25
24
33
37
54
19
32
82
25
19
21
16
52
8
3
20
14
13
61
8
6
18
27
8
30
17
4
10
18
9
4
11
16
13
17
21
5
16
19
41
21
35
53
5
22
18
22
13
46
5
27
9
35
48
14
10
22
16
65
29
3
6
22
25
17
37
16
20
47
7
15
4
94
30
27
4
28
28
7
58
4
13
8
6
28
42
22
48
18
62
9
8
20
12
19
38
18
7
19
26
15
18
9
9
7
22
7
28
5
10
7
26
7
22
43
20
8
9
6
24
23
15
11
58
17
65
32
18
17
9
28
25
50
26
16
8
46
105
7
12
25
19
15
32
6
22
23
28
6
6
77
20
10
14
18
5
7
25
60
21
25
20
39
35
11
10
21
5
15
27
7
17
14
10
35
26
4
12
9
55
35
18
19
5
30
13
23
11
20
16
8
24
9
7
85
24
22
46
38
24
9
12
18
29
15
8
44
19
9
18
11
5
39
7
7
17
27
22
8
14
85
21
19
7
22
7
80
17
11
10
4
20
16
10
13
11
6
65
5
24
20
11
14
11
45
8
13
5
29
19
11
4
17
11
6
47
50
33
55
14
11
18
25
4
32
17
6
9
4
4
21
29
30
24
20
5
15
46
12
9
7
16
31
18
22
11
48
3
6
8
34
32
4
5
10
36
18
15
18
38
55
8
5
5
5
22
15
45
21
12
44
25
63
8
19
14
14
18
5
10
29
14
31
33
59
72
8
10
37
17
331
18
10
36
24
18
46
30
12
5
110
7
7
1
20
20
67
34
7
20
10
20
7
6
9
4
9
5
10
45
7
61
16
16
166
81
7
15
9
14
45
12
10
18
32
38
12
4
15
9
14
10
15
9
7
21
54
3
27
41
64
19
29
8
49
29
49
9
24
6
13
27
9
29
63
23
11
21
21
7
22
37
13
5
21
5
34
15
28
8
10
12
37
28
30
10
18
78
29
13
26
12
14
8
8
22
20
17
6
6
17
28
12
5
20
12
5
11
35
9
27
30
66
2
13
16
20
26
17
19
13
75
6
82
47
79
20
22
8
17
49
6
10
44
12
2
6
18
19
9
7
6
20
13
40
20
7
9
57
24
32
21
27
7
6
38
11
48
30
6
7
39
30
15
16
22
44
8
10
5
19
21
15
25
10
5
12
6
12
45
16
4
44
13
9
10
16
16
67
5
72
8
9
21
42
13
9
3
6
31
13
5
30
16
15
6
13
15
8
5
5
3
23
37
13
39
5
37
29
20
18
20
37
10
12
33
51
14
20
10
45
28
41
5
21
26
10
23
12
21
35
25
12
12
38
25
23
10
3
60
18