3
7
9
7
18
108
21
21
16
13
7
26
14
11
35
16
8
27
6
6
12
5
24
27
11
9
5
13
9
2
39
31
39
4
42
4
10
10
20
9
21
26
8
12
25
20
3
8
6
17
14
26
13
43
10
21
6
8
7
6
6
22
6
23
12
23
24
8
31
27
4
8
61
5
4
13
11
5
7
14
10
14
5
11
17
9
6
23
11
9
43
16
26
67
95
48
40
32
49
17
9
51
17
10
5
16
9
3
11
32
52
47
9
5
7
12
6
15
27
54
5
8
3
30
4
6
6
13
31
10
13
16
13
7
4
6
10
59
6
3
20
25
27
6
8
8
58
16
6
30
9
5
5
2
9
3
8
7
35
5
28
5
8
14
92
17
56
4
47
47
7
6
8
8
5
17
9
10
16
9
35
10
17
14
18
13
23
16
6
4
7
22
11
5
20
17
11
12
13
48
47
9
16
12
27
8
14
21
11
13
22
33
6
7
12
35
72
7
4
9
11
20
5
38
27
8
16
9
11
7
28
36
12
4
43
14
6
44
2
8
7
11
37
4
4
39
13
11
8
8
3
4
5
19
10
30
13
36
63
96
12
5
46
19
13
22
4
3
3
9
27
21
14
9
17
4
12
17
6
8
6
20
5
6
2
12
23
5
19
16
9
77
27
47
6
8
28
3
72
17
9
104
16
23
28
44
4
17
36
24
11
16
13
16
76
23
4
5
24
3
11
6
13
30
29
12
17
32
4
11
7
4
39
27
8
4
5
5
13
31
23
10
7
14
30
10
12
23
17
29
13
4
5
56
10
17
17
12
20
12
26
36
43
39
48
13
13
28
13
6
44
4
9
24
78
21
7
8
8
5
4
8
8
4
5
4
12
17
4
9
20
12
11
7
6
22
64
15
10
7
12
24
21
2
6
18
8
36
14
6
19
73
28
18
39
14
27
38
24
11
37
13
14
8
40
20
14
18
4
14
37
3
2
11
12
17
36
4
12
7
17
3
10
28
15
11
5
6
22
13
7
15
32
7
23
19
19
18
20
9
18
20
23
11
6
10
8
6
6
5
8
9
6
7
15
5
11
6
16
4
5
12
3
13
31
2
6
15
19
3
11
6
57
5
20
18
35
22
6
33
9
26
30
10
3
11
3
10
31
6
10
3
7
7
24
8
10
10
8
2
5
21
22
14
11
32
4
42
4
4
3
36
32
38
13
34
11
16
7
5
2
16
23
10
17
5
25
80
5
11
6
18
12
31
12
8
5
10
7
47
6
6
12
50
28
4
5
5
19
37
24
21
5
6
26
10
10
11
13
15
7
27
21
4
82
15
16
13
7
4
7
12
19
4
7
21
2
80
46
39
90
18
8
3
46
4
18
7
6
20
10
32
8
27
35
3
27
7
40
11
6
15
19
4
6
6
6
12
10
18
19
24
18
4
19
4
13
26
26
30
13
29
14
40
12
20
12
5
24
9
15
11
26
11
17
11
9
3
57
30
7
6
5
8
5
5
4
47
10
11
12
25
10
11
5
5
29
4
27
6
17
27
4
3
89
2
17
4
20
94
12
4
15
34
12
5
58
20
3
5
6
4
3
49
71
20
16
25
21
7
16
6
9
12
10
7
7
14
20
23
10
8
5
3
14
5
21
18
9
27
5
16
7
8
10
6
7
11
8
7
16
2
11
11
19
8
3
202
31
41
7
34
4
14
4
18
21
63
16
8
8
103
10
12
41
24
5
8
12
6
13
7
23
30
25
24
5
13
50
4
6
11
16
27
9
8
9
28
52
26
21
17
45
9
11
25
7
3
36
12
4
13
8
14
9
3
5
19
23
18
8
25
33
13
15
11
55
96
31
8
38
26
4
10
5
7
12
4
7
15
10
8
53
50
12
6
46
63
36
44
8
6
42
8
25
14
33
31
13
46
6
102
4
43
4
117
9
31
16
6
23
11
10
4
11
12
38
14
11
32
7
10
10
11
8
9
5
22
14
19
9
50
9
6
7
12
16
31
13
18
13
12
11
16
12
22
12
7
5
40
16
18
4
33
6
10
4
4
7
28
18
6
60
10
28
9
11
52
9
10
29
24
16
3
7
18
26
5
11
49
19
34
15
23
10
21
17
5
33
3
49
28
9
16
18
54
8
7
67
11
38
10
5
7
7
16
11
6
5
18
4
10
18
16
11
20
14
5
8
4
6
18
14
35
17
5
38
20
15
11
6
19
7
3
15
43
5
26
27
15
5
11
26
3
9
15
28
18
18
48
4
10
8
33
65
8
55
28
9
74
30
49
11
3
6
24
13
34
4
7
25
10
4
3
80
11
9
12
6
72
6
7
4
28
26
19
25
3
14
21
6
17
11
28
19
17
20
5
5
4
5
12
4
19
14
13
33
9
54
9
9
8
10
25
48
18
8
14
4
13
32
11
10
17
17
31
24
10
14
13
15
53
47
26
60
27
11
20
18
28
56
13
13
6
4
17
9
16
11
12
27
24
12
18
37
40
7
63
45
4
19
19
4
3
13
9
10
10
3
3
20
22
15
6
28
13
9
9
9
8
38
3
4
18
32
3
4
9
40
3
14
5
19
5
7
10
6
15
9
43
18
9
5
9
43
18
9
11
7
19
24
16
19
15
69
41
5
39
7
24
14
19
10
25
3
10
4
6
3
17
10
4
7
4
4
20
34
29
13
6
22
23
5
57
69
11
68
2
14
5
14
3
36
25
45
22
12
25
5
6
6
6
107
13
6
12
20
8
50
5
24
6
7
34
3
13
5
10
3
18
3
11
31
17
12
15
12
23
28
18
13
11
24
20
16
3
6
3
30
24
81
14
2
10
7
13
42
43
12
18
24
17
21
11
9
19
26
14
25
15
52
11
37
3
3
8
7
45
7
25
70
27
22
34
19
25
6
11
37
22
36
10
5
11
5
19
16
15
23
6
14
4
29
32
7
35
1
13
8
11
8
18
17
18
7
3
31
7
5
8
46
7
2
5
17
8
50
11
14
6
27
27
22
46
9
11
20
9
5
7
19
10
10
15
4
9
7
18
46
10
7
17
18
16
15
37
18
13
15
3
10
52
12
13
23
9
17
5
8
5
11
24
7
37
16
33
5
74
9
4
18
4
29
31
3
15
5
24
4
28
5
8
23
3
15
14
25
7
15
16
18
18
13
16
7
9
20
5
9
37
24
10
14
5
8
6
20
10