11
5
4
27
11
16
16
21
26
42
9
33
4
4
7
57
15
14
5
48
7
4
4
48
25
10
6
15
12
34
7
32
18
5
7
15
20
75
7
19
7
21
43
27
8
40
5
13
10
20
10
11
9
12
31
13
33
4
12
38
16
23
37
8
15
56
21
17
11
21
26
96
38
5
8
12
23
6
15
25
26
18
11
6
38
39
25
9
11
19
12
9
30
7
11
11
9
10
7
72
33
9
49
3
37
10
97
16
6
7
34
16
13
18
3
4
8
28
7
37
47
11
24
3
18
23
8
35
9
20
8
66
44
11
7
3
7
8
14
11
49
17
6
4
13
11
10
8
12
32
14
8
9
22
15
11
10
31
6
28
22
13
50
17
13
49
8
6
44
21
125
16
5
27
13
37
18
21
31
13
26
24
13
7
20
24
3
21
14
15
13
8
17
68
24
28
54
31
9
14
6
56
10
16
25
7
15
12
10
19
41
5
33
8
13
4
24
83
12
8
9
20
5
8
6
10
7
7
11
7
11
44
19
4
15
20
68
7
10
54
8
52
27
40
25
46
10
5
2
5
7
7
23
7
27
23
30
14
3
17
22
34
32
27
13
6
7
17
14
11
35
10
15
32
23
5
9
43
28
10
8
11
16
33
3
10
9
18
47
8
48
48
3
8
15
8
23
24
42
26
23
41
11
6
38
3
31
4
7
58
14
15
16
35
6
12
23
15
36
23
7
11
8
23
11
3
10
9
13
16
14
14
4
14
12
28
15
5
4
10
9
12
9
56
17
11
4
4
18
22
10
26
22
14
18
16
11
26
16
23
9
18
12
14
8
20
30
13
18
13
8
29
12
13
41
24
22
6
35
4
28
33
40
97
11
18
6
5
40
14
13
4
17
28
12
5
15
6
8
7
11
12
3
4
19
13
10
6
15
30
20
27
49
2
8
16
46
7
14
17
13
24
46
16
52
10
5
7
59
29
24
65
3
23
22
27
16
12
9
10
20
12
14
8
10
14
21
80
9
12
3
41
5
6
26
58
23
3
9
13
23
10
64
34
18
8
32
32
18
12
7
35
8
4
15
9
9
7
9
12
32
9
9
37
30
54
15
19
11
3
10
8
7
7
19
17
15
13
38
6
14
11
46
14
25
20
12
8
16
7
23
8
14
22
14
5
56
92
68
11
42
19
2
10
11
17
3
44
54
4
91
8
7
4
24
25
101
6
22
6
6
35
26
16
20
12
29
28
34
61
13
14
16
22
25
23
9
16
13
144
7
17
26
12
14
4
63
93
79
24
22
6
15
25
45
3
23
7
8
17
3
19
27
7
23
12
15
16
5
26
24
38
16
6
8
18
25
11
26
8
45
31
7
24
27
8
32
8
7
24
15
26
16
34
19
11
3
5
10
18
16
7
32
48
7
6
31
25
23
6
6
11
3
7
22
13
13
26
42
12
13
6
12
18
15
5
11
8
11
14
35
11
15
10
22
13
6
13
10
10
47
7
3
5
9
7
4
19
14
16
12
10
42
10
51
6
23
6
8
5
14
53
31
6
12
27
6
37
33
24
26
16
13
4
12
120
8
26
16
15
7
7
9
22
20
9
9
16
21
6
12
6
3
11
11
44
30
2
33
38
12
26
6
21
20
12
9
10
51
33
11
13
116
15
6
12
15
9
14
55
19
29
6
12
15
25
7
15
11
6
10
13
8
41
6
13
34
17
17
26
5
2
13
18
47
20
7
24
9
74
27
4
20
19
6
22
9
18
12
30
9
18
10
17
14
7
3
29
24
19
24
50
5
28
12
7
27
36
47
34
7
24
9
27
17
6
20
6
18
9
12
8
14
6
10
24
4
8
6
18
13
29
85
9
25
15
30
38
56
17
3
30
12
13
32
7
10
10
29
35
5
20
29
14
11
15
42
7
14
9
30
29
17
10
6
16
4
8
21
27
4
5
53
26
7
20
27
28
14
10
32
8
23
15
8
13
8
7
51
36
7
36
16
28
6
18
8
13
11
7
5
4
9
27
9
10
11
23
15
9
88
11
18
19
6
41
44
31
19
12
19
22
14
6
5
5
26
12
10
35
2
11
10
10
5
30
7
8
21
6
5
71
70
59
29
29
6
7
8
5
16
51
8
93
10
7
55
24
6
8
23
5
17
12
2
18
5
50
36
82
5
25
47
4
17
23
20
24
57
3
14
20
26
36
28
24
4
5
8
12
51
11
21
9
24
17
89
4
33
35
15
2
12
6
9
14
10
10
10
7
8
6
18
43
13
13
15
16
13
44
79
14
9
9
11
13
15
11
8
57
24
61
4
9
54
16
13
26
71
10
15
8
15
9
25
5
9
21
26
22
5
7
26
9
23
21
8
14
14
12
22
40
9
16
7
10
35
11
7
35
16
25
21
6
23
10
25
24
2
17
19
4
4
6
18
35
51
9
31
21
9
17
6
11
32
5
5
6
18
24
9
13
25
12
4
15
10
20
8
5
7
37
14
12
9
85
5
24
4
29
14
16
10
26
3
11
11
20
4
30
30
49
10
18
14
10
31
16
52
27
5
15
63
10
43
5
3
32
13
10
5
15
8
33
18
12
8
22
16
9
23
3
9
20
17
34
15
13
9
16
4
31
11
86
5
26
10
9
11
9
16
8
44
32
12
60
32
9
18
40
55
6
11
20
17
44
17
24
70
8
11
6
29
16
16
5
12
20
26
8
13
47
14
5
12
7
20
22
8
13
38
6
38
18
45
35
9
14
28
15
15
16
7
8
6
31
30
16
7
30
17
22
10
47
12
14
18
19
14
29
13
4
22
18
8
24
10
3
5
18
31
14
21
7
11
21
3
3
24
6
22
7
19
13
14
15
12
22
21
13
32
17
48
10
96
16
8
10
20
6
9
36
5
4
6
31
13
10
14
10
9
12
46
41
24
6
8
12
26
28
22
31
29
24
2
4
45
4
43
17
9
19
12
8
11
33
28
20
54
25
3
15
50
32
14
16
14
29
7
13
14
24
21
9
41
56
26
45
11
10
8
47
32
6
22
33
18
29
3
3
11
12
11
10
14
39
16
11
105
12
114
10
52
6
45
7
11
7
40
51
7
5
20
13
21
7
9
37
20
45
9
29
147
18
11
9
8
102
8
23
17
5
28
9
25
7
14
8
21
27
32
35
9
43
14
6
7
52
17
30
12
13
11
4
162
9
25
5
27
14
8
12
13
10
10
6
22
17
29
38
56
10
11
21
12
11
24
30
29
24
16
14
8
13
9
6
4
5
29
9
25
4
5
9
16
18
22
8
21
9
9
6
12
9
7
6
23
4
3
21
7
27
7
28
44
18
11
7
8
11
39
44
31
26
35
18
29
22
14
48
8
8
10
5
5
8
15
26
7
9
12
13
3
8
7
7
8
40
10
13
15
8
12
3
28
22
6
9
37
3
30
33
18
15
4
35
11
53
14
12
45
27
17
13
17
11
13
7
4
22
32
21
17
56
9
6
13
63
7
7
41
16
10
4
4
21
11
49
11
20
21
24
18
8
8
2
17
68
11
8
12
12
38
15
14
8
23
9
14
39
8
22
23
32
67
23
28
14
4
9
78
7
39
118
3
11
4
25
38
11
42
9
31
9
3
26
6
2
8
6
33
7
6
47
29
10
6
20
9
8
2
11
7
14
5
4
9
16
24
9
19
7
10
7
16
17
16
19
8
19
32
11
4
11
5
22
21
75
8
11
22
9
7
11
30
6
15
17
12
14
10
7
22
6
35
8
29
52
6
20
19
41
4
8
9
5
10
9
12
10
15
40
10
34
13
16
9
13
26
21
10
8
16
62
4
39
7
12
23
14
13
8
65
7
10
19
13
14
15
60
13
10
5
16
22
12
35
6
15
48
12
8
28
18
16
6
20
9
14
12
12
10
22
5
12
94
25
12
25
4
33
17
10
26
7
9
19
11
16
4
34
56
35
11
12
22
18
3
4
11
7
18
7
36
81
4
18
9
11
10
21
6
12
6
14
22
46
46
114
18
18
25
15
12
5
88
12
46
9
9
14
8
17
6
31
42
10
17
14
4
7
10
5
4
9
13
56
9
2
5
53
4
9
6
5
30
38
10
20
27
9
12
40
43
26
10
23
9
6
17
12
99
12
9
7
21
9
8
14
3
9
61
3
25
16
10
14
7
42
44
7
26
16
7
18
13
37
14
32
34
6
24
10
31
31
7
50
6
7
44
30
12
13
21
21
7
2
9
41
34
30
44
9
16
34
32
4
17
7
38
9
8
18
10
11
38
8
34
7
7
29
22
20
25
105
9
41
16
7
10
15
11
26
7
21
16
24
15
13
6
14
10
21
15
5
17
5
12
17
10
5
11
19
35
34
29
17
37
5
38
4
9
20
26
127
9
82
3
13
24
17
5
31
22
8
45
15
13
13
17
11
10
19
29
16
5
12
10
9
12
55
69
58
12
68
31
4
33
10
10
17
60
6
8
17
18
9
8
54
4
7
55
5
21
30
12
35
31
5
11
27
94
3
34
27
16
13
27
16
23
12
13
14
14
9
10
6
10
14
46
10
4
14
25
9
8
20
18
59
23
12
36
20
9
13
47
54
37
5
14
6
15
49
10
12
14
6
8
36
10
27
7
12
7
22
5
13
7
6
23
20
16
32
13
9
41
18
6
27
25
7
21
30
14
3
17
20
14
30
36
15
8
6
5
12
21
45
51
20
12
38
8
9
8
7
16
5
17
3
63
19
31
25
5
19
10
12
16
28
18
21
26
24
6
57
37
10
3
20
67
5
9
25
12
22
4
17
40
9
20
7
17
84
13
41
11
9
27
23
11
13
31
15
19
56
21
27
30
6
26
114
4
5
53
13
19
19
6
10
22
23
17
29
28
15
4
6
4
6
13
13
13
6
4
32
20
15
34
2
4
29
47
17
14
87
38
3
10
18
19
4
7
8
7
17
30
7
7
9
11
41
19
22
15
27
18
16
7
42
18
13
25
12
39
17
59
13
14
4
12
7
6
23
12
12
14
16
18
5
11
25
18
31
36
9
3
30
58
31
14
54
53
20
8
6
23
9
20
17
6
39
69
5
3
45
86
8
11
26
20
7
14
5
30
9
9
10
8
20
6
44
15
8
32
27
17
10
11
6
10
8
26
40
5
42
5
21
9
16
43
4
26
34
16
29
38
40
6
11
36
9
17
28
17
11
4
25
19
46
4
7
23
10
11
23
11
9
68
45
10
19
30
9
5
49
4
31
12
12
14
21
22
18
11
14
39
7
35
11
29
5
21
43
69
10
12
9
11
19
2
10
23
3
76
27
4
14
10
29
59
33
15
7
25
23
19
6
16
19
33
4
41
25
5
6
38
13
2
56
7
13
9
5
7
15
26
6
5
8
47
25
20
5
47
15
13
8
27
25
17
8
10
3
28
22
17
17
16
9
4
17
58
7
21
57
12
22
3
5
23
15
8
31
3
21
53
19
9
5
15
3
10
33
15
25
15
15
5
7
9
7
7
25
15
16
30
22
13
13
6
14
70
12
19
12
8
6
11
12
13
13
4
6
3
72
9
26
8
7
34
8
11
9
39
5
35
15
5
23
6
39
16
9
6
12
5
61
11
32
14
49
5
16
4
15
5
24
28
11
12
15
4
10
10
15
4
23
10
11
18
3
14
13
20
16
4
18
14
11
18
9
20
29
3
19
11
20
8
9
14
3
15
11
3
10
20
7
10
11
22
14
12
18
10
5
6
36
8
8
19
82
33
19
16
9
5
12
13
10
11
23
11
42
20
11
8
31
6
14
10
43
6
29
4
5
17
3
43
42
43
34
22
33
12
31
12
4
32
5
6
1
31
7
124
22
22
18
12
11
16
19
9
9
10
28
15
81
15
11
8
19
18
16
5
6
31
16
18
2
14
22
7
22
6
14
15
9
20
19
16
25
35
23
31
33
10
29
19
62
33
19
30
16
14
22
7
28
14
12
55
26
57
11
5
14
10
28
23
16
17
13
5
6
26
19
66
9
16
8
18
9
16
39
21
11
11
48
23
4
49
31
30
20
36
53
11
22
18
8
10
10
42
85
22
30
18
73
7
28
13
21
3
2
31
15
17
30
16
23
14
11
8
18
14
16
11
5
62
7
9
10
30
14
103
6
18
15
7
25
18
35
22
12
24
6
3
9
3
12
37
17
22
69
20
13
16
37
5
4
51
9
12
23
22
5
16
18
11
16
22
12
32
16
5
3
38
29
26
5
17
72
6
4
12
9
4
8
13
8
21
28
17
5
57
15
28
5
5
3
35
6
9
10
2
9
7
9
22
95
14
8
29
8
12
16
11
22
19
17
33
20
18
5
15
13
25
21
18
4
84
15
17
28
14
8
15
8
23
11
52
6
4
9
5
26
15
2
20
7
8
14
6
15
10
20
12
15
5
24
10
4
9
5
14
10
54
30
21
53
37
22
10
9
61
6
8
8
17
4
6
50
10
17
26
12
10
16
15
3
9
17
17
6
11
16
7
39
23
6
21
6
22
10
42
5
9
8
26
46
10
3
28
10
8
12
18
30
23
4
18
4
38
10
6
16
37
7
13
12
15
13
10
14
24
19
8
12
61
32
19
18
7
14
15
4
14
2
9
10
9
15
13
20
7
14
5
16
4
14
20
26
13
36
21
10
3
6
3
14
7
46
7
26
5
33
16
7
19
4
4
11
18
7
22
5
18
10
11
9
22
36
27
44
5
7
11
26
29
13
12
35
61
13
14
10
5
20
27
8
40
5
31
29
11
6
22
45
28
43
22
32
5
4
18
24
35
37
60
14
34
4
13
6
21
35
17
14
3
6
25
7
22
20
32
20
8
17
47
10
8
17
33
15
9
13
19
6
4
17
31
28
26
13
18
18
8
5
11
13
18
27
14
37
55
3
5
10
8
22
20
15
22
15
18
21
10
25
17
15
15
19
17
10
59
8
12
15
6
11
8
5
17
11
49
8
2
13
27
14
5
17
12
7
6
15
25
17
12
11
36
8
19
3
24
7
11
4
119
9
23
3
17
5
17
39
12
20
35
74
22
4
12
18
29
19
4
9
18
16
7
15
30
6
18
10
6
19
55
15
22
13
25
23
7
5
47
14
35
29
11
13
12
5
21
3
11
12
5
10
5
2
14
10
9
4
9
12
43
9
8
6
54
5
19
20
42
5
33
5
4
5
31
10
84
50
43
52
13
6
11
6
13
3
63
6
7
39
9
4
22
8
17
13
12
2
7
35
41
75
20
11
52
7
19
40
13
30
15
38
47
3
5
28
23
25
4
18
9
7
10
18
23
29
20
11
12
34
9
6
12
4
8
28
17
15
18
14
3
14
20
38
7
13
22
9
22
5
8
36
46
10
46
15
4
8
9
15
17
18
6
6
5
6
62
8
5
4
34
15
23
12
39
23
33
7
9
38
9
17
75
19
4
12
15
8
11
64
18
28
8
6
14
36
4
12
8
16
25
17
21
17
8
17
81
17
11
45
8
88
6
11
30
59
6
6
36
13
2
31
8
5
27
10
12
18
10
21
5
10
20
16
6
17
33
6
13
24
20
11
7
10
13
10
5
21
44
30
13
9
11
8
39
22
14
11
3
18
23
8
21
9
12
4
11
31
11
12
17
4
10
5
19
21
9
38
7
2
23
10
6
4
24
90
23
15
15
48
4
42
6
52
18
11
54
7
5
24
13
11
29
9
8
16
3
27
3
30
21
37
26
52
5
4
11
4
24
6
25
4
31
3
11
20
22
14
23
7
8
88
22
11
12
17
7
29
28
6
6
16
17
4
15
12
41
3
20
7
21
5
27
12
10
6
27
38
7
14
10
79
20
30
16
4
13
15
4
13
11
8
31
12
38
37
14
29
7
15
26
10
17
17
38
14
20
36
11
8
30
7
4
23
18
10
6
8
47
23
11
13
7
16
24
32
2
15
10
19
17
3
13
8
6
24
61
6
33
11
56
15
59
4
10
45
15
21
22
4
45
75
13
23
10
8
30
48
16
15
28
40
25
8
54
13
13
41
19
31
12
58
19
12
37
8
8
26
8
31
35
73
9
14
14
9
17
17
12
5
14
24
40
6
17
9
10
28
18
38
5
7
19
10
10
8
82
12
35
10
4
16
19
18
34
17
17
26
17
12
28
13
32
26
16
24
15
20
27
19
26
8
47
12
4
5
9
7
12
8
36
11
13
12
3
25
5
11
10
5
15
38
25
16
8
55
6
3
12
28
25
10
5
19
39
13
18
4
36
6
34
18
27
12
22
3
11
7
20
5
16
9
27
12
18
4
10
45
42
12
2
6
11
4
9
31
7
4
20
8
16
3
41
55
28
16
4
26
11
67
8
4
4
11
6
8
19
15
15
5
28
2
38
5
16
4
31
76
6
25
5
23
10
6
34
54
73
40
4
4
16
18
10
44
21
5
5
13
44
24
36
7
7
46
7
10
8
28
78
57
2
21
16
13
14
40
19
12
40
33
40
35
38
23
5
8
13
16
33
9
18
11
5
17
15
19
14
13
19
9
4
20
17
35
31
11
8
38
2
153
8
34
5
50
8
20
28
5
9
36
10
25
16
4
11
8
12
3
7
10
10
24
33
12
14
22
24
31
10
7
46
24
33
7
12
40
47
42
25
7
16
75
16
73
58
6
5
42
48
18
17
15
33
18
5
29
24
18
15
57
13
24
3
10
11
20
29
15
17
8
3
51
34
77
42
15
20
12
17
15
17
24
6
14
16
9
13
15
3
4
8
6
16
4
42
3
11
25
95
7
16
9
85
5
22
65
5
8
17
8
4
9
9
32
18
28
7
20
7
9
15
46
19
12
47
10
9
5
10
12
18
7
5
3
3
9
15
9
39
19
34
12
7
9
18
13
4
7
29
16
15
28
6
7
13
27
23
36
3
47
41
8
8
34
44
26
7
33
25
8
26
18
4
4
16
15
37
45
18
8
9
12
15
7
2
13
17
14
4
10
9
4
124
42
8
47
13
14
35
6
16
7
25
7
7
32
29
7
14
22
20
4
36
7
12
11
17
5
16
5
2
4
21
13
15
21
8
31
32
20
12
3
6
19
7
40
23
37
38
17
11
13
44
17
29
30
12
5
13
14
8
11
84
16
67
11
12
39
14
5
9
9
4
19
11
8
9
20
21
7
12
7
16
5
14
17
41
29
23
17
9
24
25
6
13
8
11
7
8
22
7
27
8
15
2
20
7
11
93
11
13
54
16
7
16
30
28
13
59
7
10
14
18
9
7
2
39
24
14
4
8
33
7
12
3
11
57
53
7
21
18
24
4
37
14
18
5
25
15
8
6
84
6
4
14
6
18
10
12
8
15
9
9
51
24
12
35
35
19
4
18
16
9
4
32
17
5
3
75
31
11
13
40
13
5
12
7
29
13
15
7
54
11
22
9
23
4
11
6
16
12
10
9
34
11
4
9
14
56
8
7
46
6
28
5
11
7
58
8
11
63
41
27
38
6
13
19
16
4
10
3
23
11
23
36
18
44
10
19
16
19
15
8
10
15
46
18
38
49
9
14
9
16
8
75
3
36
18
7
16
16
22
23
22
23
20
21
72
12
39
9
11
16
11
24
12
9
11
9
5
17
5
7
5
14
37
43
15
27
28
8
11
26
9
6
85
40
6
48
12
13
7
28
12
11
5
10
15
16
42
33
17
40
7
12
25
18
6
51
14
53
47
10
8
37
7
7
34
20
8
33
9
10
32
10
5
14
44
70
8
35
27
29
13
6
18
48
12
55
9
8
9
21
4
63
21
45
48
10
12
41
28
79
5
13
8
8
8
12
18
26
14
9
97
12
18
15
14
6
12
11
31
20
28
19
18
36
20
11
29
23
6
15
5
14
22
15
4
20
23
3
18
16
16
10
10
15
14
6
37
10
28
60
30
45
27
7
14
8
15
8
21
4
16
12
6
6
4
9
7
4
71
49
29
51
12
50
18
16
9
44
29
6
13
82
8
4
26
68
58
13
9
31
11
31
28
27
9
49
29
11
21
54
25
6
6
75
29
14
4
3
3
34
15
10
13
14
18
3
23
6
6
40
29
14
8
13
18
11
52
23
20
20
9
13
14
8
57
34
7
70
78
36
12
17
17
31
9
19
16
14
6
59
14
4
10
14
14
11
11
12
13
13
24
30
8
18
16
6
19
6
29
5
13
55
33
6
31
6
15
30
6
5
10
27
25
18
32
7
41
18
17
34
9
29
4
46
19
25
17
29
8
12
3
24
10
25
14
30
103
10
13
5
12
17
17
7
22
21
9
42
5
9
22
26
28
15
24
14
5
5
26
11
15
28
33
16
7
32
32
36
5
8
13
11
16
22
80
38
13
14
6
6
9
36
48
17
18
4
9
4
47
4
4
12
7
13
59
8
2
12
12
5
11
30
120
49
8
16
20
14
18
4
22
23
66
34
7
7
33
14
11
10
8
63
5
5
35
38
12
20
19
7
12
6
15
5
25
9
19
29
15
41
37
7
14
12
27
10
14
7
13
15
19
3
20
4
16
5
7
7
13
6
12
16
9
19
6
14
38
4
42
11
21
12
9
8
17
7
8
37
35
30
14
65
25
5
7
14
9
32
19
18
19
10
5
5
11
6
15
6
21
15
16
8
15
11
29
10
14
33
10
12
5
16
26
48
69
95
10
14
54
6
5
19
9
13
15
18
9
11
26
30
17
8
23
3
13
33
7
20
29
6
7
11
7
8
8
4
29
32
32
36
25
10
46
19
56
5
19
10
5
15
11
13
17
13
27
7
38
7
28
57
16
29
18
35
131
21
7
15
20
14
12
14
8
3
3
9
23
17
8
4
56
33
9
15
15
7
27
11
8
27
42
18
24
8
5
9
18
16
37
3
28
8
42
30
6
37
28
10
6
8
10
7
26
9
28
9
11
9
14
15
15
21
23
12
22
32
6
22
4
10
47
27
8
19
13
16
12
9
9
9
16
5
19
34
16
74
17
7
4
5
17
15
32
155
38
28
20
106
23
18
27
4
20
12
26
4
10
13
52
9
23
11
6
20
10
32
5
43
21
13
31
8
8
20
50
5
21
8
23
8
7
13
11
3
10
21
49
15
13
8
24
10
10
19
5
20
49
10
19
94
9
4
14
9
15
8
116
14
10
15
20
25
14
38
4
4
36
15
10
20