25
12
15
8
40
7
39
35
3
18
57
26
7
18
5
12
3
6
15
2
11
7
50
8
7
3
17
7
27
14
35
15
15
8
16
26
13
5
18
5
10
8
4
7
9
42
11
42
15
21
12
15
5
13
13
10
12
17
18
9
38
28
29
19
8
3
6
21
12
18
7
8
25
90
38
3
37
10
2
12
4
6
17
9
43
5
10
17
58
15
49
16
62
11
11
10
7
11
5
28
11
10
4
33
40
6
5
13
74
10
9
4
10
14
4
4
8
15
12
10
8
58
11
9
10
28
9
16
9
48
21
50
24
14
13
17
55
37
15
7
21
6
8
9
6
16
18
8
5
16
17
3
8
5
20
3
8
8
8
5
9
4
13
17
18
22
33
75
16
16
6
2
31
15
13
22
28
10
7
22
8
5
12
29
42
4
14
52
15
50
27
43
10
5
5
16
30
14
27
6
5
3
39
9
6
19
11
15
21
4
2
7
7
20
20
12
24
13
35
17
13
20
7
8
12
4
4
17
62
6
7
33
47
52
11
63
7
7
14
8
8
13
21
19
12
4
3
46
9
13
11
11
12
8
8
5
9
20
8
6
14
6
51
30
5
5
21
4
13
20
27
3
17
11
6
106
26
20
4
8
11
78
48
12
6
82
17
10
4
12
7
11
5
17
38
10
13
7
23
5
24
2
66
12
4
14
4
21
32
14
6
13
6
11
2
28
43
12
15
20
12
15
5
29
18
30
19
18
57
7
5
47
9
25
4
34
211
7
17
28
67
16
33
6
2
4
5
5
4
20
22
14
11
23
7
42
48
9
17
27
8
15
13
10
11
2
5
24
30
23
4
10
4
26
6
23
7
11
6
16
14
11
20
33
11
9
17
11
13
34
36
6
5
11
14
19
11
16
13
43
27
4
4
6
9
47
60
9
10
26
16
38
30
33
38
11
25
6
6
44
22
9
15
9
47
21
6
40
3
10
21
26
55
4
6
13
38
27
28
7
19
6
10
37
17
8
5
10
15
7
39
58
56
25
7
27
11
46
32
17
6
78
5
8
4
13
12
32
19
17
9
14
23
8
6
9
4
7
9
19
7
10
57
23
22
16
26
23
9
22
15
12
15
8
164
8
37
14
5
37
9
9
20
5
18
3
29
12
7
7
8
17
5
46
7
16
14
15
18
9
36
15
13
38
21
30
48
9
16
52
11
15
11
7
6
45
7
26
30
4
22
17
6
15
24
5
8
5
10
12
45
28
13
3
33
15
45
39
16
21
15
49
38
106
5
18
5
32
21
3
6
12
22
9
36
23
5
15
11
7
6
12
22
17
7
54
14
6
30
5
12
20
13
5
4
4
27
37
28
16
21
15
9
58
8
12
12
22
21
7
10
23
24
8
34
36
13
36
5
19
4
30
4
13
12
36
25
18
14
7
21
16
4
12
8
7
17
56
26
15
27
20
6
25
39
33
11
9
10
26
23
16
4
23
14
23
16
21
28
28
20
12
8
3
58
17
42
11
12
38
13
11
39
47
12
25
42
18
12
7
21
101
6
30
7
7
14
48
3
16
13
8
29
27
11
4
16
7
29
11
21
7
2
10
22
4
51
22
54
12
22
17
7
8
4
20
7
22
15
9
21
5
8
15
10
51
12
8
8
114
10
55
6
7
3
5
18
14
4
11
21
18
6
6
19
11
20
5
30
25
23
26
13
14
17
17
51
8
13
33
7
15
6
5
6
7
35
18
95
18
16
5
38
12
14
51
6
18
15
12
50
5
12
27
6
42
7
6
16
24
14
19
20
33
15
12
5
17
6
29
21
20
25
27
30
8
30
15
32
32
10
3
27
53
59
4
31
4
65
24
16
3
18
17
32
7
73
14
49
8
4
21
5
4
34
8
54
16
21
14
21
16
11
10
6
21
21
6
11
17
3
7
59
12
93
6
38
13
17
10
12
5
6
12
11
40
4
16
15
5
2
36
9
6
18
29
56
33
19
15
14
29
7
35
4
17
14
17
98
14
8
22
13
20
26
32
42
14
18
5
49
26
7
21
14
9
21
20
7
12
23
13
6
4
15
12
30
29
8
16
12
11
7
4
5
12
12
26
19
17
7
24
52
12
13
16
8
15
19
12
5
24
40