27
6
32
9
11
91
6
38
9
7
36
18
36
15
5
40
15
5
8
4
5
51
26
50
24
8
21
114
12
6
92
15
94
9
31
13
6
5
5
16
29
17
5
19
14
12
17
26
15
19
40
45
10
33
18
4
8
5
22
13
10
12
18
30
18
28
6
22
34
15
40
33
68
35
12
15
15
6
24
34
18
8
7
56
34
7
29
55
75
28
26
10
25
23
14
182
10
42
21
38
43
11
9
85
27
128
4
26
13
83
26
49
22
32
28
16
27
36
14
47
76
37
31
3
13
6
29
24
38
31
51
46
25
52
31
31
18
26
4
47
30
38
78
7
21
25
25
19
11
20
26
5
7
110
6
38
14
66
6
22
26
10
38
20
39
13
13
5
39
9
9
14
18
20
8
8
44
8
22
26
14
11
8
37
16
17
18
6
13
12
6
7
4
57
32
21
43
17
83
11
15
50
6
8
15
6
17
107
20
17
26
9
35
28
26
31
22
25
33
29
36
17
18
27
13
16
18
9
11
32
37
45
7
37
14
27
27
27
18
35
11
49
39
22
20
37
17
27
30
14
8
8
13
12
37
6
26
11
43
24
62
47
26
14
26
62
19
46
76
24
50
9
25
13
37
75
5
18
42
19
9
41
20
25
79
7
33
11
10
21
10
11
18
24
3
15
6
12
32
7
31
40
28
12
25
13
20
5
6
19
56
17
15
23
60
53
38
8
15
33
23
28
5
4
8
30
39
23
9
12
32
15
51
6
15
44
7
30
33
21
44
17
26
25
8
10
22
7
16
35
12
27
21
51
17
21
23
6
41
11
130
26
17
14
22
5
56
21
6
37
40
26
15
6
9
16
43
15
37
109
15
73
70
49
5
23
35
26
36
12
32
4
27
24
43
22
15
42
10
39
11
56
3
9
11
83
34
11
39
29
12
12
9
49
30
26
17
20
6
10
25
48
27
56
3
18
6
21
31
9
10
12
37
20
17
14
20
45
30
64
40
40
17
32
22
18
20
33
20
12
19
23
12
23
50
22
16
32
32
10
5
17
26
8
10
10
13
13
29
9
11
18
71
16
21
37
71
56
10
4
21
23
27
40
22
54
43
16
7
55
17
5
15
24
20
31
37
25
3
27
21
13
47
8
10
16
16
8
37
35
60
9
12
32
58
10
13
9
39
6
18
98
22
33
37
50
22
19
15
58
20
8
103
17
142
10
19
31
10
21
33
5
34
29
52
19
37
10
39
12
4
23
20
24
44
33
6
19
53
69
23
15
6
29
16
34
7
20
13
25
17
33
9
6
43
27
22
17
14
10
40
37
9
22
17
23
102
10
12
39
25
13
11
3
11
13
25
3
37
53
10
22
8
17
33
42
31
16
80
17
9
42
10
46
1
7
42
10
20
33
9
7
19
48
12
41
32
12
35
12
39
20
10
10
64
18
7
11
19
8
23
45
30
5
38
27
21
34
51
4
22
18
63
3
23
21
22
26
18
14
15
11
5
17
19
12
12
51
41
54
98
6
31
2
18
25
26
8
72
5
26
38
5
12
14
2
29
21
48
36
25
11
21
20
80
35
18
12
14
8
20
10
5
31
26
7
50
15
20
14
7
6
12
37
31
5
23
4
29
27
20
26
12
6
8
8
30
24
17
53
47
55
24
10
6
6
27
13
13
54
20
16
6
12
26
32
14
7
31
8
5
10
41
16
13
31
27
33
36
8
14
34
11
56
25
36
16
2
9
6
11
24
24
6
44
14
58
23
38
36
6
12
17
6
28
24
23
19
44
27
60
14
26
39
17
36
37
6
16
40
32
11
60
35
4
11
8
16
5
53
21
6
4
34
14
31
26
19
33
20
7
3
10
17
11
26
10
31
10
22
58
19
6
11
44
21
21
56
18
49
140
9