19
12
2
28
6
12
20
15
12
15
55
2
7
5
14
29
27
54
5
5
24
11
17
4
17
32
14
59
26
10
14
23
17
113
10
8
16
72
19
20
5
30
31
30
26
45
22
5
12
49
12
126
17
6
18
7
11
17
11
14
21
4
8
11
56
9
1
10
7
8
15
36
9
8
3
17
26
14
98
5
8
25
21
16
38
54
13
132
38
11
7
21
14
26
38
43
4
6
6
16
8
6
6
16
36
12
70
10
36
7
23
13
6
19
11
6
6
7
5
87
23
16
6
26
6
37
37
26
8
18
13
26
40
59
32
7
16
10
12
62
8
55
6
63
10
11
3
6
45
18
8
33
23
6
6
11
13
41
18
15
21
9
18
17
14
6
3
22
13
42
24
17
5
17
22
10
15
19
20
17
30
23
8
17
8
14
12
6
13
21
8
10
10
12
17
45
11
4
33
7
4
12
25
15
25
33
14
30
9
107
11
50
9
24
47
17
4
13
8
35
10
18
46
5
5
19
15
13
26
56
4
10
33
3
52
8
24
10
12
9
6
6
14
34
41
10
6
8
51
5
10
12
53
9
34
5
9
4
5
10
9
104
21
13
7
28
3
5
16
11
9
13
17
87
41
17
37
27
28
7
6
27
19
7
19
20
23
11
11
5
15
5
17
33
6
17
13
38
9
6
4
8
16
46
8
8
36
15
28
15
15
10
5
12
5
4
43
15
18
39
24
15
5
3
10
8
47
4
30
25
16
45
5
11
16
19
39
21
5
28
29
11
113
15
8
15
15
12
7
8
8
26
24
27
6
20
13
4
20
26
47
10
14
75
92
9
49
87
14
55
26
8
16
12
18
33
13
12
10
9
10
7
9
13
26
4
22
16
22
7
4
5
5
22
19
8
4
13
2
15
85
16
10
12
29
23
7
22
16
6
3
11
4
46
4
24
15
7
44
6
6
5
7
43
24
7
4
20
23
20
9
24
12
11
18
7
20
17
8
18
10
28
17
10
5
8
5
10
6
23
11
8
14
9
11
5
11
7
27
24
7
18
16
13