12
24
13
12
4
46
12
8
19
19
7
17
10
9
12
9
23
8
6
59
4
18
4
12
49
10
4
15
2
5
75
22
28
168
7
29
6
14
8
9
37
11
3
15
8
16
12
16
16
7
8
9
16
14
33
9
6
9
10
10
10
12
11
25
26
6
3
5
9
5
5
12
67
5
10
15
14
17
19
8
9
19
18
6
6
27
11
10
10
5
6
23
22
8
4
14
50
4
4
11
118
85
7
7
18
8
25
11
11
11
23
14
33
13
8
9
18
10
22
4
11
17
61
8
4
25
39
58
18
5
4
10
22
6
21
15
3
27
47
53
5
9
17
6
13
9
5
65
9
11
9
7
34
6
11
19
9
7
8
22
7
8
23
7
15
13
65
16
8
29
11
6
15
20
17
14
30
19
10
5
10
10
17
4
5
24
48
43
77
5
7
11
7
6
13
7
7
19
10
8
18
16
17
6
14
10
9
9
28
5
34
4
13
14
29
27
6
4
8
9
27
20
8
11
9
13
8
6
10
12
7
12
68
9
6
4
6
15
12
30
98
3
7
17
36
7
22
17
9
3
9
9
40
44
4
7
6
16
18
27
13
32
47
4
5
17
16
15
27
11
12
2
20
6
4
51
3
24
8
7
21
22
13
70
17
20
13
15
17
29
11
6
11
29
16
14
32
4
17
95
30
54
6
7
8
15
2
19
6
64
32
9
20
16
9
17
32
35
14
41
8
4
15
188
28
29
38
10
5
10
15
15
2
11
8
13
7
6
21
15
17
5
12
4
11
19
5
30
7
44
9
28
9
14
3
10
18
4
8
6
8
3
4
3
19
64
11
5
10
10
12
7
24
10
80
17
24
9
7
4
82
54
5
11
18
14
9
30
8
24
18
12
24
10
4
12
14
3
9
9
34
54
13
6
7
16
20
7
7
19
9
29
4
14
12
11
17
11
5
7
5
20
7
7
10
7
3
8
23
8
41
5
6
29
9
17
4
40
7
6
6
9
18
23
9
18
12
12
10
173
4
56
11
5
28
5
7
11
31
7
6
18
7
13
33
34
30
35
24
3
28
9
52
27
12
20
18
17
34
12
15
7
38
6
10
4
8
9
10
7
12
9
19
5
13
10
5
13
50
15
4
7
6
15
6
11
12
70
8
14
7
26
12
12
53
6
16
12
9
13
10
16
3
36
8
6
11
10
7
16
5
19
9
4
16
61
46
22
5
7
11
19
11
8
13
11
5
20
28
21
12
18
9
6
21
8
11
28
9
15
13
5
8
10
36
33
18
6
9
5
4
8
7
10
18
6
10
8
12
13
29
5
6
13
16
57
6
28
93
13
25
28
6
12
14
25
3
5
16
5
14
9
28
16
29
20
6
33
5
2
52
6
8
15
17
21
7
70
7
10
30
14
10
6
17
2
11
8
6
4
15
13
9
6
8
8
10
12
79
18
53
5
12
9
7
11
24
9
5
5
13
67
5
5
3
3
6
20
9
5
39
5
14
50
29
9
11
16
7
6
16
14
12
8
8
10
13
12
39
17
17
5
2
33
5
67
8
53
7
11
5
6
12
26
10
17
8
14
6
17
7
30
14
55
27
8
28
7
36
38
4
8
11
21
7
25
13
16
13
8
29
6
26
4
12
18
19
35
7
12
8
9
7
13
10
27
24
36
3
12
5
25
4
5
16
150
5
4
82
24
16
8
19
4
38
3
31
4
10
3
9
12
3
43
36
12
6
12
30
70
8
14
15
17
2
46
14
9
11
6
6
9
24
29
26
30
18
13
3
3
9
29
12
39
8
2
11
61
10
10
8
17
6
69
12
19
4
5
93
10
18
4
5
21
4
13
17
4
26
7
7
15
21
12
5
6
13
6
12
17
43
26
12
3
21
10
5
7
28
12
6
4
12
28
13
31
16
5
47
28
5
7
5
5
4
23
29
11
27
11
7
26
6
26
4
6
13
4
4
5
5
12
3
5
14
4
64
12
22
15
5
16
16
7
5
25
7
22
11
6
16
14
4
6
5
12
30
68
6
4
16
8
7
28
7
17
12
15
15
5
16
4
28
6
19
40
13
11
35
104
9
43
15
27
5
8
5
6
96
7
3
8
24
7
5
28
24
35
11
8
8
18
8
51
25
23
6
20
44
15
3
8
13
36
41
14
14
9
5
54
10
20
12
19
16
7
15
2
58
4
17
8
38
24
8
4
21
12
7
30
13
8
12
3
6
2
55
50
21
12
4
11
30
10
7
8
25
24
6
17
30
16
29
4
32
7
30
13
15
31
6
10
7
67
17
16
25
14
15
27
5
15
6
3
18
16
3
11
7
15
7
13
15
12
10
19
3
47
47
31
10
34
30
21
32
10
5
5
9
9
53
17
8
36
42
5
5
19
5
7
10
24
6
52
5
7
14
15
17
9
25
13
8
17
9
21
13
5
2
7
9
36
31
5
5
24
11
15
25
15
15
14
36
6
22
19
14
4
15
13
12
16
8
4
42
7
21
20
3
6
10
14
22
7
59
8
3
7
24
28
69
28
17
7
23
21
11
7
29
24
36
7
34
9
6
6
10
13
6
7
13
55
52
3
24
18
8
11
27
5
20
5
4
38
32
8
12
20
9
15
10
19
8
37
5
5
7
8
3
7
16
12
6
28
7
5
6
8
19
5
27
5
22
6
8
12
9
6
5
18
3
8
10
39
13
17
9
10
5
9
12
6
15
10
12
21
25
12
11
7
69
11
21
5
15
16
11
12
7
19
21
5
16
7
49
13
8
4
16
7
14
9
5
31
8
14
28
117
13
28
5
25
7
6
7
13
48
14
7
5
16
33
10
15
7
9
14
8
23
11
11
8
25
7
21
17
21
38
14
9
10
14
15
4
13
6
50
28
3
4
5
9
20
4
51
16
13
8
15
11
43
21
26
9
21
13
31
7
13
7
23
13
23
11
25
6
7
16
26
5
2
28
31
7
3
9
5
17
6
9
14
4
17
10
27
23
11
16
29
18
8
17
18
36
19
18
20
9
6
15
22
42
13
11
14
5
14
4
25
6
5
7
11
5
53
47
34
11
17
9
17
13
9
69
27
8
11
4
10
5
11
34
11
5
9
4
8
25
11
8
2
10
14
22
17
7
20
5
36
7
14
6
9
11
9
6
11
19
10
6
48
16
24
22
14
8
7
8
7
28
6
58
6
29
15
8
23
6
11
25
44
39
31
8
18
7
9
8
28
6
10
25
8
20
8
14
8
24
10
14
6
16
7
39
4
21
12
16
7
9
15
6
16
5
21
14
5
11
9
6
4
9
3
17
9
6
6
7
10
45
28
5
8
9
32
3
6
15
12
25
86
5
5
23
13
17
37
36
84
5
5
14
14
24
12
22
18
18
4
4
37
23
19
16
18
5
7
16
37
21
14
21
23
5
20
20
25
4
14
4
11
32
14
13
29
20
7
6
5
7
12
8
11
18
7
33
26
13
4
8
20
6
9
5
7
19
8
12
7
3
13
19
13
66
11
61
24
5
6
16
19
8
10
5
31
14
5
27
63
39
3
15
23
10
28
9
7
9
4
58
6
32
4
6
5
41
25
13
12
8
25
20
11
7
68
14
12
3
4
18
18
19
5
14
24
26
38
25
21
24
27
13
8
19
34
11
17
5
23
10
9
15
6
11
7
11
12
62
4
24
33
10
6
6
16
7
42
13
9
5
39
26
8
7
6
20
18
15
20
15
58
9
19
8
13
6
8
27
5
5
7
11
22
5
10
22
18
53
53
15
7
26
8
27
4
74
39
10
9
24
6
3
12
13
6
5
4
8
10
16
18
15
6
12
10
7
12
20
12
21
17
35
8
14
29
34
12
13
8
5
21
46
15
45
11
54
14
36
7
7
17
8
34
2
13
35
13
9
7
7
6
7
14
11
10
36
20
4
27
14
24
10
44
25
5
11
18
38
10
11
11
7
20
62
9
23
8
18
6
11
12
11
8
9
58
7
6
38
9
15
13
51
9
12
27
21
8
19
14
16
4
12
19
8
9
4
7
11
8
7
16
7
60
7
11
20
5
9
83
10
18
4
49
10
6
21
18
5
10
5
9
13
9
9
7
7
6
47
16
9
7
9
16
9
44
15
22
16
9
16
52
8
21
13
9
18
7
6
15
7
6
4
11
44
20
37
9
15
21
5
13
16
10
39
12
22
14
12
5
4
12
5
12
4
12
12
4
12
18
10
12
8
5
17
11
47
9
6
5
6
6
6
24
3
18
53
14
4
16
10
12
11
6
18
4
8
10
6
21
22
5
16
7
7
12
18
12
15
20
62
16
13
15
15
10
5
53
5
18
6
9
13
18
6
21
29
8
9
9
27
16
40
14
15
10
14
19
4
167
27
12
13
6
23
37
4
12
7
12
12
12
12
5
4
2
4
6
57
13
8
8
3
18
13
15
6
7
40
12
16
7
8
30
3
16
79
37
6
6
10
51
17
42
21
11
14
8
6
26
7
17
37
30
87
5
32
16
18
29
15
8
7
5
8
5
21
13
9
20
8
12
4
5
34
12
16
10
8
16
42
17
4
5
9
15
10
44
5
17
10
10
79
51
11
56
28
6
55
4
15
34
8
51
8
4
7
14
13
13
10
18
6
5
22
4
13
16
5
24
7
26
4
8
5
50
7
17
15
17
36
7
19
6
14
14
38
14
3
27
199
10
19
4
15
24
16
6
5
7
28
9
21
22
43
19
19
13
7
43
22
5
33
28
8
10
3
36
12
28
26
10
36
19
5
24
15
7
8
7
21
5
6
27
11
16
32
16
52
13
5
12
15
25
9
11
29
7
34
12
13
12
10
23
10
16
5
33
4
8
11
47
18
3
11
19
10
7
17
10
7
13
4
9
18
6
33
8
38
9
2
53
11
10
36
10
5
38
24
11
7
8
6
58
9
11
7
29
25
18
28
10
16
10
8
35
6
3
6
5
6
8
33
12
4
10
18
37
13
14
41
5
17
4
24
32
3
12
6
7
9
14
11
13
4
16
13
12
15
13
7
11
53
62
5
31
18
5
14
5
6
10
16
25
18
8
4
8
19
3
37
9
103
66
4
3
8
6
22
10
14
9
17
22
20
14
6
14
32
6
14
17
13
2
10
16
43
17
11
11
6
10
12
13
32
50
4
15
9
17
11
5
5
18
20
10
9
19
11
17
15
9
11
34
20
29
6
5
20
37
9
21
12
14
5
14
3
13
6
23
14
5
31
42
1
5
12
6
6
11
4
22
7
5
8
10
13
9
5
15
23
53
3
8
40
8
7
4
21
5
4
17
41
19
24
3
3
12
10
19
44
9
15
7
15
7
24
12
10
7
7
5
7
15
10
10
26
8
10
10
17
5
6
35
16
7
4
15
9
3
28
85
17
8
18
11
20
23
48
14
10
3
11
13
19
9
18
44
7
7
4
4
14
119
20
4
10
10
13
12
14
8
12
12
16
8
8
8
6
21
65
7
59
7
4
19
52
100
18
38
3
10
15
21
5
11
5
26
5
5
7
7
21
4
21
13
27
16
11
14
14
42
3
4
8
8
13
8
8
7
22
8
13
19
36
5
10
6
9
10
17
14
33
33
7
4
4
8
4
9
5
22
18
33
8
6
10
15
35
6
13
38
9
7
3
9
10
82
5
24
21
27
30
7
24
8
45
7
6
6
74
11
9
44
8
42
7
13
16
29
8
6
9
21
17
11
37
21
84
14
17
3
40
31
31
14
14
12
4
8
6
6
14
3
16
9
20
5
20
5
16
30
19
20
94
12
16
15
23
19
33
16
37
15
11
34
13
10
48
7
21
6
6
15
21
18
37
21
5
17
16
17
15
20
14
35
14
13
7
48
13
85
5
12
8
19
21
13
25
20
9
164
16
15
4
3
28
6
6
24
20
7
23
66
5
20
10
6
6
10
29
18
24
2
19
4
20
10
16
9
5
42
6
10
4
11
25
18
5
5
5
9
6
15
8
302
35
8
5
11
10
6
7
2
8
15
45
10
13
18
6
5
4
36
7
16
11
24
50
7
7
13
4
8
6
6
40
4
33
99
27
25
11
4
16
68
6
88
12
15
6
7
5
9
7
34
18
13
44
27
17
34
11
11
45
17
93
7
10
5
8
7
17
22
21
22
12
6
7
11
11
8
4
19
13
29
10
9
62
19
7
29
6
10
5
26
16
27
40
13
15
20
14
15
4
8
15
31
29
13
5
14
5
17
6
5
89
6
10
9
4
16
13
9
5
22
18
6
6
13
9
12
6
8
28
3
26
41
54
11
10
13
8
12
27
53
45
32
21
16
30
9
5
13
8
4
11
8
19
30
9
11
8
15
12
6
6
5
11
11
71
14
35
4
9
17
40
29
8
18
43
19
19
10
22
9
32
22
14
2
6
19
17
8
23
48
7
74
17
15
11
5
37
5
13
31
14
20
6
26
5
5
13
4
26
9
10
6
6
88
13
3
9
11
7
4
16
21
5
16
5
17
7
13
5
5
19
4
20
7
13
2
8
10
4
20
13
5
4
70
5
12
20
20
8
8
13
9
15
10
39
18
7
6
23
6
6
6
16
19
11
7
15
5
8
13
5
11
22
12
3
39
10
14
19
16
4
3
10
6
9
29
30
23
17
4
5
3
10
5
17
17
46
10
36
22
18
16
54
10
14
5
26
4
13
16
4
8
17
12
13
8
23
13
11
28
11
11
6
28
11
5
13
49
16
17
5
52
24
16
5
11
26
9
25
7
7
33
31
18
24
22
17
7
12
8
20
5
14
30
15
10
4
5
13
13
38
16
15
11
18
2
18
12
6
11
31
27
5
8
4
20
11
8
10
11
18
14
4
34
58
4
16
12
2
19
18
7
14
5
20
5
6
43
27
16
26
60
37
8
12
14
16
7
19
11
14
9
57
36
11
12
33
21
9
11
7
4
6
6
7
15
11
12
6
15
30
12
31
4
24
19
12
31
14
7
16
12
10
27
7
10
4
11
6
7
5
8
11
13
26
6
4
3
9
3
31
6
4
9
14
3
7
6
13
8
63
10
25
5
9
5
7
6
10
6
32
53
7
24
18
15
30
14
12
26
14
18
10
16
22
4
30
8
14
16
26
16
6
4
13
31
18
36
5
11
36
44
26
13
6
14
5
58
3
9
17
2
16
15
27
12
6
23
9
24
3
7
4
6
22
16
36
31
19
37
55
4
7
20
6
6
34
14
16
32
3
33
7
11
7
13
62
11
23
62
17
8
16
48
14
33
6
14
16
23
35
13
13
7
8
5
95
15
23
4
51
14
6
34
3
37
19
8
2
8
9
7
16
22
19
28
11
5
5
11
12
14
18
182
8
4
33
8
10
39
13
31
6
6
11
22
7
69
18
4
38
5
7
10
6
11
13
18
31
8
40
7
8
4
14
48
13
20
12
46
22
17
7
10
21
6
23
6
66
8
9
6
8
29
7
3
12
35
10
11
5
7
9
27
5
23
22
55
20
7
4
15
58
22
9
9
18
8
7
15
2
6
15
2
32
7
3
9
14
5
15
4
7
32
30
19
124
11
5
10
31
28
20
11
16
9
13
11
28
7
7
8
12
12
26
16
18
7
2
39
36
25
6
30
4
30
27
8
2
17
11
4
11
11
16
6
16
67
59
45
2
8
16
8
9
13
11
9
41
11
19
6
10
54
6
3
15
10
4
3
16
19
11
9
11
25
13
5
100
45
8
30
17
66
8
8
93
24
11
8
6
19
3
25
9
43
5
20
8
28
7
49
11
22
17
42
8
4
9
60
12
26
15
9
5
17
7
8
7
12
8
10
9
42
20
115
4
17
12
16
17
9
25
27
7
24
31
10
12
20
7
22
10
23
11
9
7
12
10
8
48
17
12
5
41
5
13
25
4
7
17
34
36
12
6
42
5
7
32
11
14
6
13
25
8
22
19
10
35
12
48
6
11
9
21
37
20
40
8
26
19
10
11
7
8
12
14
39
67
6
9
10
9
8
20
10
14
17
17
12
26
6
12
8
8
40
22
12
16
30
31
24
27
5
10
16
14
4
8
12
34
15
2
8
11
10
7
7
29
8
6
25
7
6
11
6
11
8
64
5
10
12
43
7
7
17
41
22
9
42
3
4
12
10
24
6
21
11
13
11
7
11
12
10
16
29
35
2
10
24
8
52
5
41
64
6
7
9
77
11
23
71
22
7
2
9
4
3
10
11
55
52
11
23
3
4
6
9
22
20
5
17
18
7
22
5
7
21
9
21
6
19
24
14
18
8
14
20
48
8
28
29
8
5
3
39
63
39
23
24
26
15
35
18
7
11
33
9
5
18
7
41
24
4
27
6
4
20
30
6
36
22
4
13
14
16
4
13
7
20
17
3
6
18
7
3
22
10
11
17
7
15
32
14
34
9
4
8
6
11
6
20
48
10
7
3
9
37
41
56
7
23
34
16
4
9
24
4
9
8
3
2
7
13
11
11
16
4
18
9
19
7
16
39
6
8
14
9
32
6
5
9
22
7
14
9
5
16
13
12
26
8
6
8
8
25
33
14
6
7
9
19
5
10
5
79
18
9
17
9
26
4
5
5
21
31
270
6
6
9
6
12
5
22
6
20
23
7
5
6
34
2
5
2
32
54
10
29
7
12
17
19
17
10
18
7
29
11
8
7
5
6
7
27
12
9
13
16
7
5
8
8
13
6
20
7
6
10
4
14
34
17
28
5
20
24
17
4
12
6
8
9
18
5
13
3
5
37
6
16
10
7
6
6
10
3
96
13
16
33
18
18
29
8
7
7
13
10
54
22
73
13
4
10
12
7
52
8
79
35
6
15
8
8
46
17
6
26
41
26
16
6
26
5
10
19
13
15
8
7
21
11
66
29
14
17
17
4
31
6
16
9
4
22
22
23
19
31
5
8
26
8
6
48
4
12
9
4
9
6
21
5
18
11
44
10
17
14
8
8
8
4
23
47
4
32
16
80
52
25
8
16
29
8
5
4
9
6
24
7
21
9
12
23
5
4
4
7
20
5
8
3
5
3
30
17
14
37
16
19
30
6
17
9
13
9
24
7
36
8
4
3
9
8
5
14
11
8
11
7
41
16
10
7
4
19
17
7
9
9
6
15
18
30
5
8
12
19
20
31
13
5
14
5
8
11
18
12
7
44
5
37
14
8