35
26
35
8
36
37
23
12
12
12
11
17
41
22
34
31
8
22
8
18
11
25
19
81
9
25
10
21
5
12
6
21
26
10
24
17
36
67
14
13
17
32
13
18
27
14
8
29
20
12
23
22
25
25
18
32
23
13
28
65
80
7
17
38
21
68
21
13
41
5
11
13
6
15
17
11
46
29
25
51
34
17
30
31
8
5
5
26
31
10
35
123
44
15
18
10
47
33
41
77
17
74
30
22
6
27
4
8
31
48
17
8
36
30
10
26
7
30
8
35
35
22
24
44
6
13
94
2
36
45
35
27
19
21
34
37
48
10
2
8
28
22
34
8
58
19
19
75
11
21
23
64
120
28
32
26
16
66
58
34
15
36
6
10
28
23
22
17
23
41
9
7
48
17
10
10
41
23
37
72
9
9
27
15
11
11
9
18
11
43
18
53
105
28
39
32
41
10
20
22
24
7
98
14
32
18
92
7
22
51
18
12
8
48
27
6
16
33
19
14
11
12
40
20
7
37
6
49
38
17
48
22
3
13
13
22
29
51
16
2
9
17
14
23
31
36
49
49
30
110
24
66
38
29
43
13
18
27
28
7
42
24
46
40
23
18
17
18
25
23
15
8
65
19
31
8
13
34
54
24
32
51
13
17
19
7
20
41
4
39
13
18
3
18
39