5
15
41
12
4
12
26
15
43
21
20
66
8
16
23
13
11
48
4
58
4
12
32
9
10
18
26
7
9
87
7
20
16
6
19
79
32
5
11
5
21
20
33
17
9
31
4
15
24
14
11
2
72
17
34
8
8
30
28
19
16
31
3
39
8
24
6
8
7
49
25
8
34
9
14
41
6
17
31
10
4
9
31
4
26
5
6
29
25
22
52
13
51
9
5
3
3
21
15
24
20
4
9
4
6
43
7
9
48
23
29
5
4
29
17
6
7
9
14
4
19
3
56
17
5
58
25
12
31
18
2
11
25
7
40
19
15
10
12
54
3
17
7
3
31
16
8
22
80
6
6
29
19
10
30
10
15
50
10
3
10
5
35
40
2
12
38
54
19
4
61
7
24
24
7
11
30
13
6
18
23
22
34
16
9
51
71
52
81
33
26
16
18
8
13
25
15
18
20
27
18
6
6