59
19
11
43
20
22
15
15
11
25
17
30
41
18
33
36
28
7
18
6
35
15
9
3
47
13
8
34
42
37
36
15
210
16
11
12
23
7
40
132
24
4
13
16
70
46
7
30
10
35
24
20
8
9
28
25
74
10
27
53
12
5
36
5
26
16
32
5
12
32
46
13
16
25
29
13
40
13
13
29
27
5
26
9
28
36
111
24
60
7
10
12
26
62
18
12
15
25
8
45
17
67
23
10
11
20
26
148
12
12
30
26
101
22
10
49
63
21
33
28
50
9
2
7
31
14
49
8
24
24
20
8
27
19
41
28
8
9
19
19
85
5
24
15
19
68
20
31
37
12
37
20
29
16
15
39
11
35
66
23
5
4
28
18
14
14
28
39
22
4
16
6
13
17
34
31
30
11
31
28
25
41
24
10
36
8
17
21
7
24
26
32
5
8
30
76
81
24
31
18
10
8
2
57
11
24
22
15
33
32
14
16
41
25
24
14
16
9
46
40
23
23
41
12
17
68
91
43
48
15
15
25
12
16
97
16
19
8
20
36
32
37
7
13
22
14
35
39
24
23
12
40
6
12
21
38
13
78
20
8
33
30
37
1
20
6
9
36
17
32
5
7
52
3
22
29
47
10
50
14
186
11
53
29
21
70
47
19
31
26
26
29
3
33
56
9
4
47
67
37
14
79
20
18
4
2
16
9
7
14
80
44
48
36
34
43
21
53
46
21
16
5
19
15
7
11
48
51
13
23
28
9
21
7
47
10
21
5
188
15
8
10
23
8