9
15
18
13
17
29
11
53
23
20
8
32
10
10
15
8
9
9
11
20
20
22
18
10
57
12
10
17
14
1
11
23
35
2
7
17
6
5
5
19
18
8
15
14
54
27
13
17
4
24
19
19
8
25
6
19
10
21
18
28
23
12
14
7
8
12
12
30
37
11
15
23
3
10
9
46
11
5
14
21
2
7
6
16
27
9
8
4
12
16
23
23
10
10
31
27
11
28
12
20
15
4
52
24
5
28
13
20
5
11
3
14
40
19
14
3
3
19
3
12
3
20
15
9
36
25
13
13
18
5
22
5
18
14
20
7
7
5
18
20
23
18
41
10
15
8
3
5
8
14
13
11
13
15
6
17
17
5
12
32
27
7
10
25
24
15
17
12
6
21
23
16
40
11
39
6
51
6
15
10
6
6
62
17
28
28
18
19
8
10
8
22
15
14
11
19
12
14
9
11
46
36
22
6
15
26
5
14
21
13
13
9
17
6
37
14
17
23
24
10
27
5
13
10
7
9
12
12
9
5
8
248
7
5
7
17
17
20
28
45
5
6
8
2
20
18
9
37
17
12
3
22
10
22
4
8
4
19
10
8
7
14
8
35
7
13
18
12
3
2
9
5
15
45
46
10
9
21
31
2
31
49
11
37
6
15
19
23
13
61
12
36
8
15
30
12
43
49
11
117
15
12
12
4
17
31
13
20
16
22
71
8
3
45
8
12
39
6
26
12
13
25
5
9
47
29
15
14
16
4
14
17
22
7
22
12
27
44
14
5
4
16
13
7
9
4
9
9
4
59
9
12
6
23
13
11
14
30
14
30
22
4
75
13
19
39
16
27
10
47
25
5
12
69
38
94
34
10
9
26
11
17
19
8
39
26
21
16
21
19
40
12
47
27
40
30
9
17
7
6
7
57
4
34
7
4
7
15
10
6
12
5
27
10
16
10
14
46
5
19
12
38
6
19
19
4
22
16
27
11
8
57
80
6
8
2
24
5
8
21
8
8
29
47
7
21
5
13
4
6
9
15
3
20
10
33
17
3
6
25
7
19
21
5
8
8
7
13
21
37
13
3
7
3
17
9
82
13
9
36
15
12
15
16
9
4
9
4
39
13
22
14
22
25
27
12
18
49
11
106
47
11
11
37
11
24
19
8
13
12
34
9
19
28
13
16
4
5
5
4
16
6
14
16
34
6
27
17
14
48
19
25
14
18
6
4
23
8
6
10
11
5
43
19
17
16
5
20
5
31
33
32
34
7
13
5
72
10
14
18
6
6
56
9
8
25
6
7
17
14
21
94
19
20
7
45
6
9
34
14
16
4
41
7
18
28
9
5
11
6
9
24
2
13
45
26
110
30
23
23
33
15
12
6
7
16
11
127
4
21
11
10
5
23
28
19
13
9
12
18
6
49
21
8
4
12
13
30
10
13
19
20
11
34
19
10
23
9
22
10
2
25
5
4
20
10
3
10
16
7
22
24
3
7
13
8
19
8
29
15
42
48
8
10
10
22
7
9
4
12
54
10
8
29
7
2
16
2
8
83
15
8
29
18
18
28
12
71
8
28
10
6
24
8
20
9
3
12
10
15
14
44
28
103
23
24
16
7
64
10
66
33
18
3
6
8
6
14
26
11
48
21
4
29
38
4
16
20
16
15
30
33
16
11
37
6
58
15
15
11
23
44
8
55
5
33
7
42
20
5
6
10
16
22
15
12
3
15
5
10
8
25
10
18
21
5
6
38
35
4
17
31
92
53
31
20
6
3
6
39
22
14
31
13
33
7
4
34
9
13
11
15
45
90
8
26
16
4
9
10
15
16
19
29
11
15
8
69
5
24
5
6
10
8
14
11
56
14
28
12
5
8
13
28
15
10
8
109
8
52
8
34
16
35
24
28
3
8
22
3
19
31
228
39
36
7
29
33
9
9
13
30
49
51
5
27
11
12
10
27
10
14
37
27
8
6
13
4
4
4
9
58
6
18
3
22
9
11
20
20
4
28
30
3
9
8
19
34
28
13
12
21
4
26
12
30
4
2
9
12
20
5
6
15
145
19
15
11
11
48
6
16
79
47
5
6
3
16
23
43
3
25
13
19
19
6
13
33
28
10
20
18
5
18
20
6
17
17
17
31
3
10
41
12
2
7
5
6
35
14
24
77
17
6
3
15
12
15
42
17
13
31
5
5
35
14
31
7
8
8
138
14
4
9
21
23
13
10
16
12
11
37
19
19
68
11
21
57
50
8
16
14
67
46
15
14
6
19
20
85
5
33
2
9
9
33
79
5
10
8
22
30
66
20
25
20
12
10
20
19
9
13
20
14
3
50
46
49
22
13
7
22
15
8
27
16
42
6
4
11
9
32
8
4
8
26
15
14
45
6
35
45
10
15
19
12
35
15
32
5
12
12
7
37
4
18
26
47
8
6
27
32
18
23
40
18
14
25
10
5
25
9
32
11
12
61
4
3
15
34
4
24
25
18
6
19
3
80
18
17
18
31
24
15
11
20
7
29
14
22
19
34
14
50
36
10
26
24
2
14
11
14
19
7
5
10
56
26
6
27
3
15
17
24
6
6
68
11
16
7
22
7
6
13
9
19
10
23
26
4
4
43
12
8
71
32
4
9
4
7
12
14
7
8
6
22
8
56
37
35
8
6
5
33
9
8
24
14
12
20
22
15
16
32
10
13
9
13
24
16
28
43
7
18
12
15
14
15
14
31
18
22
9
3
7
10
6
15
15
10
6
35
25
17
10
14
43
10
15
8
8
7
25
4
38
40
50
22
2
30
10
15
14
10
7
19
7
13
24
22
6
13
12
6
8
34
11
16
12
5
7
23
9
96
7
14
11
35
7
19
18
13
26
16
8
15
11
22
7
5
6
37
7
5
7