28
50
42
21
24
5
18
32
8
49
8
21
5
8
14
10
18
9
32
38
4
6
11
15
10
21
15
8
49
24
18
28
84
11
12
5
7
5
16
12
7
9
15
22
14
41
21
13
23
6
19
18
32
6
55
9
34
8
15
4
32
7
4
6
8
2
2
15
34
24
22
22
4
4
5
61
5
10
17
8
35
8
6
9
15
26
8
29
12
20
7
14
24
8
29
4
14
8
16
76
9
7
9
26
28
27
22
14
5
5
16
32
10
57
40
5
5
2
15
17
28
19
5
4
15
3
6
46
38
35
70
30
71
16
21
28
18
15
59
13
22
9
3
13
13
10
45
6
41
6
45
20
11
30
31
12
31
25
11
32
6
28
17
12
11
18
7
4
11
19
8
16
20
6
51
4
94
6
30
20
4
19
2
14
4
29
28
8
14
24
52
12
3
28
25
7
30
8
36
10
11
6
21
6
33
106
13
16
32
41
47
28
7
16
31
48
5
21
24
70
10
17
17
18
38
7
17
5
11
17
7
10
17
51
24
33
47
26
5
8
13
9
10
11
48
19
7
8
9
4
15
23
8
3
15
7
4
31
13
13
8
9
23
14
7
6
4
12
11
14
31
10
7
58
40
12
12
11
12
19
35
27
13
10
22
6
7
51
19
21
9
30
9
25
7
3
21
82
27
30
4
14
13
47
8
34
10
26
12
15
11
50
6
7
16
30
19
24
30
8
34
9
4
9
10
14
17
17
12
5
11
10
7
15
21
6
8
9
16
5
45
12
7
31
6
9
11
34
8
2
9
9
8
3
26
3
3
8
7
11
45
10
25
10
13
79
30
3
5
12
3
73
32
13
27
3
15
21
11
6
46
71
67
18
18
41
7
14
16
44
20
25
44
19
20
40
14
3
8
204
16
31
18
7
8
26
10
13
4
9
11
19
8
39
30
6
14
8
43
13
107
38
18
7
24
36
27
4
7
13
39
32
5
32
43
34
36
11
12
10
16
6
32
12
36
10
50
10
3
12
13
11
23
35
25
4
16
8
34
15
77
21
13
8
7
19
19
9
5
6
15
24
14
7
1
15
3
8
5
17
42
109
11
10
16
8
12
14
14
11
13
21
14
5
8
24
10
57
9
12
33
11
39
21
49
14
15
25
13
39
8
10
33
27
12
40
5
33
4
6
8
19
8
12
25
15
14
70
10
6
72
64
18
13
10
20
58
3
16
41
53
17
12
36
7
20
10
5
6
17
9
8
7
22
40
20
53
24
8
16
15
8
16
15
22
52
56
24
7
86
49
6
36
34
26
24
23
7
16
21
125
23
47
37
17
15
10
12
25
8
7
73
6
11
11
15
23
8
26
10
4
3
37
13
21
40
12
20
14
18
25
10
8
7
10
4
40
8
5
14
10
46
22
24
6
9
75
11
14
24
22
27
18
16
14
7
9
13
28
43
5
18
8
4
69
17
51
6
8
4
30
10
13
9
23
76
8
10
31
8
23
8
7
12
2
5
18
15
37
24
27
17
7
30
11
37
10
24
10
19
39
20
9
37
31
59
2
12
12
10
19
16
22
14
7
44
6
37
9
22
30
62
26
33
24
7
26
17
9
73
9
49
5
13
12
30
26
25
41
33
21
13
11
13
14
16
21
20
51
11
10
13
18
13
13
44
5
16
39
10
76
78
11
8
4
11
11
37
6
13
38
15
97
3
34
5
6
11
12
28
5
28
68
22
65
8
15
10
7
55
2
14
7
21
10
10
27
2
26
70
6
68
11
3
5
5
22
14
47
11
43
23
30
51
15
29
15
13
14
2
10
46
16
10
59
36
18
19
13
27
51
6
19
12
9
19
5
12
15
3
8
35
19
28
23
13
9
74
13
27
5
11
35