5
55
8
16
31
11
5
8
16
17
6
6
11
22
4
4
5
6
19
75
26
56
5
16
4
16
14
5
20
7
10
50
10
7
15
4
10
9
7
8
27
19
5
23
4
10
3
20
18
20
12
18
8
18
17
7
36
5
37
18
14
6
3
4
8
9
4
22
35
20
19
27
25
15
7
11
18
85
4
76
6
11
38
6
7
16
7
16
11
12
41
27
6
23
3
13
26
10
37
10
11
11
16
47
11
16
14
32
11
8
6
7
41
43
8
8
11
3
68
14
31
6
4
16
24
5
15
15
7
5
6
16
32
18
29
20
15
8
5
13
37
9
10
34
40
14
13
10
32
25
3
7
7
10
24
12
9
35
29
6
12
11
9
39
9
4
2
6
7
25
26
9
12
39
12
5
37
15
28
8
22
12
13
18
15
23
12
5
59
17
14
16
11
5
19
12
11
13
38
13
10
12
20
52
39
23
34
9
23
48
47
26
6
47
6
25
6
38
10
25
12
16
55
9
6
6
38
4
11
14
54
19
8
5
16
11
5
5
7
7
51
8
15
18
18
22
8
11
17
7
20
16
31
33
13
3
7
13
4
13
8
9
10
22
22
4
6
16
17
17
7
8
4
40
5
21
24
6
24
11
9
6
10
12
7
10
51
27
39
15
30
11
19
39
35
33
18
14
81
8
9
30
17
5
9
40
4
35
6
24
3
9
5
14
11
24
16
20
7
22
13
24
27
5
14
5
4
13
12
24
25
11
32
13
6
12
15
39
26
15
23
9
29
12
3
16
23
37
18
20
17
12
32
14
6
13
12
18
25
7
56
29
7
21
61
4
59
8
15
42
81
46
10
6
20
5
10
9
20
20
12
29
11
12
18
14
22
12
9
5
4
6
17
18
22
14
8
29
26
7
12
55
26
7
6
22
11
26
6
6
12
12
5
16
20
28
8
11
9
5
13
9
40
8
10
6
11
47
10
14
12
27
16
36
8
6
4
24
22
13
23
6
32
11
6
15
49
9
10
21
4
4
30
10
12
28
6
8
8
9
15
30
45
30
17
59
8
5
18
7
7
10
10
5
13
14
9
8
19
32
12
14
18
8
7
18
44
49
6
29
12
7
22
38
5
41
12
6
44
7
32
17
22
20
24
45
15
45
31
41
7
11
23
35
32
3
28
5
9
75
36
6
10
22
5
36
12
11
20
6
29
8
12
11
17
14
7
19
15
25
19
19
18
37
10
15
13
11
5
9
7
5
84
28
41
16
24
9
27
25
9
8
4
87
6
161
6
44
6
20
19
7
19
75
6
7
12
12
37
4
18
17
45
20
6
74
23
18
8
17
14
8
33
30
10
12
9
12
4
19
14
11
23
15
15
23
22
17
43
3
31
40
14
10
13
10
10
74
55
35
4
12
19
14
13
11
14
11
6
9
4
7
27
27
9
12
11
9
5
6
15
11
8
26
5
3
15
8
6
5
35
6
10
3
6
6
27
12
36
13
11
22
8
32
6
16
34
6
28
18
11
9
67
9
24
16
11
6
19
8
12
20
8
45
19
10
6
5
26
39
29
29
30
61
8
85
15
4
12
46
18
9
14
18
9
9
13
24
8
14
10
8
39
9
13
14
13
28
14
48
5
19
7
11
7
10
64
16
19
10
6
12
52
13
7
19
15
44
10
23
53
20
15
6
21
7
22
11
9
27
28
6
9
6
26
12
7
39
9
66
10
29
16
14
10
11
4
4
12
32
7
13
4
8
35
26
7
4
16
7
9
84
7
23
13
18
7
7
18
6
3
12
13
93
7
12
22
10
8
60
15
8
10
10
9
43
5
19
4
11
34
42
14
8
3
8
6
22
12
12
26
14
13
15
31
17
22
19
7
19
8
8
7
14
81
12
6
3
9
40
17
23
15
5
5
29
9
8
16
12
9
25
17
20
18
16
25
18
22
27
65
3
4
7
7
5
6
11
40
5
14
8
17
13
22
7
60
13
9
11
9
33
4
8
5
26
9
16
25
7
3
7
3
15
4
11
102
5
6
12
56
25
4
35
9
50
30
8
6
33
8
23
4
31
6
54
50
9
59
7
10
64
37
6
31
21
22
12
10
25
21
21
9
14
4
27
8
6
35
14
5
54
22
10
18
16
31
40
7
3
13
3
62
6
11
11
9
5
8
15
4
23
10
63
4
5
26
30
9
7
11
12
7
17
22
30
2
20
18
22
13
5
14
18
7
25
15
8
36
18
14
7
19
67
9
10
12
17
18
7
10
8
6
14
8
17
8
6
21
22
23
13
12
3
27
18
8
17
16
19
11
17
10
25
4
20
8
31
19
25
9
42
41
20
10
14
21
4
38
32
11
5
10
5
53
20
3
14
32
22
7
8
24
12
18
5
14
43
24
25
8
9
29
6
41
52
14
19
8
30
4
5
18
12
16
55
9
28
16
33
11
27
5
34
5
10
17
12
6
7
30
67
6
41
22
10
7
23
11
9
6
18
3
18
14
11
15
29
14
12
7
4
5
22
19
19
5
38
19
10
20
38
6
33
15
22
6
8
3
6
11
11
5
34
5
20
25
12
34
19
16
24
19
21
11
36
12
24
6
24
9
5
11
11
14
23
7
6
19
57
79
23
17
5
7
20
7
9
15
36
5
35
11
15
22
13
19
7
16
20
18
4
27
21
11
7
9
23
34
5
17
25
15
15
13
60
6
19
67
7
27
28
34
23
26
10
14
19
47
5
17
45
3
15
21
14
10
3
17
10
29
6
14
18
7
40
12
9
29
2
11
14
17
18
8
33
19
22
6
16
14
23
44
25
22
8
28
7
19
4
21
31
13
56
11
121
7
14
9
7
12
48
5
21
91
5
112
24
16
16
3
4
3
2
60
7
10
7
11
63
4
19
10
12
40
34
5
17
3
33
9
10
5
4
43
18
6
11
10
45
9
30
21
60
15
6
13
21
15
4
16
26
38
16
10
17
8
7
48
8
9
6
8
16
44
6
15
5
13
11
5
13
10
12
51
4
16
12
30
19
25
16
8
22
3
10
8
27
15
6
19
41
15
10
4
3
17
12
9
7
8
10
53
22
22
20
9
16
8
5
9
16
12
17
7
26
20
16
11
50
26
7
17
82
11
6
11
3
3
11
5
25
13
11
7
14
6
10
7
7
37
7
10
9
27
5
15
20
7
8
31
41
8
8
7
30
4
9
5
15
15
15
35
15
10
39
13
27
9
84
1
11
15
82
178
13
17
82
9
16
56
4
16
38
55
8
8
13
18
23
16
7
41
30
12
6
29
92
9
8
7
14
29
18
8
7
9
24
13
35
17
28
10
17
117
16
5
6
6
7
17
12
5
7
36
5
2
10
33
130
4
10
12
9
13
11
21
20
20
5
21
30
49
4
24
11
4
8
16
4
10
8
7
24
4
16
16
18
22
12
31
4
26
14
26
44
26
11
7
9
18
22
11
13
5
8
38
15
61
35
4
11
112
11
9
7
19
5
14
11
10
24
6
10
40
6
19
16
11
27
6
19
6
48
13
16
3
26
8
10
20
20
6
19
11
39
21
10
17
4
21
4
7
5
5
25
48
53
10
60
26
58
5
68
9
25
55
5
45
42
13
27
5
30
7
19
7
41
8
8
9
72
20
10
5
22
74
28
7
12
16
19
54
82
15
15
11
39
11
9
5
45
18
69
4
28
16
9
15
19
5
4
7
9
9
14
12
31
3
5
18
67
10
30
26
16
6
9
8
17
4
10
7
2
19
11
5
20
14
5
45
13
21
11
13
45
9
5
28
7
15
29
5
5
5
15
13
10
18
20
15
11
9
3
5
2
13
6
69
32
6
12
18
10
26
13
15
14
12
23
12
32
14
12
17
9
11
15
22
29
9
7
9
15
12
30
3
47
34
57
9
4
10
12
19
7
7
5
24
14
41
9
50
19
11
8
14
5
6
13
5
41
8
37
52
16
22
40
28
20
12
3
6
20
17
55
27
6
37
32
26
19
30
8
15
4
49
38
22
27
12
6
34
4
18
24
8
38
28
20
15
14
10
8
15
13
19
5
21
15
25
6
6
15
15
19
7
14
12
12
32
14
4
11
7
3
5
15
6
15
7
8
8
27
20
27
24
61
18
13
10
32
36
10
4
41
63
40
8
34
26
7
5
15
29
11
8
18
12
13
7
29
8
10
30
34
13
31
8
15
7
50
7
8
34
18
18
7
8
32
26
62
58
12
4
14
54
51
16
36
13
13
5
9
9
28
8
9
62
26
9
18
25
33
12
27
26
7
4
11
29
25
14
17
9
26
31
13
13
14
36
18
4
34
9
4
4
23
7
8
11
27
19
30
15
11
6
61
3
19
48
18
9
7
7
17
16
10
30
16
27
43
13
9
16
23
7
10
10
32
19
17
18
12
8
6
4
12
21
10
39
23
9
33
16
27
17
6
4
8
8
28
22
47
11
17
48
26
14
18
7
11
18
4
15
45
27
19
4
59
16
16
13
37
14
8
20
5
21
5
15
11
10
23
24
17
7
28
8
7
13
21
10
5
5
10
67
23
8
19
11
13
34
12
58
6
10
23
30
13
40
4
14
17
3
9
36
11
20
12
6
16
31
64
34
5
4
10
5
10
38
57
8
8
15
10
8
7
5
8
19
20
16
10
10
4
10
9
17
15
33
6
10
8
20
18
11
10
7
27
10
13
43
9
4
6
36
38
29
10
7
14
10
9
34
6
13
9
27
5
22
5
10
20
22
7
147
7
15
6
2
24
19
10
10
16
21
33
8
5
9
24
14
10
7
29
10
5
20
13
9
6
24
11
7
38
37
21
10
30
10
14
25
26
41
12
7
26
28
38
6
58
7
16
39
7
4
7
9
24
7
14
26
9
8
12
61
33
12
32
3
5
3
42
13
11
5
7
20
7
44
9
8
4
9
7
19
27
9
30
26
12
18
77
27
16
19
9
23
40
20
4
20
72
7
33
3
4
2
10
9
13
33
31
19
19
40
15
33
7
30
26
58
20
11
5
30
8
14
30
14
18
52
10
4
7
7
15
12
4
5
11
17
6
18
35
9
17
10
23
31
26
33
10
21
8
11
10
52
27
24
3
31
29
10
18
21
14
17
25
5
6
13
9
19
22
19
11
43
5
59
14
12
2
15
53
24
26
19
12
17
10
19
23
21
9
25
9
20
30
18
6
52
11
8
15
6
7
17
8
21
119
49
15
24
31
12
24
66
34
3
7
10
33
7
12
24
52
40
8
15
6
6
16
5
3
23
8
6
24
302
4
21
14
31
15
15
2
17
13
20
10
11
5
32
15
7
7
18
59
39
36
11
19
14
8
69
7
8
10
43
4
7
4
10
10
18
4
15
10
50
20
5
27
14
3
5
18
12
9
46
5
10
12
15
14
10
44
6
9
7
11
22
14
17
25
9
77
11
16
12
29
53
3
8
22
5
24
57
12
31
8
23
13
8
13
21
7
18
77
7
13
5
4
6
32
16
37
38
9
28
33
9
29
17
26
29
60
5
5
21
49
15
19
2
4
5
8
10
26
21
4
15
6
5
23
28
57
28
25
26
30
5
50
12
15
33
9
6
9
7
12
11
15
8
13
2
12
33
23
18
9
5
22
9
13
10
15
7
16
19
6
38
15
8
32
25
9
5
19
18
6
21
13
5
17
16
7
98
10
10
11
31
6
22
35
8
10
8
5
28
45
14
88
33
18
21
11
15
64
6
10
64
9
4
7
29
8
4
13
6
6
6
35
7
6
10
15
47
14
49
23
12
9
15
13
9
46
37
9
7
7
48
14
17
68
7
22
5
22
4
20
29
26
10
17
33
21
7
13
14
16
8
15
14
8
21
26
21
24
5
8
54
15
9
21
9
11
14
13
6
15
71
23
5
3
35
23
8
66
17
15
13
34
2
4
7
7
32
27
56
17
13
24
17
17
16
11
25
6
27
30
5
35
3
12
7
15
6
29
21
9
19
7
3
21
41
5
18
24
26
22
11
7
19
6
13
60
10
13
5
6
4
15
6
7
14
25
37
6
6
12
10
8
21
15
63
31
20
8
6
7
29
85
15
17
16
7
12
4
5
11
21
92
6
19
13
12
35
20
22
18
8
32
38
17
14
22
16
20
12
8
10
13
16
21
3
37
32
16
30
4
7
16
16
21
22
12
15
12
8
19
10
18
53
5
5
3
16
5
6
14
7
11
14
13
29
7
25
5
78
11
13
47
34
8
98
21
40
15
8
24
41
17
25
13
11
36
28
39
32
7
21
2
5
17
60
16
10
28
9
8
93
8
9
10
6
4
13
12
34
21
8
28
32
21
8
3
26
5
6
11
10
13
23
34
4
25
9
33
8
27
16
72
5
6
6
30
30
27
11
11
7
20
9
13
34
33
19
21
19
5
48
6
4
29
28
15
12
3
20
23
35
10
9
21
19
15
14
17
17
58
17
9
12
9
21
48
19
17
23
81
10
2
14
29
8
10
17
16
5
6
24
4
22
9
13
10
17
41
11
17
13
29
60
11
8
25
9
16
25
41
44
20
8
15
3
6
10
17
24
45
11
14
7
5
48
12
2
44
9
16
7
8
17
43
16
6
7
5
10
11
46
38
10
11
6
11
27
26
83
6
53
38
3
6
10
14
8
17
12
18
6
9
4
19
14
19
13
29
21
13
11
15
8
10
5
12
54
10
3
19
3
12
28
44
32
17
39
3
6
35
13
21
19
39
42
40
10
16
12
32
11
19
15
11
4
30
54
10
33
5
21
6
13
52
17
49
59
20
6
15
10
10
9
11
25
24
7
27
43
38
5
4
9
37
17
10
7
6
28
59
13
8
10
56
2
15
6
26
8
14
44
6
5
6
31
14
41
5
59
9
15
33
15
10
22
18
59
8
4
41
11
14
6
11
43
34
18
25
5
69
17
25
59
32
20
5
26
8
96
16
18
14
17
19
18
13
18
8
30
12
7
6
26
53
14
5
5
8
12
5
17
24
10
18
10
6
7
11
5
17
31
9
4
8
5
14
7
13
19
6
17
7
28
10
5
11
47
11
15
14
11
32
8
7
36
23
11
2
15
38
25
29
21
14
6
5
47
10
8
55
8
24
30
60
16
21
8
11
34
10
17
29
8
23
28
18
8
9
9
30
26
13
2
3
6
15
50
36
53
6
4
176
34
29
20
5
6
10
5
19
6
23
27
11
13
5
23
8
5
10
15
87
12
6
6
67
25
10
11
10
22
20
3
29
20
35
15
9
12
7
25
4
17
9
27
6
14
28
9
12
6
19
9
36
19
24
82
12
37
6
12
43
8
19
15
7
16
9
13
16
18
32
29
4
34
11
28
7
11
4
17
14
9
34
20
5
7
17
10
55
14
29
13
23
11
52
21
18
7
9
73
7
19
48
11
20
10
56
11
14
48
8
5
5
14
20
51
16
17
15
8
35
21
15
28
7
15
12
36
24
8
16
6
16
31
8
10
20
20
23
20
8
6
7
8
16
32
9
28
13
5
8
36
7
20
16
5
31
11
35
4
9
14
29
32
17
6
29
15
7
6
11
17
4
9
9
11
13
6
23
29
13
32
7
70
48
16
4
7
10
19
51
15
25
32
27
14
7
9
3
28
24
21
15
64
7
6
17
20
42
28
8
14
29
10
24
7
7
8
25
19
11
42
9
17
7
12
25
25
13
4
23
14
2
14
28
25
32
34
29
12
12
10
9
10
8
73
10
19
14
21
15
3
6
32
7
10
31
15
14
44
26
8
7
7
14
44
15
9
28
7
6
14
34
38
13
17
12
41
7
55
36
28
331
23
18
60
11
10
10
17
8
16
6
16
13
7
7
50
13
24
5
87
10
7
5
6
26
13
19
22
5
6
13
8
6
28
8
5
31
12
24
18
7
5
37
3
29
33
5
8
21
25
4
9
61
19
9
5
3
18
60
18
18
28
21
36
18
6
43
25
17
7
40
17
14
7
5
4
4
12
10
8
17
12
12
12
6
54
19
35
6
38
46
9
12
6
8
20
13
10
6
9
13
4
27
6
15
14
65
10
25
3
9
25
52
2
4
16
6
9
8
37
21
14
40
49
35
34
5
13
7
36
16
24
18
22
20
11
4
37
8
6
13
14
46
19
6
9
19
27
37
35
5
42
18
14
4
3
5
4
22
6
13
10
18
22
23
36
23
31
9
25
12
25
16
48
5
5
24
8
15
8
42
13
8
20
63