18
41
20
22
51
28
35
14
40
36
35
55
29
44
25
13
15
19
11
19
16
27
75
32
21
25
21
18
7
7
6
14
26
10
24
13
33
27
13
23
93
27
26
31
24
11
9
12
10
28
47
38
2
5
25
24
15
3
13
19
14
20
2
13
28
6
29
26
12
14
43
13
8
15
12
37
12
63
61
18
41
50
52
7
40
11
41
21
10
9
5
15
26
7
29
16
32
8
41
15
8
20
11
10
8
17
19
6
19
23
17
68
44
32
12
16
8
24
49
42
79
87
11
21
49
4
73
11
7
7
27
8
6
25
16
29
27
36
14
20
85
26
11
8
39
5
102
18
17
10
25
9
15
1
7
7
15
16
48
12
14
9
9
25
11
5
39
9
7
26
51
18
11
7
5
7
17
22
32
37
17
4
27
7
7
7
12
29
10
10
44
6
35
18
30
45
13
16
9
63
8
22
12
19
56
7
11
15
32
21
11
3
9
15
10
26
15
12
27
19
11
21
9
34
18
7
14
10
33
9
2
17
9
17
23
8
6
14
4
14
11
28
100
17
9
19
31
12
6
14
32
21
5
115
21
12
20
13
4
20
12
69
56
4
25
14
5
24
31
44
57
6
21
55
13
21
29
4
8
20
38
31
40
9
13
17
40
20
10
13
24
14
43
22
16
5
8
5
5
9
22
11
49
30
14
38
17
28
19
49
5
7
5
25
3
9
61
14
65
46
23
25
40
28
2
102
15
14
69
11
83
17
30
32
27
13
35
24
176
35
65