25
4
12
2
23
46
10
17
17
28
8
28
18
15
63
16
17
38
45
47
6
41
21
8
62
5
22
51
61
18
26
13
59
19
97
28
5
17
15
11
8
21
19
12
8
29
50
8
13
6
31
36
8
37
12
35
9
26
6
16
37
18
3
35
20
7
6
35
28
41
17
3
14
26
5
9
99
12
7
50
4
17
32
62
46
3
40
37
22
17
21
30
8
44
7
6
18
5
9
14
34
26
4
3
12
7
25
32
8
7
9
42
25
73
17
22
18
16
57
78
12
52
20
6
29
8
13
4
43
2
8
4
21
18
36
82
31
6
26
4
14
65
5
8
3
4
23
17
14
28
24
12
14
54
34
22
33
12
14
11
5
22
19
12
9
20
37
10
6
12
36
11
26
13
7
54
33
48
11
18
45
9
19
11
13
15
20
26
32
47
22
25
27
37
10
17
12
5
7
76
36
12
7
31
4
32
22
6
4
18
14
54
7
39
10
29
16
9
12
29
20
22
103
16
34
14
9
19
3
49
23
8
12
17
20
6
1
32
22
16
17
27
31
6
79
8
43
12
15
5
9
19
31
17
20
5
17
4
17
12
38
19
5
13
12
10
4
31
8
20
5
27
207
10
24
12
21
4
33
6
45
31
10
44
5
49
26
13
10
7
41
85
7
21
20
4
40
12
167
37
7
11
3
19
7
14
26
22
53
4
8
25
6
10
67
31
18
37
124
6
49
10
28
10
7
6
33
188
6
12
5
57
19
59
11
14
29
58
13
16
5
9
27
33
31
27
67
116
6
4
25
7
4
6
88
26
11
7
81
11
22
33
21
30
15