43
9
8
13
12
9
14
19
10
52
32
18
29
18
3
46
3
15
13
9
23
20
14
36
8
33
24
12
18
39
6
13
13
11
34
26
37
13
30
10
31
23
29
13
32
16
31
19
10
14
67
12
39
8
51
13
8
17
41
25
37
10
15
45
38
24
27
48
115
15
5
28
91
41
23
21
25
8
31
26
79
60
12
16
78
28
16
12
97
29
33
39
11
117
14
19
14
15
31
3
8
34
58
34
37
28
27
20
47
10
45
36
15
32
36
14
88
43
8
21
25
14
24
20
55
69
38
20
35
24
17
59
13
9
21
56
71
16
4
12
12
36
33
27
15
21
67
46
8
37
38
22
11
19
32
5
12
50
10
2
20
8
27
16
29
14
15
8
15
29
47
18
9
31
23
20
17
18
24
32
11
32
32
9
8
8
13
51
14
33
13
10
59
39
26
52
29
30
18
24
29
52
16
24
9
18
16
49
20
21
58
20
20
57
40
17
58
6
31
15
19
14
13
32
52
19
37
19
39
9
15
47
26
22
21
70
20
22
25
33
8
7
10
26
18
33
31
45
20
31
24
13
19
9
29
13
13
12
16
33
43
46
5
31
5
8
34
75
22
11
8
20
8
48
20
13
8
21
19
21
66
8
44
9
31
14
93
5
15
4
14
47
16
12
18
9
17
48
10
19
49
15
64
32
31
19
15
23
28
14
24
2
9
21
7
15
21
59
33
23
37
19
31
25
9
11
19
14
20
24
73
12
47
23
14
13
13
26
41
20
15
21
32
19
13
6
60
58
30
22
28
75
34
17
13
23
56
16
21
12
24
36
15
12
45
29
20
13
10
31
37
41
8
20
47
19
22
19
15
41
5
9
7
14
26
15
56
22
33
40
50
9
26
7
10
23
6
12
20
25
45
26
23
7
37
38
15
6
35
35
87
12
39
36
20
8
14
26
18
55
12
10
12
16
24
40
10
14
23
32
18
10
43
26
20
22
26
12
12
12
15
25
24
5
15
9
35
36
106
26
6
41
20
15
47
35
25
21
30
6
20
22
19
15
13
26
72
11
11
12
14
25
13
31
4
11
18
35
16
53
19
17
40
33
10
34
41
6
14
13
12
22
14
6
14
23
7
9
43
16
46
6
8
41
35
11
11
25
112
32
13
53
14
11
26
26
13
19
46
8
23
12
29
58
14
83
20
139
18
33
14
15
3
15
7
44
33
48
81
80
23
19
13
23
11
20
32
35
10
28
6
22
7
52
12
188
58
39
30
29