37
43
38
99
5
9
20
19
49
9
43
13
6
12
16
48
36
51
5
73
16
10
11
8
26
30
23
4
3
33
8
18
9
4
13
9
20
52
25
2
16
13
11
24
20
14
24
44
22
17
69
86
24
26
13
34
23
5
5
6
10
16
17
5
34
10
38
22
24
37
20
16
17
8
26
9
10
53
6
12
11
5
31
8
8
10
4
39
7
51
59
12
36
42
16
16
50
37
25
45
21
22
13
40
19
22
4
17
3
28
16
9
12
16
9
11
4
11
7
26
8
36
13
43
22
9
16
16
21
16
22
15
19
13
9
5
5
25
5
14
49
21
105
7
51
4
39
18
7
4
7
9
38
24
6
6
30
20
20
5
19
22
24
6
47
7
35
37
29
6
12
8
43
24
8
29
14
13
5
39
51
18
25
18
15
49
4
12
18
9
14
9
8
4
32
10
25
28
22
21
4
36
59
16
10
6
48
5
23
18
12
11
29
20
13
8
14
40
19
10
34
24
12
23
5
12
10
62
21
9
28
6
9
23
6
15
14
22
65
21
41
30
22
20
20
18
32
60
122
20
14
30
14
8
16
4
27
12
5
19
6
49
40
23
18
26
15
14
60
18
53
9
34
7
14
30
28
23
14
11
8
18
15
10
25
10
16
6
30
10
28
9
4
15
17
38
8
28
10
35
16
11
13
8
84
79
13
4
34
6
11
3
19
18
9
11
14
6
258
18
24
5
15
21
8
37
33
26
7
14
9
44
12
11
15
19
6
18
30
14
62
11
84
54
29
18
49
50
6
4
68
58
15
10
36
7
35
49
22
8
42
34
9
27
12
7
8
24
12
9
9
35
20
36
17
3
13
5
67
15
3
22
27
5
6
14
17
24
4
7
14
4
23
40
4
36
8
119
16
40
25
97
5
47
146
24
6
19
27
14
14
12
2
9
65
17
22
29
11
8
4
34
35
25
43
13
13
38
5
10
19
47
20
16
34
3
5
30
12
52
60
4
43
17
21
12
12
16
18
20
14
21
7
13
28
17
17
40
9
25
14
55
13
8
35
63
20
32
13
8
4
15
56
26
46
16
36
5
7
7
99
40
7
44
50
48
9
33
45
28
25
37
31
27
9
4
32
89
16
18
29
47
27
5
64
12
15
10
21
15
16
5
53
20
9
9
15
32
16
24
63
3
19
95
20
7
39
56
21
16
23
40
11
29
50
25
9
14
18
13
24
101
8
24
10
19
53
90
45
11
53
86
13
12
17
13
48
12
11
20
9
15
7
37
66
30
20
15
22
8
20
11
65
67
17
16
18
22
6
15
55
13
7
24
12
14
16
6
35
12
36
7
22
14
26
30
20
6
24
4
13
23
27
60
16
28
30
30
9
12
9
28
12
19
26
19
78
45
29
25
42
5
42
88
8
8
20
17
16
3
13
35
6
7
10
5
92
5
15
12
29
24
10
26
112
16
49
33
27
61
11
68
12
17
30
14
3
17
13
14
7
22
71
11
25
3
7
13
7
6
23
15
15
83
5
27
10
2
7
15
13
31
33
28
14
26
5
51
17
21
37
11
134
4
5
4
34
5
56
15
11
48
12
10
5
5
5
15
77
66
48
6
4
4
41
19
5
10
5
14
3
34
51
9
92
22
6
48
26
10
7
19
63
44
57
25
15
13
12
5
48
8
22
17
16
3
15
77
5
30
7
7
13
38
17
68
29
6
21
6
82
13
13
20
18
35
10
26
38
7
22
12
9
6
11
29
7
14
3
10
12
5
45
26
86
37
42
16
65
62
19
15
34
5
8
28
27
11
43
15
7
24
21
22
5
4
58
129
21
5
47
5
7
68
4
5
24
25
14
20
20
19
41
8
21
4
16
4
23
9
30
6
81
22
12
29
31
4
14
11
25
36
22
31
24
17
6
18
106
28
17
5
18
18
10
18
10
14
14
8
13
21
7
45
72
9
9
53
18
4
4
58
36
8
24
10
22
44
49
77
13
89
3
21
17
38
14
14
113
7
78
7
40
9
22
8
17
20
5
11
24
30
23
12
31
18
14
11
16
56
19
13
5
15
13
25
7
33
13
29
7
15
8
10
7
5
10
26
46
25
10
86
38
8
16
56
18
16
20
4
40
48
11
12
10
36
12
3
11
6
9
29
14
20
17
9
17
26
15
36
29
12
5
93
83
42
52
42
4
12
5
11
8
30
27
4
6
20
49
5
8
17
6
24
36
18
8
26
31
18
28
8
17
3
11
43
107
5
50
10
12
3
48
28
20
27
19
26
35
17
54
12
26
48
9
10
8
8
15
34
16
25
34
4
16
8
16
5
100
27
9
4
16
18
9
29
123
4
14
8
55
21
8
6
4
17
8
16
22
17
25
25
5
58
6
12
182
26
5
12
61
10
4
8
62
10
48
77
11
12
28
38
15
13
7
14
5
226
7
22
6
9
11
16
11
118
45
11
110
54
29
71
17
44
5
25
25
20
4
5
21
17
20
17
16
30
18
16
14
10
30
32
37
29
78
33
8
28
16
13
9
2
18
14
43
72
15
28
19
20
8
21
64
10
5
12
26
14
8
23
9
96
51
7
8
11
74
38
28
10
15
8
13
27
35
14
9
27
9
42
29
7
13
25
32
8
42
21
21
61
7
6
4
32
12
17
30
19
99
70
21
8
18
18
12
27
10
14
76
31
41
8
5
4
8
21
10
17
40
5
6
14
16
22
16
15
15
15
31
12
2
11
5
79
123
21
11
3
9
5
10
4
7
17
10
10
24
12
38
9
9
20
10
13
11
19
12
10
17
30
7
10
67
23
12
24
15
104
11
10
23
29
8
4
6
25
5
3
16
18
7
32
25
16
35
29
137
23
9
9
6
8
6
10
18
8
11
21
7
14
17
27
49
7
11
7
4
21
6
32
17
7
25
6
20
68
12
14
5
11
19
22
31
52
23
35
4
69
7
13
54
44
21
17
23
5
6
95
52
13
26
7
19
23
28
37
14
8
9
16
9
4
18
57
4
4
23
24
18
17
11
29
18
6
13
12
11
7
43
31
29
19
14
4
33
25
22
18
5
28
16
10
23
9