31
23
32
9
24
68
14
7
14
18
31
8
10
17
4
35
11
7
13
24
19
9
20
41
7
12
8
18
61
25
8
15
17
3
30
43
31
8
12
32
65
7
4
20
21
11
10
12
12
6
9
32
14
5
22
21
16
12
17
17
8
22
9
5
21
17
7
23
29
34
7
35
8
10
20
24
37
17
12
68
10
8
9
52
13
13
22
20
11
26
32
28
6
12
28
32
16
16
10
13
54
9
10
17
7
22
8
16
22
8
5
7
77
37
17
7
26
25
16
26
24
10
4
30
18
12
6
19
22
31
22
12
9
13
20
15
16
35
17
28
19
18
13
5
31
7
10
28
35
19
15
22
29
7
46
20
25
23
10
7
15
20
25
7
37
10
17
16
23
12
4
2
12
14
10
8
8
28
4
11
4
22
25
18
11
32
29
52
23
22
23
12
11
23
27
21
20
17
29
9
51
66
5
15
30
8
50
16
5
9
15
33
30
13
3
29
13
10
6
44
6
170
56
3
17
29
25
148
5
5
27
15
46
19
33
26
14
3
7
27
34
7
19
11
13
15
55
10
14
28
5
12
36
15
11
15
71
19
25
8
12
45
26
16
10
7
15
48
37
26
12
15
13
11
9
22
12
14
12
5
13
35
9
40
13
9
37
11
28
55
26
110
15
97
17
42
54
19
84
29
31
12
10
12
55
13
39
11
11
22
19
5
9
7
11
23
35
18
60
12
5
30
10
39
18
96
10
17
13
26
43
43
16
39
6
28
19
5
21
9
5
10
6
17
14
19
6
3
22
3
19
6
4
22
10
14
19
12
27
28
50
10
29
32
10
19
11
35
27
7
10
17
62
22
77
43
22
11
26
6
118
14
4
17
12
21
6
25
4
12
4
12
15
5
5
16
25
14
52
8
26
7
11
17
38
25
23
5
27
15
22
3
39
21
29
11
3
5
5
5
17
41
28
21
68
8
16
7
5
53
7
27
25
13
173
30
8
21
9
18
47
13
40
23
28
10
70
5
14
30
10
16
23
23
35
11
38
73
12
10
21
7
9
6
17
22
93
17
20
28
7
32
24
22
13
20
52
35
10
34
12
11
5
18
19
16
6
75
36
64
13
21
13
11
9
3
62
84
10
4
54
4
6
5
9
6
15
4
14
16
19
142
3
42
21
34
8
5
23
9
13
24
8
19
24
13
14
3
6
21
24
10
34
11
14
21
7
25
53
35
32
10
14
8
17
10
37
13
13
8
28
9
18
5
9
33
9
13
34
10
33
12
47
17
23
5
56
5
8
19
16
8
35
6
36
16
17
6
9
17
57
20
23
36
58
4
15
4
11
10
3
25
13
35
23
27
25
37
41
129
26
4
4
7
20
15
5
20
11
36
14
10
10
9
16
4
26
17
7
43
33
31
39
4
29
73
6
31
125
11
5
12
12
10
38
37
15
7
7
45
7
16
6
59
11
4
35
35
46
13
19
8
19
9
7
24
6
33
22
5
8
45
8
5
19
62
2
10
5
21
7
2
20
44
39
38
20
9
49
22
35
6
4
14
14
12
68
16
26
9
14
33
12
20
19
46
10
14
71
3
3
8
48
9
34
11
65
20
19
36
30
18
30
2
7
23
40
16
5
4
27
8
43
71
23
61
47
26
19
15
9
68
11
22
8
26
9
54
10
39
22
15
4
24
5
5
67
12
17
9
15
35
20
6
18
7
19
26
33
4
22
7
11
26
16
48
8
18
3
6
8
51
32
17
18
8
8
46
11
46
5
43
6
13
12
5
24
5
39
10
19
45
16
8
26
22
21
11
17
19
22
40
37
18
33
2
9
3
7
33
26
11
8
14
21
19
10
56
3
45
18
27
22
27
42
11
9
8
55
30
34
5
15
15
19
7
6
5
8
13
6
7
35
35
7
28
14
27
10
28
9
15
21
11
90
18
7
17
13
34
26
8
9
16
5
22
8
14
9
8
9
31
6
6
33
87
3
45
32
8
82
33
17
15
23
5
6
50
78
21
3
20
24
7
51
15
19
19
28
16
17
16
14
12
17
10
22
9
32
5
14
16
4
21
6
25
41
34
34
4
49
4
14
7
7
29
19
42
9
15
7
23
21
40
73
6
17
20
8
12
63
12
30
6
2
31
14
10
22
9
26
41
25
8
11
37
22
24
17
33
15
6
10
28
17
23
17
16
14
12
27
7
10
17
5
22
32
35
31
23
20
5
15
14
11
28
23
12
8
117
18
30
66
31
11
13
5
3
15
49
70
7
14
13
13
93
15
51
43
33
12
17
9
26
10
7
5
18
7
13
36
29
5
21
41
24
50
5
13
28
25
28
3
13
41
15
15
11
7
15
20
24
9
13
23
15
10
54
7
42
60
8
20
26
40
13
18
15
11
40
28
22
29
7
32
13
11
45
11
6
12
9
32
17
8
21
40
13
12
14
31
10
7
78
7
18
23
15
5
24
30
54
45
6
13
7
42
4
17
10
62
18
26
5
7
33
29
9
2
6
32
25
29
16
9
12
4
6
18
7
12
7
4
9
30
72
65
9
10
19
41
43
21
5
5
12
20
9
5
15
12
11
5
26
75
20
13
12
43
7
8
11
12
6
8
33
17
31
9
10
11
17
42
35
78
15
10
39
10
24
20
27
25
8
24
16
20
35
13
34
43
7
20
30
21
7
19
18
24
34
40
22
33
15
11
6
34
18
20
23
35
10
11
42
56
10
46
4
13
23
4
17
78
43
9
5
16
14
31
8
43
74
6
12
15
10
17
35
19
13
6
28
13
33
30
21
35
24
8
3
30
5
30
8
11
15
18
39
6
11
11
22
6
22
22
12
9
24
3
22
55
9
12
29
5
33
10
56
12
38
39
6
12
25
18
10
16
17
33
13
7
8
11
53
20
12
19
18
4
10
2
16
29
23
16
22
9
16
16
6
8
39
22
11
10
11
35
6
52
35
42
15
23
10
21
8
24
16
20
83
23
17
17
11
38
11
14
31
6
15
18
19
14
19
17
27
9
20
56
50
17
19
25
8
6
27
8
6
8
34
16
9
42
30
9
5
120
74
21
6
21
9
12
23
21
15
7
17
46
8
19
17
4
4
10
11
18
41
55
5
12
5
32
10
41
17
3
5
17
7
2
12
33
77
56
16
11
7
32
5
9
10
41
6
19
40
113
13
13
24
56
14
10
26
21
33
14
12
18
39
23
43
14
14
39
14
6
11
19
16
4
20
13
4
8
24
42
30
15
5
6
12
110
17
38
5
16
14
31
7
5
11
5
8
18
30
25
41
9
35
53
3
31
4
38
13
4
11
6
10
7
9
57
39
30
6
7
9
25
4
25
39
18
47
18
11
26
77
9
10
8
9
38
46
30
5
5
55
13
37
30
10
1
74
76
19
10
10
17
8
13
27
15
24
5
14
25
20
12
23
17
25
13
32
12
37
7
22
11
20
33
11
13
19
49
11
44
7
12
12
65
17
23
17
20
17
7
4
23
15
13
26
32
3
18
9
8
48
11
18
8
22
6
41
48
111
16
20
36
35
2
11
25
10
11
17
6
12
6
8
6
4
12
13
4
6
10
12
15
21
20
30
22
15
11
2
26
21
8
20
6
60
13
34
7
24
9
7
3
9
14
11
8
50
9
23
25
8
13
4
37
79
3
30
30
9
11
27
10
4
60
7
27
16
7
22
4
10
22
16
25
9
36
15
23
27
10
22
18
9
7
8
10
40
21
60
6
8
92
30
23
8
3
10
6
40
12
45
7
18
15
6
9
7
11
13
18
11
121
8
15
27
47
4
24
12
14
32
21
5
19
27
38
23
23
40
30
16
20
9
21
32
37
17
12
5
5
5
9
5
11
25
24
5
18
6
9
8
15
11
8
27
22
14
9
12
11
29
8
15
3
62
13
20
18
4
9
25
11
11
7
3
8
36
24
23
7
15
18
34
7
24
6
33
8
5
61
32
10
11
27
20
15
60
2
59
17
25
13
40
9
25
10
7
15
51
4
5
25
16
99
8
5
36
17
13
16
26
16
33
7
12
27
124
5
22
17
10
47
6
11
15
18
3
27
24
21
12
14
43
3
10
10
10
25
12
11
32
40
80
98
49
113
6
4
7
23
26
18
16
119
8
50
19
10
10
13
18
9
33
9
3
31
9
4
21
13
8
63
17
27
4
6
49
23
31
17
17
69
11
11
10
18
14
10
21
33
11
47
9
16
4
44
10
7
10
3
9
16
61
19
13
27
26
23
13
11
8
31
62
21
17
6
29
9
25
63
16
26
31
8
79
6
23
47
70
7
12
36
12
42
16
43
11
11
13
11
6
14
13
7
29
25
13
16
106
5
27
25
11
13
15
20
21
7
6
8
37
16
60
8
6
4
7
4
32
21
19
11
16
9
32
23
45
11
14
25
13
73
17
44
20
5
17
35
9
34
9
7
6
7
5
18
18
23
17
18
50
8
68
27
12
16
24
15
15
23
18
13
19
56
14
21
9
5
4
40
21
10
19
9
19
32
19
6
39
4
22
19
56
27
6
7
14
2
7
39
35
36
14
20
17
10
13
58
9
20
13
18
19
13
28
6
9
43
13
17
4
41
46
32
12
9
21
88
6
9
12
6
6
9
12
18
36
74
20
21
7
8
8
6
7
38
34
22
22
15
25
21
50
30
4
17
28
16
13
14
19
29
14
25
15
21
20
18
10
8
79
18
9
18
5
15
3
30
16
21
26
12
19
16
3
4
43
11
8
31
14
30
27
21
17
27
19
19
5
19
4
12
30
12
3
38
13
4
5
22
19
92
35
20
5
12
6
13
100
7
106
6
31
4
6
6
26
13
29
38
8
10
3
84
64
26
12
21
17
18
23
3
6
8
33
22
22
6
16
19
43
24
25
8
7
5
15
24
7
12
10
40
29
16
15
5
5
42
4
32
22
60
22
19
7
11
16
7
10
27
32
12
4
31
21
13
18
25
24
9
16
3
4
21
8
28
50
19
6
28
55
4
18
11
14
17
8
13
5
3
17
15
19
41
6
20
7
15
5
6
5
145
8
16
12
7
40
8
21
21
4
22
6
44
30
3
8
5
120
10
14
24
18
20
15
35
31
4
11
7
6
4
7
12
8
6
3
4
14
6
19
14
2
8
25
20
48
16
4
15
28
10
13
23
5
19
22
5
20
7
13
9
23
35
6
10
12
22
70
58
13
31
46
11
18
13
11
17
37
21
10
5
15
4
13
31
15
35
12
40
51
9
15
36
10
8
9
36
29
16
18
17
16
23
12
13
9
23
39
11
21
19
11
13
27
8
13
8
9
26
11
9
22
65
14
11
13
7
13
7
24
15
10
8
13
5
14
8
6
5
3
24
14
23
9
30
8
9
42
39
44
7
14
28
20
11
11
9
30
22
6
4
6
26
12
13
2
44
25
19
14
12
12
74
16
11
28
10
24
18
16
25
25
19
10
13
13
35
9
18
32
4
35
29
8
3
6
14
47
6
10
12
10
5
34
4
27
18
6
12
8
13
81
28
9
8
8
5
11
22
4
10
67
9
35
12
11
4
12
20
9
5
6
10
4
8
24
30
15
8
12
6
16
23
29
33
11
31
38
12
4
24
82
14
25
25
71
20
41
77
35
34
22
15
29
14
27
28
16
6
44
21
5
6
15
12
11
15
17
10
21
5
22
32
47
55
23
7
12
20
33
12
25
9
6
3
28
8
15
5
9
15
18
25
31
5
13
8
14
35
11
17
52
35
5
14
14
7
32
12
15
23
28
5
3
56
21
13
6
12
22
6
19
8
19
10
58
17
52
14
26
13
18
61
40
19
5
42
4
3
16
10
50
7
5
14
23
3
18
26
6
14
18
16
51
41
20
13
5
6
13
22
8
32
30
7
21
9
14
26
8
6
12
6
28
32
7
14
7
19
29
16
25
18
18
5
42
9
29
12
24
78
34
11
9
8
49
4
6
4
12
46
137
15
10
49
7
24
2
19
32
4
34
25
13
12
50
5
18
19
25
43
19
27
23
2
5
7
19
4
37
19
33
35
24
29
18
5
146
61
2
15
27
10
37
53
3
38
5
5
18
10
13
8
14
18
17
14
7
42
9
38
6
31
10
65
5
11
6
13
23
33
13
30
11
67
13
44
20
73
49
9
43
6
30
33
50
45
31
25
19
26
10
8
31
17
17
14
64
3
8
12
7
15
56
55
10
18
7
5
18
15
22
20
38
11
16
98
6
14
7
22
5
12
7
29
6
10
26
16
53
19
7
12
21
26
14
15
7
17
28
5
148
10
15
28
6
40
4
9
11
33
18
6
13
12
29
20
25
21
22
109
15
13
22
10
7
5
13
10
25
5
7
18
5
3
12
3
22
15
23
3
7
13
3
7
28
26
22
17
7
16
11
30
13
13
5
13
7
77
21
25
12
9
56
26
5
17
20
4
3
11
8
6
20
18
65
12
9
60
19
13
23
2
8
14
45
148
46
7
14
33
23
35
19
15
8
18
20
7
10
22
30
31
28
24
257
15
75
7
30
12
42
20
58
35
77
41
12
6
21
14
20
20
7
9
9
4
8
8
25
57
38
48
7
12
57
18
12
71
25
7
28
29
9
20
13
6
4
59
14
25
7
22
11
19
16
32
10
8
25
13
9
12
10
14
11
18
26
10
20
6
21
32
42
35
31
58
33
6
20
13
28
11
7
55
14
8
4
36
20
6
67
42
7
9
13
9
20
30
35
6
17
189
27
7
4
10
17
17
19
5
8
33
35
29
56
15
18
17
3
33
8
52
13
11
9
27
6
20
14
26
33
6
17
50
40
29
81
23
21
24
8
39
33
5
3
12
20
14
14
12
26
4
18
9
42
40
33
25
12
42
9
13
114
14
18
56
11
8
15
37
8
18
4
26
14
4
145
24
11
7
12
17
37
9
27
25
11
22
6
17
15
9
18
5
7
11
33
11
10
6
15
15
22
12
14
19
18
36
18
28
49
8
26
11
11
8
8
6
7
10
22
26
24
4
7
5
29
20
15
21
9
24
43
25
5
25
3
57
28
17
19
39
38
28
40
6
28
6
4
7
18
32
9
12
8
21
9
7
35
53
27
30
12
8
34
16
55
4
21
35
23
18
10
11
14
26
8
10
15
14
175
25
24
34
19
9
19
9
76
40
13
8
10
24
14
42
6
7
15
54
45
12
25
12
69