7
2
26
20
44
4
7
9
25
7
46
10
12
5
17
14
19
3
11
12
10
4
10
13
5
26
29
16
23
27
7
9
10
6
14
9
7
7
5
13
9
15
6
87
16
6
5
13
62
11
19
12
42
7
9
2
20
31
25
19
30
12
6
47
63
14
17
14
12
11
6
1
5
25
10
16
2
32
4
3
6
9
13
30
3
8
14
7
10
22
16
17
14
3
32
7
79
27
10
4
35
9
20
36
22
30
17
4
4
5
7
4
5
10
4
23
13
30
14
25
46
15
7
5
4
15
9
16
8
6
35
6
59
24
15
5
140
2
11
18
17
5
7
22
11
12
12
82
25
29
7
49
17
33
9
4
20
13
18
11
13
13
3
3
10
50
20
26
12
9
7
33
23
14
9
3
18
32
2
84
10
45
17
8
17
38
24
8
7
14
24
10