26
10
2
8
6
5
23
34
5
32
23
3
7
8
9
19
15
4
18
12
16
6
68
12
10
33
9
51
2
30
8
8
15
8
21
10
62
98
56
8
12
27
11
60
6
14
30
21
5
6
13
17
6
20
22
8
5
5
13
5
75
17
29
9
19
7
14
31
24
15
5
36
8
5
1
17
13
75
13
5
12
4
33
26
9
43
14
6
5
3
7
25
5
6
9
45
58
34
5
16
2
24
11
4
4
4
6
13
12
19
4
14
4
41
38
27
9
30
25
5
13
2
5
107
22
12
13
8
6
7
190
65
4
6
6
31
17
3
54
20
35
49
29
14
20
6
12
23
59
3
4
10
3
16
8
8
13
16
17
9
5
5
7
79
17
23
7
96
53
31
9
7
9
33
9
2
44
38
6
6
61
14
10
12
18
13
47
5
5
9
18
19
50
20
22
8
7
12
8
19
12
41
17
11
6
19
17
14
6
11
7
4
67
31
7
23
10
15
41
18
31
7
16
11
8
16
70
35
4
12
3
4
79
5
3
20
69
9
7
7
16
46
6
9
5
4
6
12
8
4
6
57
2
10