6
14
6
7
47
15
50
8
3
3
3
17
16
13
7
7
5
8
22
4
16
4
10
5
12
1
12
4
6
47
6
2
3
4
6
3
4
61
3
20
5
6
4
4
7
13
3
30
14
5
9
20
14
7
10
7
21
16
41
10
5
5
4
6
3
8
8
13
17
3
4
18
15
2
6
9
4
9
8
4
15
6
5
12
7
9
14
7
8
17
3
4
10
6
13
22
2
6
7
25
3
6
12
7
6
3
5
36
3
6
2
3
22
8
13
4
8
4
15
9
6
11
4
8
4
2
45
3
21
15
5
4
10
13
6
4
13
20
4
15
10
7
10
4
3
11
20
8
9
30
3
9
7
9
3
28
5
50
2
15
35
4
4
11
39
4
4
46
11
12
14
14
2
22
9
5
5
6
16
5
6
15
74
10
6
12
14
4
6
15
4
7
11
9
36
25
12
5
2
27
4
6
15
5
13
7
17
17
8
15
4
7
45
32
13
7
43
6
14
16
6
6
4
20
23
10
4
9
54
10
14
19
4
4
17
5
10
111
66
27
4
6
62
10
7
7
23
14
6
15
18
7
10
5
9
7
4
6
10
14
26
24
16
4
4
38
10
78
2
26
3
8
5
12
19
6
6
3
34
2
10
15
8
34
4
17
18
8
10
23
6
11
9
5
19
10
4
4
7
9
7
5
15
5
10
4
10
9
5
27
5
3
4
6
25
35
10
14
7
4
23
5
11
24
27
4
9
3
14
20
40
5
4
2
5
11
3
38
4
8
10
8
4
9
7
4
6
21
16
20
14
4
12
3
7
5
4
96
3
6
5
10
22
4
5
4
31
25
5
13
3
16
7
13
4
3
11
12
4
22
5
3
18
4
104
25
6
12
23
5
12
9
9
14
6
7
5
18
11
21
3
4
7
8
21
16
13
18
7
22
27
8
11
6
19
13
22
16
18
4
4
25
2
3
9
5
2
11
6
14
27
10
4
4
4
12
7
21
3
8
8
5
31
14
6
5
22
15
3
6
3
6
50
25
4
4
12
44
14
18
4
47
4
18
4
4
24
50
34
28
6
8
4
15
6
4
11
4
7
24
21
16
10
33
5
4
9
5
17
4
7
8
10
27
14
9
10
74
4
5
5
3
5
16
29
32
6
4
8
13
5
17
10
4
40
4
3
9
17
9
6
9
17
21
7
4
2
4
27
4
11
26
11
7
8
10
8
5
2
4
33
12
7
12
3
17
9
10
21
8
23
5
4
83
9
3
3
6
14
12
6
11
6
20
12
4
6
4
5
10
26
7
11
3
26
18
20
9
2
20
52
6
9
6
3
18
4
21
4
10
3
6
6
4
17
10
11
21
5
24
4
4
3
4
10
11
9
7
6
5
12
7
3
13
7
14
2
14
3
7
9
12
7
7
6
16
5
3
7
7
13
9
10
8
5
12
4
10