11
41
42
13
12
9
10
26
8
16
16
11
10
4
6
25
23
17
7
3
21
12
7
14
10
5
34
14
21
9
14
13
4
13
6
5
18
7
48
13
7
11
14
18
32
14
21
12
32
8
7
17
205
5
21
9
8
22
13
11
27
28
24
16
17
15
51
13
20
6
6
8
6
35
9
18
4
18
6
12
22
9
17
23
28
2
8
27
43
22
3
12
16
6
7
10
7
27
10
18
12
10
12
4
21
14
11
5
11
19
4
15
11
7
29
20
17
14
4
8
32
3
7
5
10
3
5
7
13
33
5
23
7
10
12
16
11
10
15
6
18
45
5
26
18
27
21
23
2
13
7
9
12
14
15
23
26
9
16
5
19
8
3
20
6
17
12
18
8
7
29
8
6
6
8
92
6
48
20
3
4
34
54
5
10
13
4
27
10
32
10
7
36
53
7
12
45
10
28
8
19
43
22
23
41
21
14
4
23
12
5
10
9
10
6
9
5
24
26
18
65
7
30
5
29
8
6
84
15
18
5
14
53
8
67
19
36
44
21
28
25
16
8
10
22
21
5
10
8
23
4
24
11
16
6
2
21
35
4
9
10
5
9
18
9
20
15
21
8
13
5
11
5
7
4
34
4
11
21
10
21
12
68
15
19
29
8
9
8
33
21
14
11
9
15
8
13
11
22
30
48
7
16
47
21
5
21
31
8
13
16
10
23
10
27
58
12
9
5
2
10
20
12
20
18
7
4
8
13
27
40
15
4
31
9
7
10
6
13
33
17
7
14
24
40
8
9
11
11
2
13
18
17
38
1
9
7
9
13
9
13
10
6
23
8
7
27
8
4
8
7
14
9
18
15
3
31
83
18
7
28
17
16
9
15
12
12
8
15
11
17
34
17
18
15
7
13
22
5
8
3
7
29
8
10
18
30
17
57
10
7
73
12
26
5
8
8
5
28
3
14
11
23
15
53
12
50
9
29
19
11
9