5
15
48
22
23
30
13
71
24
38
32
9
14
13
30
4
18
4
18
27
32
23
7
16
18
7
5
8
9
9
8
23
20
5
7
5
6
45
8
8
27
14
12
18
38
4
15
64
47
32
37
10
37
9
24
65
8
9
36
9
15
11
14
3
8
22
9
8
10
28
11
7
6
18
21
21
10
11
8
9
15
91
9
46
20
16
30
29
7
16
15
11
24
11
17
22
6
4
8
4
7
15
19
5
8
7
85
93
24
43
54
4
17
31
13
106
40
39
5
11
66
13
6
6
11
16
12
49
29
5
14
10
11
11
8
30
49
38
20
26
21
23
4
10
40
4
13
32
35
21
10
22
10
7
11
12
16
21
11
6
7
23
25
13
13
13
19
9
11
15
9
38
44
45
21
10
6
11
40
1
6
4
15
16
13
72
31
24
11
3
10
170
9
6
21
13
19
26
24
13
6
15
11
3
20
5
19
9
69
2
6
20
6
5
20
64
17
10
35
106
2
13
102
24
58
34
33
19
21
9
16
12
44
6
32
2
27
13
30
14
10
21
25
46
15
3
5
20
6
151
16
22
20
80
13
36
14
39
9
29
34
10
37
22
30
8
41
17
48
15
13
3
26
8
47
8
35
3
14
19
19
22
8
77
27
16
5
15
14
38
8
23
7
16
40
11
4
11
8
10
5
10
14
77
45
13
19
8
5
79
35
36
19
162
5
8
15
14
105
13
29
41
21
9
42
6
30
44
28
9
5
6
32
71
5
3
8
48
6
23
9
41
15
102
9
34
6
11
68
7
7
9
18
12
36
37
48
16
10
6
13
41
18
41
59
12
19
9
8
5
10
6
12
4
21
11
21
24
35
21
8
21
61
26
23
3
9
21
7
33
70
14
52
18
46
15
29
22
32
22
40
8
26
30
9
28
14
34
6
28
27
10
11
3
9
18
41
20
30
50
2
39
30
15
15
7
9
28
34
6
18
15
3
12
21
2
25
29
68
4
6
23
15
26
11
97
24
10
12
20
34
22
41
49
7
21
7
20
11
29
38
23
5
38
55
40
14
10
14
16
15
27
9
5
37
77
3
42
13
9
7
5
51
8
8
10
15
14
11
15
52
14
26
15
19
5
5
3
46
51
10
9
6
71
16
18
37
11
9
4
43
11
22
12
24
3
17
12
7
41
9
15
62
9
18
31
27
6
3
16
7
13
6
23
17
5
8
22
22
23
47
6
13
16
35
17
6
10
23
13
7
19
8
11
8
27
21
69
61
9
19
82
5
5
17
6
46
10
9
9
11
41
4
7
22
26
45
7
3
3
18
39
9
14
13
8
23
30
37
34
17
12
7
13
11
15
12
9
4
33
23
20
12
23
32
30
8
12
12
13
10
5
12
46
6
26
3
14
35
15
9
8
4
11
12
26
36
42
33
37
15
18
18
14
10
29
14
16
26
7
18
28
12
7
19
25
24
21
23
59
13
38
4
70
5
7
7
2
10
14
8
21
21
9
21
14
26
8
5
6
53
6
5
53
66
151
20
13
12
6
21
14
6
22
28
42
5
11
9
25
9
11
54
25
10
14
59
13
81
12
35
16
36
22
11
27
9
13
26
27
47
41
7
6
11
12
14
22
18
16
67
5
16
18
21
21
11
35
54
6
42
19
62
17
73
15
13
5
22
16
17
26
23
11
9
32
3
17
6
16
10
26
8
70
15
26
16
28
22
21
6
6
16
3
39
8
7
50
9
10
5
45
13
74
28
20
23
15
11
20
75
7
7
22
22
8
12
49
12
9
29
15
30
14
3
28
37
49
16
13
9
9
6
41
5
4
30
37
14
7
15
17
11
22
7
7
49
43
18
5
22
10
60
18
25
19
12
20
7
11
57
2
44
20
23
21
13
3
25
22
73
23
54
90
27
65
41
44
42
11
24
17
19
20
13
7
6
36
41
18
23
26
10
7
67
84
113
9
17
27
59
16
7
29
22
18
18
46
14
9
7
20
52
26
12
42
27
13
7
8
5
8
54
9
56
55
4
66
16
25
8
8
4
14
12
31
23
14
24
24
12
9
39
20
14
18
49
27
46
22
53
28
15
12
14
26
6
32
32
40
6
31
2
21
4
111
6
16
27
24
4
24
41
23
6
38
16
6
6
9
40
5
30
26
9
7
17
27
96
9
44
14
9
17
10
9
52
12
16
7
54
6
20
6
73
9
20
43
17
15
15
5
31
13
9
8
17
10
23
15
7
22
2
13
59
4
9
20
12
32
39
14
34
45
11
10
18
41
22
26
25
32
6
18
9
13
9
51
22
23
12
4
11
7
20
36
8
7
26
56
22
42
21
12
10
11
4
29
12
18
29
10
19
11
15
23
4
4
16
23
36
10
32
23
34
33
14
39
5
8
8
19
10
28
13
27
10
4
14
2
9
31
10
12
47
2
28
14
56
31
6
9
25
24
8
6
11
62
6
9
19
25
13
9
17
6
5
38
107
20
40
40
14
14
5
8
18
14
22
13
17
10
9
25
9
9
6
9
15
32
9
8
15
13
14
5
54
33
23
27
18
21
23
16
40
16
43
20
16
36
8
8
19
15
9
89
50
17
8
52
25
22
8
18
9
8
50
38
8
93
5
10
10
9
9
41
11
7
43
25
17
57
21
38
25
17
28
24
13
12
15
40
5
10
6
24
9
18
13
3
7
19
12
33
24
28
13
6
15
13
51
2
12
5
9
102
50
2
9
9
10
12
6
12
26
15
12
36
14
22
17
14
8
13
16
18
3
10
12
14
49
7
29
64
12
18
72
23
12
39
5
10
18
5
5
14
26
15
13
4
44
20
15
9
6
21
23
18
17
24
18
16
11
48
29
10
21
3
18
17
4
19
37
17
25
6
12
60
48
32
7
13
37
6
11
11
14
11
20
23
16
22
49
13
28
36
25
66
21
12
44
7
33
14
21
9
16
12
75
50
82
23
14
58
23
7
18
10
10
50
11
20
10
40
14
38
60
17
14
21
35
8
5
31
9
41
11
6
20
12
7
39
3
31
49
8
22
34
19
11
10
22
8
25
11
13
7
52
7
36
17
12
8
15
27
6
6
12
35
76
24
19
19
31
11
18
30
28
10
21
12
2
26
17
27
22
5
29
35
28
18
12
48
4
6
6
13
30
8
2
16
10
13
7
12
3
17
4
5
23
15
17
11
32
2
10
11
10
9
4
8
16
26
15
31
18
21
7
27
42
26
26
18
22
28
4
7
25
4
17
47
9
31
6
10
14
25
21
9
6
5
54
14
16
9
33
22
6
12
19
36
17
15
13
24
21
23
34
5
25
6
46
14
13
13
36
6
77
6
28
23
31
7
35
6
46
27
24
10
10
9
11
5
26
8
31
16
23
7
9
8
18
13
45
6
19
20
4
18
6
18
29
89
11
45
17
42
6
42
28
8
5
7
4
21
6
35
27
6
18
11
24
5
10
31
5
20
15
7
14
4
48
17
35
6
14
33
8
24
10
163
40
86
20
34
24
6
18
39
13
8
8
10
48
5
41
9
65
11
9
24
27
10
7
107
7
55
58
25
16
12
24
41
17
15
8
34
9
19
23
20
29
17
90
5
97
71
21
6
39
7
45
5
11
22
19
37
27
30
39
8
14
25
28
12
17
7
6
41
45
7
65
9
74
30
7
41
18
92
8
7
15
31
15
6
14
5
27
15
38
27
7
14
24
37
5
4
16
39
5
5
29
42
5
28
17
7
13
22
34
49
74
15
13
8
39
44
11
12
7
14
13
34
17
5
15
26
7
20
48
18
18
36
30
48
20
55
3
5
9
112
42
22
5
5
10
12
47
5
5
20
9
52
17
9
8
19
55
25
8
11
8
5
57
3
32
5
17
11
16
17
11
9
24
57
33
30
12
13
27
68
16
7
10
4
12
11
27
10
3
6
4
21
4
40
40
12
14
8
15
9
45
39
7
36
8
62
27
32
7
31
15
6
8
18
6
9
13
8
12
5
45
5
10
23
10
15
15
6
7
21
4
4
6
22
11
23
44
34
20
49
9
29
12
11
11
22
17
12
35
15
9
27
5
73
5
7
9
11
3
13
6
10
12
4
10
8
33
23
41
9
14
34
30
52
13
16
21
27
40
12
11
27
7
3
18
9
20
15
44
106
14
33
18
19
61
104
6
18
10
17
31
31
19
6
30
10
8
40
9
19
9
17
5
21
12
6
6
7
15
6
9
6
17
34
2
14
17
28
4
13
23
22
12
16
31
36
3
28
7
10
35
15
9
11
14
11
5
96
5
18
18
25
10
21
8
16
29
47
34
15
17
52
9
29
13
10
8
117
7
54
15
41
15
9
26
21
16
23
21
25
10
24
60
3
22
21
8
4
33
13
31
4
50
6
28
10
28
39
18
19
47
35
26
7
15
44
29
11
17
10
15
13
6
11
26
6
45
12
9
16
6
18
33
15
21
12
9
27
11
17
15
10
32
7
10
70
7
16
113
10
10
7
7
12
40
32
4
21
10
35
12
17
9
19
24
9
16
14
88
43
29
13
16
15
32
24
22
13
16
14
11
20
96
6
9
8
15
14
23
14
9
16
14
4
58
56
13
13
56
28
41
28
14
26
28
4
10
29
18
16
11
16
12
22
54
36
9
3
11
26
22
19
12
8
13
7
19
14
35
2
69
16
12
13
17
7
30
10
19
32
6
10
5
8
10
21
51
5
14
6
31
14
17
51
47
7
47
30
12
17
35
23
13
11
28
33
12
18
25
9
10
35
15
12
8
14
79
19
38
26
4
29
9
10
11
7
11
13
36
21
21
39
23
8
10
18
21
19
51
44
41
2
17
14
9
24
23
30
20
10
79
10
21
49
8
13
20
18
2
29
58
27
50
25
5
22
6
17
39
47
7
52
6
9
29
13
37
21
30
9
7
34
9
3
23
39
16
29
7
15
20
9
55
46
13
29
13
20
32
12
39
31
23
8
37
55
10
26
7
46
4
53
8
30
20
35
23
14
12
13
17
8
4
40
11
31
54
16
17
17
12
6
9
26
8
31
11
9
9
7
36
2
35
52
6
21
24
6
36
7
16
87
18
50
10
5
9
17
18
21
52
24
59
8
9
27
10
13
23
19
21
59
11
19
21
46
8
4
77
27
17
3
13
80
28
38
32
13
3
19
12
6
12
14
42
7
14
9
7
9
13
6
35
50
43
6
47
4
8
5
16
7
3
29
26
8
6
123
24
18
23
12
27
152
18
35
9
22
11
23
40
46
11
31
19
3
54
20
25
15
35
13
13
8
39
39
12
35
11
32
28
5
4
18
7
35
10
14
12
19
15
15
25
18
9
31
16
15
3
47
6
9
33
38
4
35
7
7
4
5
4
5
12
15
39
7
49
6
31
55
15
30
25
19
11
23
17
18
7
18
9
59
131
13
26
4
7
37
14
41
29
48
16
4
17
32
30
16
12
31
37
10
11
10
19
2
11
19
11
38
4
16
28
31
28
7
28
28
51
32
226
13
6
58
15
29
16
16
38
10
22
10
331
19
36
4
8
6
10
38
62
16
212
8
30
31
36
8
17
27
14
26
101
31
9
10
29
16
9
14
17
8
44
7
51
11
5
5
11
6
17
78
31
22
7
6
38
10
4
12
19
16
3
15
30
11
8
48
33
30
17
20
17
15
7
11
17
9
17
22
26
16
5
22
12
28
14
20
9
30
37
24
21
140
24
8
8
22
18
31
6
85
8
17
5
21
47
12
3
39
7
19
5
7
13
28
7
64
15
23
21
9
57
19
19
5
3
20
7
6
14
17
26
35
14
7
7
5
47
14
9
4
12
34
20
11
30
12
27
9
24
5
5
17
63
6
7
3
23
11
14
25
6
3
29
31
20
9
6
9
10
5
6
22
11
27
30
16
8
23
41
20
46
6
19
54
2
25
11
17
31
10
7
20
18
67
32
9
11
23
31
26
20
68
28
14
45
3
7
5
4
4
60
7
20
36
74
104
18
15
28
6
9
39
14
6
25
3
25
7
20
12
15
28
26
34
6
2
76
41
6
9
10
33
3
30
6
28
3
43
51
11
7
14
6
37
16
81
7
29
2
26
6
44
16
3
12
24
47
32
57
4
8
20
7
7
14
36
23
16
23
79
105
9
11
6
15
19
21
10
8
22
28
48
13
21
4
30
60
10
12
20
20
22
32
52
20
60
7
16
40
17
8
32
6
6
9
6
7
21
18
2
23
22
13
20
7
11
6
13
47
19
25
58
13
50
28
8
7
23
9
43
13
20
92
7
23
5
26
12
48
22
14
19
9
8
17
35
3
23
23
28
234
20
35
56
14
45
52
18
15
24
29
16
2
11
11
31
9
10
73
9
29
11
20
23
8
5
31
10
19
53
38
14
8
3
6
82
9
6
34
17
17
37
38
7
7
14
5
47
27
9
6
17
5
39
6
46
8
27
29
52
12
18
20
3
7
18
6
10
35
43
29
28
12
13
26
8
9
7
22
27
24
5
189
5
10
12
5
52
21
22
8
21
24
6
8
92
67
3
5
155
18
8
5
12
9
11
32
7
24
7
10
8
12
98
20
6
19
4
5
10
24
22
27
2
21
19
4
22
16
36
16
36
3
8
22
12
26
3
23
21
9
14
11
13
43
17
45
16
16
3
27
12
43
41
12
8
21
11
8
28
43
4
24
9
14
10
15
48
12
18
19
2
24
8
15
8
3
16
32
22
22
3
10
13
18
14
22
25
33
18
125
32
21
70
13
22
9
6
10
4
21
44
11
23
6
30
16
30
30
33
39
10
23
35
12
16
7
13
16
10
17
44
23
18
27
48
19
28
40
44
25
22
6
33
35
14
175
8
18
10
59
3
46
7
116
8
13
12
8
56
85
27
18
18
7
10
22
7
3
13