3
2
11
10
20
15
16
19
28
20
11
15
51
5
6
8
14
30
9
24
29
64
24
17
41
21
31
7
7
16
23
10
8
13
46
54
26
11
13
31
74
15
3
27
57
10
25
5
21
23
15
37
8
15
26
12
17
12
6
15
10
12
7
68
25
22
41
6
7
35
13
6
27
5
26
10
11
82
17
13
23
11
14
17
6
39
21
19
6
10
50
12
74
147
34
15
6
7
5
8
3
30
8
20
7
25
15
32
31
53
3
5
2
14
13
14
6
17
51
54
26
7
5
7
22
13
27
6
5
11
85
34
76
26
6
6
9
16
41
12
4
7
39
49
8
40
12
15
4
4
4
13
15
50
31
20
4
39
11
36
13
45
22
4
31
17
36
15
34
11
30
36
6
22
24
17
46
6
10
21
7
18
24
19
6
4
25
19
22
7
54
43
23
11
5
20
47
9
18
9
5
27
16
28
3
3
14
14
9
13
17
16
18
5
8
7
36
58
6
23
5
20
26
32
15
8
18
8
5
23
71
23
15
84
12
6
11
12
6
12
9
7
24
22
4
22
6
14
23
12
17
56
5
5
89
35
19
17
43
11
17
11
32
14
5
5
6
27
14
11
17
6
22
28
4
70
12
24
18
3
16
12
9
32
23
52
17
12
22
68
24
5
66
45
1
5
30
42
38
3
6
35
8
38
23
18
10
11
38
8
12
21
24
5
38
3
36
7
6
8
20
15
6
57
6
49
33
11
17
14
6
21
8
40
20
14
9
17
16
11
44
4
26
8
7
8
5
9
14
27
71
26
5
15
52
7
6
47
24
14
5
7
19
20
8
40
8
22
17
33
4
19
5
10
17
23
45
12
21
4
9
62
13
27