7
35
16
8
23
2
3
15
4
10
13
8
11
5
5
13
4
31
7
4
2
6
11
14
20
2
30
44
12
9
12
90
14
127
9
5
3
2
6
9
39
3
5
4
7
11
32
3
4
8
21
14
28
29
12
12
5
172
2
16
21
36
4
7
4
11
13
4
3
3
12
3
22
8
43
3
5
17
20
9
18
5
16
12
11
15
16
6
4
3
6
9
3
9
17
26
5
4
22
6
14
7
24
12
59
19
22
52
23
33
10
11
12
3
6
4
19
8
36
19
11
2
44
22
8
12
4
19
3
5
8
6
7
21
26
3
2
8
5
5
7
22
6
8
4
5
20
7
2
6
10
5
25
8
1
18
8
7
19
16
7
19
3
11
18
10
6
5
5
6
9
7
9
13
22
7
9
8
20
11
6
4
6
5
13
10
11
36
13
4
63
7
15
13
4
13
28
15
13
8
15
6
6
4
7
15
7
4
9
6
3
10
16
35
18
35
85
14
8
11
4
7
7
4
16
3
5