75
3
18
85
20
5
19
7
17
13
19
14
14
4
29
27
14
17
6
4
10
21
32
8
23
39
18
1
12
14
30
12
9
86
45
24
12
27
26
47
14
24
44
15
15
17
35
4
8
24
11
20
14
33
26
32
13
17
56
4
29
22
19
5
36
44
43
39
16
15
43
11
8
9
15
20
14
34
24
32
62
30
22
20
2
35
11
21
29
15
67
33
78
11
9
16
19
9
33
35
7
31
37
29
71
64
13
45
7
47
45
27
3
14
17
8
7
7
30
4
30
10
15
58
9
12
23
28
19
14
22
26
61
24
9
10
16
14
25
16
5
16
22
44
27
24
25
15
28
43
6
7
26
6
34
5
13
23
77
19
28
13
20
18
13
17
30
6
23
30
17
92
39
13
21
15
13
29
38
20
17
64
11
19
28
24
11
30
8
60
65
6
28
35
36
15
5
6
17
88
7
15
38
13
6
16
5
15
55
9
5
11
20
21
8
48
59
25
11
47
28
9
11
26
28
25
80
27
41
6
38
7
31
2
37
11
41
44
19
24
13
9
21
9
19
4
138
71
18
13
27
29
35
24
6
7
21
22
7
34
38
36
35
17
53
29
10
8
15
7
63
33
9
24
25
6
56
32
43
37
14
6
13
15
26
10
5
8
25
6
22
41
15
5
8
26
20
86
8
10
62
53
31
12
7
18
77
30
9
9
14
16
57
10
33
13
12
60
18
37
48
25
11
19
30
8
3
26
8
7
8
22
9
19
16
10
7
9
75
8
13
5
36
13
36
23
5
33
15
16
20
67
16
25
32
29
10
11
29
43
18
7
8
25
36
33
10
20
7
11
16
30
32
24
13
8
15
13
11
9
6
16
5
6
17
55
8
24
15
37
33
45
18
44
16
12
5
23
14
16
6
59
19
6
9
25
4
6
47
38
17
35
6
22
35
7
9
13
31
17
20
6
17
26
16
9
7
30
6
7
13
22
7
32
37
11
32
30
17
43
32
29
57
5
5
19
18
18
75
16
20
35
116
7
9
37
24
34
47
18
18
20
72
16
34
14
18
4
18
29
7
14
17
38
16
6
4
56
13
21
27
26
20
33
7
15
52
21
15
7
25
28
98
37
3
115
21
6
51
23
29
24
47
52
31
11
34
10
18
17
29
4
45
26
26
50
87
29
18
34
25
15
30
55
33
23
26
26
18
46
13
21
23
9
51
31
38
76
27
53
7
18
14
18
39
8
47
35
28
42
22
23
100
14
34
43
8
12
21
37
53
6
29
50
66
20
17
34
10
10
6
10
9
27
11
36
35
22
21
4
7
18
9
30
27
41
3
23
38
9
16
68
24
29
28
42
62
13
21
7
24
15
19
26
5
11
45
12
27
4
46
34
19
31
11
12
75
22
14
25
51
16
9
10
28
16
31
33
21
22
35
12
19
23
8
40
8
43
27
16
22
40
6
6
5
52
17
14
46
35
4
36
26
34
13
3
24
17
8
18
38
27
12
10
45
4
74
19
27
25
18
32
18
16
13
24
46
7
58
6
17
149
14
76
41
8
11
7
38
28
11
33
80
14
30
12
26
2
46
41
19
42
37
16
16
51
8
57
31
12
49
21
14
6
25
45
26
36
8
28
8
14
39
26
23
44
38
68
5
38
20
10
14
30
43
19
12
37
28
30
4
20
18
45
8
36
21
30
31
15
23
32
16
17
34
50
85
13
14
26
110
13
29
19
22
11
18
15
4
23
9
15
46
4
43
7
14
37
75
15
12
106
13
71
17
26
19
57
45
35
29
36
9
10
19
18
28
12
16
9
12
25
50
20
18
6
16
18
35
24
8
26
20
83
6
34
17
8
13
17
32
13
47
37
80
16
31
6
24
15
27
9
4
28
13
9
13
8
24
26
3
15
17
14
25
20
16
20
21
19
4
41
53
23
6
18
9
23
38
38
37
16
40
38
41
23
26
10
11
26
55
12
13
49
7
8
15
16
48
6
22
13
27
29
18
11
10
38
11
15
15
12
14
28
42
55
20
27
40
30
23
7
16
5
17
54
54
41
17
4
18
10
36
9
15
23
44
43
28
5
19
80
26
10
54
36
10
23
81
42
9
15
49
33
16
46
52
9
13
27
76
18
6
26