37
19
53
50
21
7
26
32
6
11
11
18
13
8
22
7
40
36
30
13
34
26
29
4
11
9
39
16
6
31
20
18
13
32
12
32
18
28
25
21
7
25
11
14
25
3
21
11
11
26
1
7
4
26
38
9
6
5
52
67
34
22
26
13
9
12
28
8
45
4
17
12
22
12
24
35
30
13
45
4
19
30
44
8
43
16
16
29
52
11
4
47
28
22
10
10
59
71
11
22
35
14
59
12
9
27
6
14
8
34
11
32
4
21
13
64
11
91
11
11
27
24
11
13
49
23
28
18
46
5
27
11
15
7
4
17
29
7
42
16
48
22
5
40
8
24
12
3
9
17
2
13
12
13
30
118
14
78
7
22
17
48
21
19
34
31
8
18
14
11
25
8
33
42
25
6
16
28
9
6
13
7
33
28
52
22
23
69
25
18
69
7
6
19
35
33
14
100
17
5
9
5
11
11
40
9
17
35
32
33
23
18
6
18
61
23
71
11
11
7
7
44
27
16
6
13
4
8
81
16
5
12
74
43
31
15
3
31
89
19
18
17
10
37
19
47
33
8
40
20
7
17
9
10
18
4
32
73
24
18
45
14
54
7
46
8
7
13
17
140
15
36
13
12
12
30
25
17
5
16
18
46
18
20
68
11
33
66
14
10
10
31
11
31
24
4
44
52
17
10
20
25
23
8
34
13
13
3
75
8
13
18
12
7
43
88
39
10
106
10
49
7
7
12
10
17
12
35
31
14
48
46
9
20
38
24
45
6
58
47
14
17
11
33
45
28
69
29
5
35
14
47
32
12
63
36
21
30
4
2
20
24
3
18
10
54
32
59
7
2
10
8
10
25
19
53
12
45
12
59
27
20
17
28
25
30
47
64
48
63
31
5
5
2
7
83
29
19
27
33
32
45
54
39
19
14
25
29
37
13
21
11
41
20
6
30
54
12
28
3
19
10
10
34
29
29
14
7
14
18
31
93
12
44
23
26
11
8
40
17
37
2
7
4
17
28
26
28
36
13
33
23
21
10
9
35
18
23
18
41
15
4
16
28
6
11
5
20
7
2
32
49
12
18
27
15
14
6
17
35
2
37
3
6
11
30
26
8
13
57
25
15
14
28
3
7
25
6
4
74
26
10
15
3
11
10
10
5
3
22
44
19
44
2
11
17
4
4
62
17
28
91
78
62
2
45
6
29
53
29
18
7
22
14
13
17
68
30
35
65
15
7
23
31
4
10
44
42
3
28
28
6
20
19
44
40
14
15
7
43
6
12
28
18
32
2
4
22
19
16
8
56
7
21
69
14
51
19
54
19
28
28
12
16
12
6
20
36
20
13
15
22
21
95
2
25
9
23
14
10
45
23
22
20
29
15
43
12
35
44
22
14
17
28
23
19
28
39
34
28
54
21
13
6
30
33
58
31
19
50
19
30
9
66
17
5
7
18
17
10
13
7
10
20
13
20
17
34
3
16
32
42
38
16
8
13
18
32
24
27
6
6
13
10
10
35
13
11
32
63
6
8
4
46
53
33
7
7
48
43
53
10
11
10
8
3
26
8
28
17
113
15
12
50
5
3
18
14
39
14
75
25
11
44
24
59
30
42
25
29
26
21
28
41
37
3
18
27
50
28
28
15
3
31
10
37
23
33
13
16
9
23
11
36
54
26
40
46
23
27
64
54
7
31
21
23
8
16
143
24
35
47
13
57
8
16
40
46
5
11
11
19
12
30
4
31
7
26
31
15
46
22
8
22
102
46
37
4
16
22
44
7
41
7
37
2
21
25
33
37
40
96
4
52
5
9
24
10
14
38
21
63
9
7
16
9
28
4
30
25
23
16
14
21
67
6
39
52
14
22
10
188
19
21
30
3
31
2