58
3
9
13
9
6
31
7
14
9
24
13
10
8
16
13
14
25
91
19
9
13
28
50
6
3
24
11
5
15
36
30
17
4
4
32
6
25
31
42
5
9
37
11
5
6
6
12
12
12
7
321
17
40
2
16
12
11
6
5
25
4
32
11
15
14
14
12
59
12
17
24
16
20
11
35
23
6
4
42
61
35
6
6
80
7
10
19
6
15
11
23
35
17
3
9
9
18
17
17
33
6
35
6
12
9
52
22
10
11
8
16
4
29
11
12
4
10
7
20
19
4
20
6
29
10
7
40
40
6
11
4
6
21
43
9
7
5
16
5
13
11
11
16
4
33
23
15
11
11
6
96
14
10
5
7
15
62
13
11
22
11
7
7
35
33
38
14
13
7
20
10
8
2
14
8
25
13
34
11
15
21
79
11
17
5
24
13
20
4
29
41
12
32
13
7
40
41
7
31
5
5
8
11
25
47
23
7
6
26
21
21
3
20
10
6
15
6
14
7
8
8
4
9
6
13
13
13
31
16
8
21
23
7
19
21
14
7
19
9
20
24
11
6
45
3
23
18
20
36
11
5
38
8
27
26
36
19
22
5
22
17
20
12
13
7
14
19
6
7
7
6
5
8