4
26
20
14
10
28
7
33
15
7
5
13
18
11
23
10
5
7
5
3
18
9
12
6
8
11
13
17
8
5
9
15
18
10
3
9
6
8
4
7
14
6
5
3
17
52
16
50
14
6
3
4
35
4
4
21
25
23
9
14
10
21
2
22
16
12
6
8
6
4
32
18
7
15
2
6
11
27
24
53
7
8
8
11
7
5
4
13
4
11
2
12
4
12
5
10
6
6
17
23
10
10
7
14
4
13
15
16
13
11
16
9
27
14
4
7
5
19
22
10
12
8
14
5
10
7
6
32
25
8
21
7
12
14
11
4
45
15
8
4
21
4
7
19
28
6
22
16
10
6
3
6
10
6
11
7
13
4
17
7
6
6
5
17
22
22
4
7
10
16
21
7
14
4
19
38
7
6
3
18
8
36
7
4
9
10
35
2
4
21
13
25
11
13
17
36
15
5
5
15
3
14
21
10
7
11
5
13
13
6
10
4
7
5
7
15
7
69
6
15
15
8
26
22
13
6
4
2
5
11
20
12
4
37
12
41
25
3
23
38
22
7
4
13
23
3
5
59
9
7
52
9
9
23
12
10
16
8
18
8
26
12
13
2
5
20
34
9
13
11
10
27
4
8
13
24
5
3
6
12
12
19
23
9
22
26
6
3
4
12
10
32
3
8
3
11
10
11
5
15
22
9
3
6
4
7
9
8
8
7
31
51
8
15
27
8
7
10
7
2
10
4
31
9
16
9
15
4
6
18
14
22
17
6
7
6
34
7
9
11
16
6
24
11
5
12
6
12
10
5
21
5
11
6
6
11
14
22
5
15
7
11
29
16
21
22
11
6
4
2
7
28
15
15
6
49
8
8
15
6
18
6
15
10
28
5
7
7
4
17
12
14
5
17
9
31
4
25
21
4
4
31
14
16
79
4
9
4
21
5
4
8
8
7
4
6
6
4
15
14
7
7
11
12
14
16
15
20
4
6
6
21
7
22
64
26
11
3
19
5
9
2
14
4
11
6
9
10
12
6
6
8
13
127
5
3
81
7
13
31
9
6
13
4
10
6
5
4
27
11
10
9
13
5
16
10
11
7
6
18
4
5
4
3
5
32
18
5
5
6
9
6
9
3
25
5
4
10
6
22
9
3
24
7
12
9
3