15
6
5
4
5
5
5
18
23
18
8
5
6
9
6
5
9
3
23
29
11
23
33
12
13
29
37
17
7
14
7
3
33
54
40
5
6
5
7
3
9
10
9
11
21
21
22
17
27
4
10
6
5
11
8
8
16
9
8
23
17
13
11
12
6
8
5
11
14
6
5
20
4
14
36
11
8
11
41
15
30
10
4
4
13
11
5
6
4
26
6
7
11
15
9
5
10
9
16
25
8
8
4
5
20
6
6
5
11
9
9
7
9
17
10
3
11
4
37
14
3
25
17
11
22
8
10
9
10
9
15
5
6
8
9
12
44
6
12
11
3
3
6
4
9
3
22
10
4
19
5
8
10
11
10
6
6
6
37
18
6
29
15
5
6
6
62
20
8
58
4
34
52
10
45
7
6
62
5
6
3
7
3
6
9
8
72
13
4
4
5
13
15
11
6
12
6
40
95
6
7
5
4
6
54
4
17
65
10
17
4
12
24
24
13
6
11
5
5
4
4
8
13
14
39
52
21
17
5
76
12
2
75
3
15
9
13
9
33
8
4
9
9
15
7
8
10
9
15
8
5
7
4
3
8
20
9
14
7
5
14
12
22
8
7
19
4
7
3
5
8
8
25
8
10
4
5
11
15
79
7
9
6
6
4
16
10
9
22
3
5
5
6
60
26
35
13
7
14
13
3
7
11
6
7
19
12
57
5
8
3
6
9
10
8
5
10
12
6
24
181
12
39
7
5
24
7
22
5
44
8
32
6
8
5
14
3
6
20
29
8
9
3
16
11
6
3
6
3
6
7
13
6
6
8
28
65
21
66
7
5
16
23
4
14
45
4
9
21
8
17
36
10
7
6
9
19
3
15
33
5
15
8
38
10
7
12
29
20
15
11
8
10
11
14
9
21
10
7
5
7
6
29
14
9
4
18
6
6
15
5
6
6
15
32
19
5
5
30
4
166
6
32
9
4
3
18
6
8
19
4
32
10
4
6
9
12
32
16
5
10
13
22
9
25
50
4
14
3
20
17
6
32
6
9
6
47
6
20
6
38
28
3
18
5
3
5
11
7
53
24
6
15
17
6
37
9
3
7
28
71
7
8
13
33
20
7
6
9
7
22
10
18
11
7
5
3
12
8
65
10
11
3
16
6
3
8
31
13
4
41
10
8
8
5
4
6
11
6
3
24
6
13
3
39
8
6
11
13
14
8
4
5
12
9
14
5
6
49
5
3
11
13
20
5
5
36
4
7
5
31
4
18
15
9
15
4
9
5
4
12
10
15
11
10
6
13
7
34
9
13
19
12
27
5
4
6
3
18
10
9
27
5
4
4
16
3
9
26
39
8
7
10
6
9
10
5
13
6
7
54
25
6
11
4
4
16
14
4
5
17
14
5
10
8
14
26
6
5
3
36
27
4
18
8
8
6
4
7
28
3
4
16
7
3
15
6
22
10
9
23
20
11
6
113
12
6
10
6
18
9
9
6
66
24
6
8
3
10
4
8
30
4
17
11
3
3
10
38
3
10
12
4
14
11
8
5
4
42
6
3
8
14
13
12
5
3
8
5
28
9
28
7
17
3
9
9
10
7
1
9
4
7
9
4
12
13
5
5
4
10
14
7
16
5
7
4
52
5
7
7
12
7
9
9
63
17
6
3
9
55
8
18
9
4
3
8
9
16
8
12
7
10
9
11
30
8
36
3
3
29
25
5
7
44
4
7
10
25
4
6
5
11
14
8
130
68
7
5
15
19
3
33
8
6
4
9
7
17
4
24
39
10
6
7
16
6
4
18
10
17
4
7
23
7
5
11
6
4
8
6
7
5
8
15
3
5
11
14
5
7
7
14
18
18
17
3
31
6
16
12
14
5
4
2
49
13
9
14
28
10
10
6
7
7
128
6
13
12
8
24
26
15
7
11
5
5
19
4
6
16
5
5
24
3
31
3
52
9
7
18
14
15
37
5
9
29
34
13
15
11
7
3
40
3
9
5
5
7
6
3
4
8
12
5
15
3
19
9
12
14
5
14
4
36
11
41
9
68
12
10
12
17
18
6
11
4
20
11
23
14
7
8
15
69
9
12
5
3
24
6
11
7
4
15
14
15
18
10
5
14
9
4
5
10
5
7
8
10
19
8
9
6
5
3
58
22
3
26
6
3
5
14
7
17
4
49
13
60
29
26
5
5
6
11
8
10
3
8
19
9
3
17
22
5
7
7
40
24
8
17
6
7
7
4
35
28
11
10
13
7
50
9
5
8
22
11
8
7
27
5
7
6
19
39
8
59
26
12
13
8
10
7
9
15
7
5
5
7
10
4
12
12
3
5
12
19
4
16
19
7
15
6
3
10
9
7
15
6
6
4
8
7
3
9
13
6
9
5
14
5
3
13
6
11
6
9
9
7
6
12
10
11
7
6
18
7
8
5
7
15
36
13
3
21
7
7
4
17
3
20
11
8
3
15
5
5
6
8
8
10
7
6
7
10
3
33
52
3
36
8
6
121
10
10
12
5
9
6
25
7
8
30
43
4
28
7
33
44
8
3
40
20
9
12
27
46
31
6
4
11
19
3
45
31
172
6
21
7
10
7
7
7
9
6
9
12
37
6
6
11
39
3
9
3
7
10
7
19
17
14
4
12
13
3
4
14
9
8
6
6
9
14
16
4
8
15
3
7
3
15
8
11
19
33
10
32
5
3
19
5
15
4
30
20
6
14
3
6
24
18
8
8
22
14
12
25
5
5
12
5
16
8
25
8
11
48
9
6
7
15
12
17
5
14
8
5
6
4
37
7
7
8
6
12
6
4
69
8
7
6
8
11
15
5
14
5
65
3
7
28
22
14
8
12
4
6
5
11
4
3
52
9
5
12
6
3
7
5
5
3
13
7
4
7
13
13
7
5
9
5
5
4
8
12
9
9
24
5
18
63
41
6
24
5
7
3
6
13
6
19
15
3
3
4
24
29
3
10
6
15
8
10
3
27
15
17
12
9
56
4
35
5
96
5
4
3
5
7
8
13
6
75
65
5
5
6
7
23
12
5
27
23
23
17
5
13
9
8
51
7
9
5
9
10
5
11
9
5
9
8
25
5
5
5
10
15
27
6
26
3
4
15
9
5
10
8
42
13
14
5
10
12
10
6
19
13
5
61
20
10
16
19
28
11
4
6
13
13
6
4
61
9
14
15
4
3
6
8
5
5
12
46
3
3
9
21
16
9
26
21
65
7
7
15
9
4
17
14
8
7
25
3
9
4
7
20
28
6
5
5
7
5
7
11
19
4
25
6
5
7
3
5
7
7
4
35
4
17
13
8
83
6
21
12
4
15
26
5
7
4
84
15
5
10
2
20
37
8
6
5
5
18
7
5
3
7
20
13
5
14
6
31
21
4
11
8
5
4
39
8
6
15
16
10
9
9
20
41
4
5
6
7
24
11
27
5
9
4
6
4
21
10
6
16
8
9
33
17
25
9
12
11
16
18
8
5
3
9
7
12
15
6
7
12
5
3
19
3
18
11
15
10
5
15
14
5
9
15
6
19
8
34
31
5
13
6
5
5
17
16
37
11
17
7
18
11
3
7
3
3
25
4
24
10
9
7
34
5
41
13
22
12
9
6
3
12
8
6
16
7
7
8
4
8
21
16
7
10
7
28
26
8
9
15
3
10
5
8
37
10
12
26
36
21
3
26
4
7
6
20
2
7
19
10
4
5
7
8
8
7
4
3
7
4
45
44
6
20
2
4
12
14
8
10
8
6
6
4
21
14
18
4
21
8
23
33
7
11
7
32
36
7
7
6
7
4
15
10
16
13
12
15
65
3
11
8
15
10
10
7
45
7
26
6
9
7
6
6
5
6
5
11
5
7
10
8
34
4
19
58
6
6
10
7
7
27
6
5
9
23
37
6
7
9
8
6
6
5
17
10
13
7
12
5
6
5
60
4
11
3
3
8
95
145
12
31
6
44
18
7
6
4
3
14
8
5
64
53
11
9
5
31
7
5
10
32
85
5
5
21
9
11
4
11
3
3
4
9
8
19
24
6
7
4
9
6
25
5
10
12
16
6
22
28
12
21
25
36
3
6
9
7
6
7
3
66
10
11
5
14
6
8
5
4
4
22
54
5
5
8
3
5
6
6
3
6
17
5
4
7
5
7
44
8
12
14
15
8
17
4
9
25
17
7
6
5
7
6
17
14
7
13
13
4
3
5
3
6
18
13
31
3
9
6
14
3
4
6
7
3
4
5
38
11
12
47
5
5
7
4
16
13
41
9
3
7
8
11
5
4
5
13
18
4
29
7
7
44
10
10
4
4
29
18
13
5
23
10
5
26
16
11
21
11
9
28
4
15
13
24
37
27
4
25
24
7
3
3
5
4
8
3
6
4
27
8
15
5
50
11
43
4
9
3
19
8
17
11
4
11
3
3
4
16
30
14
20
30
5
27
15
41
11
52
5
7
16
4
16
9
3
8
5
6
10
8
9
9
11
16
31
4
3
3
11
5
7
32
5
5
8
3
6
14
9
11
14
3
8
48
10
6
11
26
4
26
14
14
4
3
27
26
16
40
5
5
6
7
15
6
7
5
17
26
12
12
12
5
7
27
10
14
8
12
5
15
9
7
23
2
10
13
35
6
8
3
5
7
5
15
26
46
17
19
31
5
3
5
8
17
5
5
19
6
8
5
9
6
7
6
4
3
14
15
6
6
10
9
9
113
25
5
5
4
16
23
8
10
6
3
10
23
7
5
51
54
6
5
4
11
13
7
7
8
35
5
5
12
5
6
11
28
8
6
33
18
9
21
7
5
25
11
3
13
6
6
9
6
30
6
7
12
5
42
192
5
7
2
14
4
3
15
7
15
13
6
22
43
6
13
6
29
7
31
14
3
4
8
7
4
6
5
6
7
10
7
35
4
8
7
5
3
4
5
28
9
8
6
6
8
8
5
4
7
9
24
7
10
37
13
5
5
7
3
12
5
8
4
33
20
16
10
5
7
5
21
6
27
15
10
5
7
8
7
16
55
13
9
6
6
5
6
12
15
7
8
7
7
46
4
22
10
3
8
15
11
6
6
10
4
5
4
44
49
10
4
8
6
7
13
11
18
6
4
9
26
8
17
52
7
20
10
12
44
4
25
8
5
9
16
5
7
20
4
3
12
182
21
9
7
4
3
24
10
14
6
49
20
3
7
7
3
139
4
7
10
5
23
12
10
17
10
23
18
7
9
5
6
10
34
33
9
16
4
3
19
6
13
3
3
4
9
4
23
13
11
12
6
10
43
11
21
5
3
18
22
39
10
7
5
19
3
6
6
15
14
12
13
7
16
5
9
6
31
6
23
6
11
7
10
9
8
7
78
6
5
23
23
12
19
4
8
32
9
8
5
6
6
40
6
3
8
4
8
5
8
7
5
9
4
7
6
29
5
6
3
35
7
7
16
6
4
6
5
11
60
12
24
3
29
36
4
21
32
27
3
8
23
6
5
5
5
6
10
5
9
57
8
21
28
5
6
6
3
19
20
32
9
10
10
38
34
10
5
7
15
7
3
10
54
8
9
6
5
5
7
6
10
15
35
14
6
7
20
7
7
6
70
10
5
54
5
5
8
2
10
8
5
23
6
19
34
11
5
7
3
7
32
6
8
51
13
3
8
7
4
14
27
10
5
50
19
8
8
8
9
13
19
27
20
7
11
8
6
3
6
6
15
55
6
6
20
17
20
36
5
11
9
10
6
5
40
14
22
18
22
3
4
20
67
9
16
6
8
15
15
4
40
7
21
41
9
12
7
3
60
43
43
19
5
3
9
20
16
4
19
3
5
15
37
4
8
4
4
5
5
6
29
19
8
6
5
17
5
4
7
10
5
24
5
23
6
6
22
3
6
4
5
16
10
7
30
5
5
22
24
6
18
11
54
12
20
6
27
14
4
15
17
5
19
33
8
5
7
8
10
14
6
8
6
5
15
9
7
9
9
6
5
3
26
10
6
10
26
7
41
28
28
19
21
4
15
22
7
34
11
17
4
5
10
15
25
5
9
13
6
36
3
9
6
3
8
8
31
4
20
8
9
49
21
35
8
25
6
4
73
20
9
17
6
6
11
5
10
5
6
11
19
7
6
21
26
6
11
9
8
5
25
5
5
9
11
3
5
4
6
5
7
5
4
5
8
6
11
12
14
40
20
13
6
13
13
97
12
5
4
13
36
5
55
9
3
6
6
5
12
5
3
6
19
5
189
9
4
6
17
4
5
7
14
3
4
8
11
13
9
10
8
47
55
22
6
7
5
4
6
22
9
7
25
6
6
4
21
17
7
4
5
6
7
7
9
4
8
3
11
5
52
21
5
46
28
25
14
12
7
6
5
20
4
4
22
9
4
8
14
6
14
10
3
12
19
6
10
11
4
21
10
17
14
11
5
5
24
14
11
64
8
12
22
4
18
3
4
13
20
4
90
3
31
3
48
9
8
3
5
26
5
5
14
5
30
5
24
9
7
5
19
8
22
6
15
3
76
6
17
6
28
21
10
27
6
10
8
8
7
48
11
3
28
10
14
7
54
9
9
3
5
11
5
12
6
5
28
4
5
10
13
5
7
5
35
21
5
7
5
8
15
20
18
5
7
16
6
22
5
28