26
27
16
8
28
8
8
3
9
11
16
12
2
10
30
8
12
10
4
7
20
31
14
25
27
25
67
7
69
12
22
10
25
13
7
5
25
10
6
3
13
15
104
12
98
12
18
40
4
14
23
22
14
21
6
13
18
8
19
6
86
76
34
27
9
14
23
35
15
15
26
8
21
16
21
3
7
12
22
5
7
12
32
10
16
10
18
23
20
13
30
17
8
15
15
28
14
8
5
27
25
10
10
33
5
9
8
18
8
17
8
14
17
20
8
8
3
16
48
22
6
19
43
44
6
22
29
9
43
7
57
11
14
6
15
7
18
36
39
7
26
8
23
10
6
17
8
22
5
16
21
9
6
13
27
27
9
31
9
15
17
8
19
20
12
26
46
8
5
14
42
9
17
5
9
41
2
35
9
4
13
53
13
14
10
8
16
4
7
16
6
6
16
5
16
32
29
11
27
10
12
14
33
6
6
6
4
35
13
4
27
17
11
39
10
22
17
16
13
22
51
5
2
15
17
37
6
29
23
7
10
6
21
19
6
13
25
9
20
14
20
24
12
9
8
7
20
13
10
6
11
3
11
31
28
9
16
31
22
26
12
28
8
21
5
4
48
22
9
21
13
21
53
23
5
6
10
14
14
25
35
14
5
17
7
9
19
7
29
16
12
39
11
34
21
19
18
14
16
20
24
6
16
18
28
3
25
5
13
11
31
13
2
19
3
8
5
9
8
22
11
13
5
17
5
7
5
61
9
10
7
29
45
56
18
11
19
10
9
6
14
7
37
23
3
28
31
15
12
12
32
83
7
39
16
12
9
7
42
3
7
83
15
17
47
8
44
27
35
34
11
9
17
12
5
21
28
26
5
11
22
10
22
5
11
20
4
21
3
11
9
13
33
18
7
7
57
23
7
15
28
7
10
8
15
51
20
14
12
8
9
7
8
34
8
14
13
48
42
2
16
22
10
11
25
47
12
17
34
17
7
15
9
6
4
46
3
5
24
15
6
7
18
58
37
8
25
5
45
37
8
16
27
25
27
14
22
8
10
8
12
7
17
12
15
4
5
8
14
27
20
23
8
25
12
58
7
12
13
14
21
15
21
45
3
25
10
45
13
20
32
11
4
11
19
30
39
5
13
13
16
4
12
6
36
10
11
6
8
22
10
7
7
58
7
27
15
18
18
11
10
4
28
113
39
32
6
16
6
10
38
7
25
42
6
24
10
9
52
15
28
19
11
6
23
12
13
23
8
21
19
6
4
7
55
46
9
6
24
13
5
5
5
8
5
29
10
3
5
13
22
15
10
3
23
8
13
9
4
42
31
8
18
21
12
16
21
13
17
23
24
25
15
9
28
10
19
9
10
7
11
38
5
2
37
16
84
8
20
10
5
7
8
14
23
21
24
9
9
42
15
30
36
5
21
7
39
12
33
6
32
13
8
16
6
7
18
17
21
16
5
4
7
40
7
3
4
20
13
6
10
22
31
12
9
22
5
9
5
10
16
10
21
18
8
17
29
2
19
5
7
100
9
7
7
3
18
5
5
23
5
17
11
21
14
19
58
10
13
27
42
17
9
10
13
13
29
37
25
13
5
13
9
13
22
19
4
30
6
4
7
21
7
30
7
12
5
8
16
11
9
42
8
32
6
16
7
32
7
23
20
4
11
6
12
43
12
12
8
3
21
57
22
6
30
27
36
10
14
36
9
7
14
86
33
18
15
15
7
13
9
25
35
3
6
6
11
34
5
10
16
7
11
15
21
9
18
10
9
16
15
12
51
29
4
9
8
22
31
4
15
11
8
9
12
5
16
14
9
145
7
37
19
10
11
120
13
8
5
40
4
54
12
42
8
1
30
19
15
5
11
7
21
11
6
2
7
27
15
9
19
11
53
26
57
16
24
20
22
8
16
24
12
52
29
12
13
22
15
13
17
16
25
8
9
55
5
3
9
4
10
7
6
14
13
6
8
11
10
7
9
63
7
12
21
11
11
16
6
63
26
12
7
21
2
5
21
38
4
5
3
17
13
16
12
13
15
11
6
17
18
4
15
28
9
7
28
18
8
5
5
37
8
6
12
30
42
7
9
15
14
11
10
7
23
27
21
11
4
10
14
171
7
6
18
20
8
27
24
7
32
47
4
13
8
4
11
8
17
34
5
8
23
22
4
16
23
13
8
18
6
10
5
44
15
19
10
36
66
7
8
19
14
56
42
51
22
21
8
6
22
20
24
20
19
16
37
32
8
43
16
10
6
5
15
8
8
24
33
3
12
6
11
4
14
16
28
7
20
54
62
12
16
9
13
18
11
24
38
21
13
7
13
25
12
40
10
34
17
6
23
17
5
15
31
23
21
27
25
8
4
10
4
19
45
25
9
3
44
31
13
19
9
11
47
40
26
34
9
14
13
18
12
16
6
10
10
7
7
19
4
5
25
5
10
10
6
21
19
4
22
7
31
22
54
22
30
7
9
22
18
26
7
47
9
9
8
5
10
38
39
15
27
76
16
19
29
10
37
10
19
16
5
96
9
23
41
6
6
8
16
15
5
12
7