46
32
41
5
5
18
15
14
15
7
11
9
35
24
5
11
11
6
46
22
23
15
21
11
8
8
22
46
21
19
100
15
25
39
26
20
7
2
40
11
10
7
65
16
42
66
60
37
17
16
51
8
2
9
62
12
17
2
29
14
43
26
7
12
10
21
56
71
15
21
5
25
7
42
19
16
7
39
121
2
30
15
7
36
8
19
34
13
38
11
13
11
33
10
36
11
12
30
10
8
11
4
10
9
14
5
12
68
9
8
38
17
34
27
21
27
13
9
27
9
8
83
13
11
56
25
16
6
3
15
56
11
76
13
12
13
5
6
5
18
6
5
4
24
57
6
34
51
22
26
11
37
31
57
12
71
25
11
6
7
23
7
54
11
8
33
8
19
19
26
4
10
36
24
6
9
23
34
16
5
9
6
13
35
30
9
7
28
10
4
140
9
9
6
16
31
6
4
24
23
63
3
17
40
3
8
20
11
8
50
29
4
6
11
46
20
4
6
13
57
5
13
41
7
17
36
13
12
20
19
23
28
7
9
29
14
10
19
123
21
6
36
18
36
8
13
14
14
26
16
103
43
16
19
86
12
5
47
29
5
21
32
5
11
31
9
10
18
19
9
52
4
39
2
27
25
6
15
21
55
12
2
29
23
8
30
5
16
15
8
21
19
6
41
11
9
8
17
29
7
5
17
7
38
11
11
16
6
10
6
6
17
20
31
37
5
71
13
13
12
18
8
35
6
9
33
24
13
37
13
15
16
30
13
7
21
27
6
7
33
21
9
55
17
9
41
16
21
25
16
5
14
29
23
6
35
64
8
12
17
11
34
21
43
28
12
48
99
7
46
37
37
47
42
29
25
20
38
13
7
22
22
30
29
10
7
10
6
10
19
24
22
21
4
27
6
42
12
15
32
5
23
5
30
64
8
7
29
3
3
97
8
21
33
5
38
42
11
15
27
8
7
76
10
63
13
29
36
39
37
23
18
4
7
37
5
22
7
8
6
5
18
54
16
1
6
9
28
5
18
13
6
15
11
45
6
33
20
41
13
40
8
6
96
18
8
6
2
4
9
10
21
83