23
10
16
25
26
12
18
7
22
4
12
29
8
4
9
10
6
26
46
14
14
22
8
5
14
32
40
22
24
14
88
18
22
31
9
22
36
12
37
4
11
32
23
9
4
4
13
15
15
7
6
7
18
30
25
29
16
23
36
6
24
40
18
34
15
14
9
2
15
15
32
31
13
54
56
24
8
11
32
33
44
77
8
18
15
26
32
2
24
6
60
4
15
18
48
16
10
10
27
13
20
19
8
15
18
46
18
63
24
38
12
5
47
40
10
4
60
9
18
23
71
8
50
31
11
16
25
44
14
9
20
19
4
31
5
19
12
13
147
11
14
8
3
40
8
11
17
6
32
22
25
6
21
19
71
14
7
47
26
28
120
9
23
31
74
57
80
31
3
14
6
47
7
5
32
13
27
26
13
33
20
17
5
15
3
7
9
43
16
9
14
14
16
24
17
16
26
15
14
16
21
6
25
34
27
14
51
11
51
17
57
33
15
26
11
43
49
25
108
4
30
12
14
13
16
14
35
34
7
25
14
24
76
83
41
12
25
8
13
47
13
31
8
2
25
12
19
13
6
11
19
20
36
30
10
23
40
4
10
96
19
29
21
10
30
6
25
9
10
13
8
23
7
24
19
9
25
15
32
17
21
7
7
14
5
4
94
4
3
2
4
18
10
11
33
11
31
28
5
27
11
10
23
15
10
13
24
14
15
10
3
16
20
33
52
17
20
16
13
11
8
35
60
50
33
72
16
90
95
24
14
12
27
21
6
15
21
15
12
11
23
16
16
14
17
20
25
41
8
7
10
7
5
56
44
26
11
14
47
11
6
10
24
32
18
60
11
18
9
32
9
40
6
5
8
23
7
7
8
8
13
15
42
42
33
14
43
23
5
68
8
12
16
13
22
30
11
5
18
64
28
19
15
31
3
30
5
76
22
26
21
6
5
4
18
22
8
20
44
50
28
131
45
8
47
22
13
42
20
13
89
10
60
46
15
11
14
13
22
49
63
8
19
22
29
30
12
5
4
15
24
23
10
62
9
16
14
5
12
8
16
20
12
15
16
11
30
26
28
30
24
38
9
13
7
11
14
32
11
9
17
98
10
23
13
26
4
17
12
58
12
15
5
22
19
43
42
27
70
6
15
3
47
12
11
28
8
24
15
39
57
5
17
6
5
60
8
8
10
12
23
10
12
25
14
95
66
79
21
3
21
10
29
13
10
12
41
7
6
41
35
13
38
35
32
28
12
11
29
4
3
26
43
11
25
61
12
6
13
19
55
7
7
5
8
6
3
7
13
25
5
37
16
6
12
15
42
8
16
54
10
3
56
11
7
32
5
21
4
7
12
18
16
17
33
7
15
13
7
31
37
9
85
11
30
37
10
45
14
11
3
5
6
18
11
7
28
20
18
18
13
31
23
7
46
12
52
13
5
14
42
40
29
44
12
41
15
39
13
7
37
10
5
10
55
11
7
6
18
7
79
18
33
14
56
42
27
20
45
15
39
20
13
16
9
12
25
119
59
10
86
6
8
66
18
84
24
14
45
2
9
15
8
6
26
18
22
52
27
13
94
92
17
6
39
42
46
4
6
13
25
40
21
19
13
49
19
8
8
37
4
24
32
23
7
8
19
21
7
10
11
14
19
56
56
25
10
26
11
28
13
11
29
8
29
8
8
9
4
88
9
19
17
7
8
22
5
9
7
9
37
30
26
19
43
11
4
28
14
6
18
5
5
58
17
3
7
40
5
36
40
11
12
8
3
13
8
15
13
9
27
19
35
28
27
28
7
27
20
18
6
59
27
14
28
17
14
21
17
5
7
13
86
30
41
15
7
6
21
19
10
19
71
22
18
20
3
8
14
11
23
10
20
7
41
27
17
12
22
8
32
7
17
5
55
34
29
65
12
23
10
4
83
4
52
9
11
37
7
35
8
4
39
18
6
18
14
56
19
39
30
22
21
24
11
27
60
45
20
10
14
8
10
29
40
33
29
5
19
28
55
38
13
23
7
41
11
3
36
20
6
13
54
4
17
31
155
33
24
5
14
23
8
31
7
14
11
34
23
29
24
14
27
35
70
14
61
6
23
13
7
19
6
7
23
24
68
6
8
7
25
10
13
9
24
15
2
7
7
7
48
16
21
22
76
15
38
10
5
7
27
8
12
6
6
34
9
29
40
24
4
9
69
17
21
27
73
33
19
12
23
18
22
20
7
21
12
7
34
14
18
17
13
8
9
24
7
2
7
30
16
5
26
23
4
21
6
20
56
33
24
61
22
12
92
19
6
17
143
6
18
12
46
9
20
9
11
8
45
14
51
13
23
14
10
19
25
18
4
8
16
10
38
6
28
14
17
19
22
9
4
16
18
40
9
8
8
29
25
33
13
54
5
6
16
7
43
40
10
12
3
28
21
64
23
16
11
28
20
9
13
17
14
18
13
6
18
5
6
34
4
18
10
10
11
11
75
8
14
17
9
23
4
33
18
17
12
76
21
5
16
8
19
13
17
5
51
79
12
8
38
5
8
10
21
57
30
73
14
6
21
11
40
12
40
10
12
50
5
99
16
21
10
27
33
14
13
24
7
5
11
63
23
19
51
29
36
31
13
16
26
17
21
15
24
10
44
34
13
31
11
31
6
24
7
7
18
10
42
18
37
7
9
10
41
76
23
15
12
5
3
4
18
26
37
37
16
5
9
36
18
13
22
9
26
10
29
12
8
9
21
48
4
5
57
20
5
42
70
16
54
7
13
5
24
11
15
77
63
54
8
52
12
23
13
24
43
28
11
13
7
26
11
11
8
129
19
12
14
3
15
8
26
6
4
17
30
40
36
20
11
16
5
36
21
26
12
20
14
9
6
91
21
28
5
60
9
8
15
18
3
12
6
20
14
14
53
15
11
13
5
9
60
3
40
10
17
11
42
27
19
40
17
17
4
36
27
9
21
45
29
11
10
42
46
15
5
71
49
34
15
7
4
57
18
5
23
10
7
13
14
63
8
46
83
7
6
14
11
16
15
31
5
36
9
33
39
17
8
36
13
27
3
25
13
11
18
35
6
41
12
7
9
16
5
36
20
21
11
19
13
10
20
4
12
47
7
19
31
9
14
17
131
5
25
6
54
13
13
20
105
25
12
45
10
36
31
13
41
33
7
11
26
15
26
8
32
8
1
16
32
29
8
11
9
49
10
15
33
60
6
11
13
6
28
7
17
9
5
32
23
8
18
55
33
19
7
17
55
6
49
17
15
6
8
33
5
46
10
74
16
9
21
10
13
32
8
24
17
3
6
6
33
16
64
24
24
12
21
9
11
34
13
110
10
26
24
11
78
71
5
26
46
9
12
9
31
11
29
64
42
54
13
4
3
116
123
16
50
39
10
22
20
10
7
4
18
18
33
13
19
5
14
65
12
21
36
6
34
12
38
7
40
18
26
5
9
19
55
55
80
5
15
30
18
37
49
7
22
12
3
53
24
14
9
30
27
15
18
33
6
18
23
57
42
24
41
7
16
12
18
72
15
6
7
19
5
23
30
13
11
11
9
58
15
20
11
11
14
36
9
4
3
7
17
36
18
11
60
45
7
21
60
17
10
38
12
28
32
8
73
39
7
32
10
12
22
16
4
17
43
10
29
10
49
20
8
22
31
5
23
12
12
13
3
16
47
54
10
20
12
44
34
10
12
13
13
9
11
22
6
8
9
6
80
42
5
27
24
28
39
19
26
10
47
48
23
11
27
8
24
21
30
20
13
29
22
15
43
2
10
48
47
24
20
6
7
43
36
12
16
80
38
74
7
20
8
7
11
20
32
36
38
4
20
17
10
14
42
23
25
34
47
10
48
19
17
21
31
10
9
7
17
26
66
20
16
41
13
4
12
13
81
10
24
63
9
18
117
4
83
8
18
20
5
14
11
26
22
3
5
39
19
44
27
16
30
5
7
4
27
59
6
11
13
24
17
18
15
3
6
20
7
21
101
11
99
9
11
14
10
10
11
23
8
28
8
11
66
29
16
35
11
9
11
22
6
11
17
5
27
34
17
43
4
12
42
270
17
3
17
13
7
12
23
13
12
23
7
9
62
24
23
16
13
17
14
14
34
24
127
48
14
8
13
4
37
42
60
9
4
12
8
21
163
11
28
13
21
11
24
3
5
3
18
10
5
8
66
18
26
23
49
64
26
23
5
10
7
9
8
15
25
27
21
11
3
2
22
22
9
20
21
5
10
43
4
36
54
22
9
3
13
47
11
8
11
5
11
31
5
10
3
27
5
9
6
32
51
12
37
8
16
32
25
36
12
9
20
19
6
17
27
4
39
18
105
17
20
34
28
22
19
101
17
44
18
119
11
13
4
10
12
5
42
8
18
6
25
15
68
8
20
19
17
14
18
18
20
59
17
23
15
9
42
6
7
27
50
11
19
8
4
8
32
15
23
70
16
38
3
5
48
22
16
24
11
14
10
49
17
11
13
22
64
39
28
10
89
11
26
53
12
32
27
10
20
7
29
53
7
25
14
21
11
13
12
21
85
24
29
5
24
8
8
14
22
26
31
38
7
19
11
28
6
22
7
10
3
9
17
47
3
5
4
12
28
45
40
16
28
5
55
25
13
17
11
7
15
16
23
3
54
5
22
23
9
20
8
3
12
32
62
16
8
27
35
51
19
8
6
12
37
12
24
15
16
10
17
9
13
12
27
36
4
11
4
79
66
6
15
7
7
32
25
17
15
10
68
9
15
12
26
18
65
9
8
7
7
13
14
13
13
64
17
50
43
27
3
17
4
40
27
14
32
15
30
5
28
46
34
20
34
57
12
33
17
25
58
7
23
21
25
14
6
8
19
29
12
14
27
7
14
18
12
41
27
5
15
23
27
2
15
54
28
26
13
21
4
93
5
60
10
18
45
22
167
33
19
13
32
21
10
29
36
22
7
8
12
9
10
47
18
67
25
12
6
20
45
26
28
75
27
21
22
40
15
26
10
14
12
10
14
2
9
12
13
77
25
6
69
39
29
22
18
20
33
23
14
23
21
36
20
47
6
20
6
32
5
8
37
12
11
48
38
5
34
14
14
16
16
5
73
72
17
24
22
8
12
118
21
10
22
17
38
7
14
13
25
6
8
16
8
4
13
14
7
13
38
10
9
11
8
29
6
10
25
2
4
58
51
11
6
49
26
2
19
10
26
8
4
20
8
23
38
11
5
5
53
20
22
15
12
68
33
50
20
6
30
30
65
17
21
12
20
25
85
82
12
28
20
19
25
11
12
15
20
16
32
29
19
5
10
16
6
28
11
14
49
33
13
17
9
9
63
17
14
6
69
6
33
73
28
5
22
11
7
5
31
9
33
10
52
30
22
14
11
7
8
5
20
46
18
5
42
10
13
30
18
88
3
7
10
15
13
20
21
50
11
17
19
19
6
22
19
21
32
4
10
45
17
4
6
6
7
5
6
18
17
19
11
25
8
17
36
6
23
30
14
36
13
14
17
16
28
18
25
25
46
11
15
116
13
7
30
21
39
25
22
53
54
18
5
18
12