21
18
24
43
6
58
18
42
20
4
7
54
37
13
13
15
25
7
18
21
12
21
57
5
43
10
31
5
16
12
17
19
11
3
102
39
5
71
14
17
39
17
14
10
7
29
21
30
5
15
6
21
23
26
14
14
9
25
36
25
65
12
6
9
29
6
12
22
20
7
16
40
7
7
4
13
15
12
13
10
67
25
42
43
12
20
10
10
25
6
30
57
3
21
8
20
10
11
10
5
9
54
44
34
10
32
16
46
19
3
15
18
8
40
19
10
46
17
4
21
17
4
20
74
9
45
9
15
27
14
15
18
21
7
2
33
11
30
4
16
5
23
9
8
10
31
7
49
27
20
20
14
15
15
15
24
11
10
55
16
15
19
9
6
9
4
6
23
49
11
7
51
5
59
17
14
7
6
16
7
6
27
6
38
25
19
3
15
39
6
30
7
12
52
8
15
23
14
7
17
11
5
6
7
35
15
15
37
7
4
7
13
104
17
31
16
8
45
44
6
21
6
23
27
54
10
5
6
6
5
16
20
7
28
12
7
5
12
10
9
29
17
30
7
9
11
30
26
37
19
25
19
23
19
18
29
18
16
89
17
32
25
49
6
19
12
34
20
22
28
151
16
16
27
83
50
29
23
26
8
11
10
8
10
13
8
18
7
7
52
3
8
28
6
29
18
7
17
6
12
16
9
15
5
36
11
8
10
18
14
12
39
48
15
27
20
11
17
12
9
16
30
33
10
74
17
15
61
53
12
36
5
28
11
2
12
6
6
43
6
16
16
19
10
11
28
20
19
14
11
5
22
9
10
22
58
31
4
4
7
24
8
35
15
43
3
14
5
51
11
10
38
19
4
8
16
41
23
10
30
11
9
66
5
7
24
27
11
21
41
24
65
31
6
7
36
52
66
23
27
46
14
17
16
18
53
44
9
15
9
20
14
9
12
3
14
24
6
13
40
21
15
27
39
22
20
17
4
11
18
4
18
4
23
10
17
10
35
5
10
24
15
4
22
18
12
27
12
10
56
31
19
6
40
11
21
78
16
22
5
30
14
57
12
13
5
6
17
5
25
53
12
32
29
8
159
14
10
6
22
11
8
19
6
32
12
41
28
13
2
6
12
7
13
11
26
31
8
3
7
12
31
20
16
25
19
5
32
27
65
20
7
15
85
11
3
26
35
44
3
77
3
1
11
14
13
7
5
13
14
36
8
21
6
28
18
37
7
4
9
4
13
15
22
35
12
35
17
42
13
32
59
62
7
9
39
8
36
24
29
50
15
34
5
14
3
25
27
19
16
6
7
4
104
3
12
13
50
5
24
38
9
6
65
41
11
16
13
4
7
29
37
13
14
24
13
11
15
9
13
7
28
26
26
6
17
13
6
23
17
41
35
11
7
12
21
13
11
5
87
10
47
22
7
8
33
46
37
17
3
4
33
20
73
17
42
21
9
18
45
28
39
16
17
24
12
8
5
8
10
30
21
104
52
18
10
10
20
13
11
32
5
13
10
10
16
9
10
3
7
53
20
56
6
17
29
14
20
8
23
16
6
13
11
8
5
16
56
23
35
44
9
20
28
11
47
12
12
3
12
3
22
47
28
18
11
16
32
10
22
9
15
18
35
15
9
11
20
13
24
41
5
7
28
12
8
45
23
11
9
10
4
17
10
16
39
45
15
7
30
10
5
10
19
12
20
6
20
11
53
8
3
4
9
16
17
23
52
26
12
38
58
15
26
26
8
6
9
26
7
28
12
19
12
19
6
18
27
3
7
5
18
29
28
13
22
23
11
47
19
25
9
26
4
28
36
10
38
27
13
11
44
5
8
65
2
15
5
3
6
37
11
5
90
16
22
38
47
4
39
19
15
10
5
10
13
27
205
112
6
6
12
25
4
18
28
10
35
4
20
90
11
28
38
21
9
25
14
25
12
22
43
12
16
6
52
8
21
36
65
12
21
14
10
73
10
7
6
67
7
46
9
321
32
14
63
7
28
17
28
22
23
9
29
72
12
17
26
19
12
14
9
40
18
24
6
20
7
12
26
7
22
21
5
22
5
20
25
6
7
26
3
28
27
8
4
3
18
24
6
14
18
12
13
17
26
32
13
13
9
12
39
70
55
12
20
8
18
8
2
4
3
6
9
3
37
5
25
25
63
24
3
4
11
25
13
19
7
12
15
32
5
10
3
29
16
38
18
7
19
26
22
6
37
5
19
14
7
33
3
32
6
20
17
28
21
7
16
38
26
8
9
35
8
13
5
11
25
4
19
59
32
8
16
13
13
22
11
14
5
81
10
17
23
16
10
23
13
5
6
16
9
3
42
32
36
4
52
22
87
9
35
32
12
9
17
4
16
15
6
37
5
12
10
7
43
18
3
5
7
23
18
13
40
13
16
10
5
9
8
4
13
2
11
16
18
35
5
13
34
34
19
41
15
7
71
8
17
16
10
5
8
12
37
16
13
39
69
7
35
14
6
3
19
29
54
10
25
24
8
22
45
35
20
23
6
16
6
2
7
19
9
61
6
28
9
51
23
36
10
21
6
6
18
36
11
22
55
14
16
14
25
23
34
5
11
25
41
19
5
4
29
19
166
19
6
2
28
13
17
23
6
8
10
8
11
26
7
19
7
4
36
19
13
14
3
18
17
16
6
11
14
5
8
5
37
28
18
6
35
28
5
33
7
45
7
12
7
19
8
38
27
15
69
30
21
19
2
11
7
26
21
39
67
8
24
13
9
3
13
12
34
5
15
32
14
29
17
14
21
24
7
59
4
5
18
9
31
42
12
8
27
6
9
83
6
14
26
19
39
11
20
13
5
19
10
6
27
4
17
11
22
24
23
14
9
24
125
9
17
47
8
35
47
47
20
13
16
21
9
31
8
26
155
5
20
22
14
8
2
22
10
68
11
5
34
11
19
67
8
43
38
14
8
11
10
13
10
8
33
12
46
11
7
10
23
11
25
25
21
9
38
5
33
21
13
24
15
28
28
8
36
5
16
6
13
5
38
15
10
28
41
7
4
50
18
45
3
12
49
10
13
12
156
28
15
36
17
5
8
63
20
8
30
36
36
19
7
12
14
28
7
4
54
154
16
20
19
27
49
78
34
20
34
66
11
36
14
28
79
43
12
10
12
22
41
16
9
4
18
13
55
18
14
7
22
5
41
8
9
16
7
12
43
11
4
8
13
6
16
8
18
24
12
10
20
12
19
27
6
16
16
5
30
35
32
31
14
18
3
36
10
33
27
11
65
34
47
21
10
12
28
12
69
16
9
18
4
8
22
17
13
26
42
23
9
4
11
5
8
15
16
34
6
4
44
8
27
21
14
10
48
7
21
55
10
14
19
7
36
8
62
11
15
33
18
13
27
12
6
49
8
21
42
49
15
7
6
3
9
12
13
9
34
5
17
23
24
58
18
3
64
22
10
8
8
15
12
19
10
12
20
38
21
10
17
9
4
2
4
20
6
15
9
52
25
29
7
163
67
11
5
23
16
12
14
16
6
55
30
9
8
5
10
34
18
50
8
15
18
39
9
12
8
25
10
18
13
17
8
93
119
26
6
5
7
18
36
12
21
6
21
126
21
43
19
39
8
19
78
24
43
6
54
12
13
5
18
5
13
15
35
12
17
9
7
121
14
20
13
12
71
16
9
10
8
9
44
8
11
13
15
25
29
28
15
4
30
20
65
39
16
13
6
17
5
6
13
3
6
6
8
21
12
31
29
7
7
7
8
44
10
103
9
23
12
48
10
17
16
11
4
7
23
14
6
12
25
14
19
41
9
5
12
12
55
14
7
10
3
5
9
8
11
2
50
8
15
24
13
13
67
4
13
14
27
20
58
26
27
25
12
8
8
5
9
95
21
8
11
36
16
48
12
8
21
15
20
17
14
44
5
20
19
22
41
60
13
27
3
11
29
7
12
10
17
3
8
21
7
7
5
5
6
6
11
18
30
16
24
10
21
35
4
22
20
8
7
51
3
13
4
5
15
11
13
11
14
15
13
7
7
6
3
11
12
13
10
4
26
38
45
7
7
30
30
6
34
4
11
12
13
6
9
8
9
4
8
14
47
29
50
9
64
9
56
12
106
13
69
11
22
61
15
21
12
24
28
9
5
5
17
3
4
34
14
31
22
8
17
29
56
40
16
11
10
11
30
6
20
40
18
11
64
6
7
26
60
31
13
102
6
31
25
6
10
33
10
17
33
44
30
19
9
3
11
29
3
6
5
14
29
8
3
4
13
31
78
30
8
7
8
8
23
13
32
51
8
4
14
8
36
11
23
37
25
9
5
4
9
7
40
10
24
2
5
26
12
4
34
4
8
8
14
23
69
16
26
17
6
11
5
5
13
35
21
10
22
27
35
39
14
9
27
6
26
31
19
41
9
10
13
10
7
15
13
45
43
39
16
5
15
24
20
30
34
44
17
30
8
16
20
15
12
10
11
11
16
6
35
6
23
4
6
19
21
18
42
13
8
9
4
8
6
23
33
38
8
44
3
19
28
72
12
4
12
8
16
22
35
5
4
18
29
7
17
3
21
16
6
39
30
11
13
6
9
20
7
17
12
53
14
17
16
38
16
13
50
14
21
69
14
9
69
12
10
6
21
7
17
43
8
21
6
22
4
12
18
11
16
56
14
71
9
65
31
16
11
27
4
6
5
7
16
5
18
2
37
17
4
12
5
11
31
84
9
13
19
5
15
7
11
20
16
33
18
13
18
7
20
14
10
7
15
12
16
14
19
9
22
7
6
14
14
8
29
17
21
19
13
20
19
19
12
5
7
50
14
7
3
6
19
44
7
11
19
35
31
23
15
49
13
11
12
32
5
8
79
9
10
12
21
10
5
6
21
6
13
4
2
13
45
15
58
50
29
12
2
15
23
16
25
11
3
18
30
12
7
93
8
41
11
97
6
17
10
28
120
15
34
45
3
11
8
3
14
6
21
55
9
15
10
7
26
20
11
11
39
7
17
13
8
20
6
16
5
37
9
5
9
19
9
10
14
10
27
8
8
7
14
48
4
15
10
5
14
8
4
20
11
8
7
45
8
13
16
29
5
31
33
24
24
14
11
22
11
21
16
25
18
20
6
29
3
23
43
16
20
270
5
46
22
6
18
25
33
17
11
5
16
56
21
5
16
15
18
30
21
25
14
4
31
41
22
26
21
26
8
5
17
12
7
4
22
4
26
21
6
9
7
95
7
16
28
20
7
13
13
4
11
19
49
113
22
5
23
48
37
10
10
9
10
32
29
24
11
12
11
15
59
38
17
13
14
38
32
29
9
28
12
3
19
18
29
13
26
11
13
40
24
16
51
16
16
8
15
19
7
18
15
3
28
8
23
6
9
19
10
13
36
13
87
10
96
20
21
9
22
62
40
9
24
35
25
24
22
57
13
11
10
11
43
17
12
21
36
16
5
21
19
35
27
4
22
20
24
111
31
65
11
8
28
86
3
53
6
5
18
47
25
5
38
15
12
20
9
94
8
20
7
8
4
11
10
33
22
10
6
13
79
9
80
26
16
12
35
8
22
22
11
9
11
24
20
7
19
7
18
24
23
13
13
23
42
16
9
51
21
41
20
14
21
6
34
8
4
28
25
22
13
20
13
2
3
16
25
6
14
5
17
12
3
33
69
43
4
8
26
13
13
12
14
30
28
10
19
54
10
7
10
3
15
96
10
40
52
4
6
15
28
143
10
14
29
7
47
51
8
48
4
19
15
6
43
6
6
25
32
14
10
6
7
157
23
27
28
52
45
6
24
4
15
15
11
15
28
12
18
10
7
38
5
10
8
5
11
36
132
10
9
12
19
17
5
12
70
17
9
13
54
21
47
69
34
43
21
7
10
6
7
22
38
8
7
9
4
31
3
29
135
40
27
7
9
24
33
6
16
23
7
10
38
20
10
29
14
23
17
34
13
6
52
40
13
6
22
30
5
80
25
55
4
5
14
29
5
35
10
8
16
33
18
129
34
43
19
27
16
5
26
11
43
17
6
7
14
24
36
7
6
18
15
28
10
16
13
36
8
46
46
18
43
11
15
45
10
29
41
11
9
30
12
5
23
15
22
5
14
10
11
35
11
14
12
4
36
14
19
10
13
2
21
27
30
28
22
25
10
8
22
10
35
20
7
21
29
8
6
24
2
20
5
36
17
12
11
8
14
11
24
20
11
65
35
32
8
21
7
8
9
17
5
20
46
4
16
7
5
48
13
10
44
3
19
7
6
33
25
6
29
3
58
23
70
7
3
18
42
41
7
17
15
36
24
20
24
14
15
13
28
11
5
13
19
32
31
15
31
22
33
70
3
7
5
6
40
18
6
29
11
19
29
17
5
8
52
10
20
51
20
9
10
4
7
14
24
9
11
47
9
30
29
4
28
16
4
10
8
47
11
18
15
6
2
13
7
16
26
26
31
7
12
26
30
22
97
4
3
16
17
7
20
21
22
35
6
15
7
4
6
11
30
6
53
9
8
5
13
3
7
20
18
16
20
11
17
41
15
25
10
14
6
11
2
15
105
5
15
4
65
11
24
9
10
39
3
14
7
10
23
50
15
17
24
37
31
139
8
18
7
9
6
19
9
16
48
2
93
3
27
29
41
94
9
42
17
12
18
9
15
17
12
25
34
7
5
29
12
12
9
32
37
13
26
14
13
39
10
7
90
9
16
112
9
24
16
12
29
23
13
14
19
23
4
25
4
24
23
19
6
5
11
14
7
8
6
32
29
19
7
17
23
22
32
88
8
19
14
44
11
5
90
21
29
14
35
9
15
29
8
23
4
26
9
10
7
5
15
19
34
15
15
23
52
17
85
3
10
32
18
5
47
25
16
3
3
22
9
3
25
14
5
26
20
9
23
8
10
8
47
16
5
12
15
12
4
5
9
9
32
24