19
13
27
47
6
31
8
16
21
20
21
10
5
12
10
7
8
13
4
5
1
16
13
22
9
8
20
12
21
11
4
10
4
10
7
7
5
38
7
19
61
44
8
8
7
4
15
15
8
30
13
7
13
23
29
17
114
9
20
18
20
14
6
19
11
48
15
9
12
13
8
5
14
6
16
4
10
12
17
8
31
5
8
7
4
27
5
5
9
11
15
29
6
13
7
21
11
12
7
13
18
49
11
4
36
18
4
7
6
8
9
3
4
4
8
6
12
8
3
4
9
5
40
22
3
9
26
12
11
133
26
20
45
17
60
11
9
7
34
12
12
49
32
30
12
7
25
24
26
9
6
10
10
10
12
4
10
4
13
28
22
4
22
32
8
40
14
38
4
23
6
7
24
19
25
14
12
17
9
11
4
8
23
12
10
8
10
11
40
29
12
2
7
32
10
14
6
5
5
6
16
9
35
9
27
8
7
12
25
15
21
12
7
9
29
18
5
22
13
5
35
7
21
10
5
3
14
4
29
3
15
18
8
10
28
18
43
74
21
11
38
11
6
4
9
6
12
20
17
9
7
9
7
9
12
6
13
22
81
3
4
5
7
12
6
24
12
26
14
8
6
2
30
21
13
12
26
10
15
4
5
3
24
13
12
16
8
7
37
37
19
11
9
18
39
24
33
13
22
5
25
7
9
28
16
53
13
53
21
4
13
13
8
13
7
23
19
8
13
33
17
38
7
9
20
32
12
24
26
6
15
7
17
16
15
9
11
12
26
7
8
11
60
30
5
5
23
14
20
5
5
69
8
14
15
13
16
8
44
38
12
60
8
8
8
32
10
16
20
6
10
6
9
12
14
40
8
5
14
8
6
9
24
12
51
22
73
5
5
13
10
77
11
9
13
5
9
22
31
30
5
7
12
12
20
9
24
4
24
53
11
12
10
22
27
8
5
8
74
11
19
13
12
8
6
9
29
11
35
3
17
22
7
9
13
16
9
39
6
20
6
6
53
14
3
7
7
4
12
16
15
8
6
7
8
4
10
12
13
14
4
19
29
5
7
6
17
4
10
9
10
9
11
12
4
7
5
6
3
10
8
8
13
5
8
11
37
14
15
8
18
22
9
39
10
5
18
4
5
31
7
20
12
3
14
15
14
19
24
4
10
22
34
24
11
8
13
40
10
17
5
4
10
21
14
5
21
6
7
3
5
8
6
16
15
5
5
63
8
11
6
17
6
12
9
9
20
14
20
13
13
3
22
16
14
5
9
19
5
40
8
10
8
26
6
45
4
5
12
4
25
18
12
34
7
6
11
16
4
16
9
12
6
77
17
17
10
7
7
19
4
28
8
13
8
19
7
33
23
10
8
8
6
145
5
40
8
9
8
6
40
14
16
16
14
12
15
33
3
7
12
4
5
26
12
12
19
4
17
19
6
23
9
14
8
4
17
11
4
4
13
2
9
7
6
9
75
17
4
17
13
28
7
21
25
18
3
19
7
9
83
4
5
89
14
30
9
17
5
8
14
19
26
5
22
32
20
32
8
16
5
14
13
5
6
10
10
44
8
19
7
14
2
10
12
8
9
17
11
5
7
7
5
45
43
6
5
15
24
13
17
6
11
38
16
3
3
10
18
7